                                                                               Turning                                      Movement                                                     Count                                Report                                   -      Cars                         &           Trucks
   INT            ID                                    ROAD 1                                                                                                ROAD 2                                                                        ROAD 3                                 ROAD 4                                    COMMUNITY                                                       TMC DATE
         10                          10TH STREET                                              NE                              MARYLAND AVENUE NE                                                                                                                                                                                                     -                                          1/5/2016
                                   CARS
                                   NB                                                                                       EB                                                                                        SB                                                                                        WB
          Start                     Left            Thru              Right               Ped                NB              Left           Thru               Right               Ped                 EB              Left           Thru               Right               Ped                 SB               Left             Thru               Right                Ped                WB                Interval
        Time                                                                                              Total                                                                                     Total                                                                                     Total                                                                                         Total                    Total
   7:00             AM                   3             15                    3                 1              21                 2              37                   1                  0               40                 0                5                  1                  1                 6                 6              209                    0                  1              215                      282
   7:15             AM                   9             20                    5                 1              34                 1              42                   1                  1               44                 3              12                   3                  2               18                  6              218                    0                  2              224                      320
   7:30             AM                12               21                    2                 0              35                 2              25                   1                  2               28                 1              11                   5                  3               17                  4              228                    2                  1              234                      314
   7:45             AM                16               18                    4                 2              38                 2              47                   0                  0               49                 1              13                   8                  3               22                  3              232                    0                  2              235                      344
   8:00             AM                13               37                    4                 2              54                 3              42                   1                  4               46                 1              19                   3                  4               23                13               209                    2                  3              224                      347
   8:15             AM                24               42                    4                 2              70                 9              47                   0                  5               56                 1              23                   7                16                31                  8              241                    0                  4              249                      406
   8:30             AM                18               21                    2                 5              41                 5              50                   1                  3               56                 0              27                   6                  5               33                  7              197                    0                  3              204                      334
   8:45             AM                13               26                    3                 4              42                 2              45                   7                  0               54                 1              20                   3                  4               24                  6              154                    2                  1              162                      282
   9:00             AM                11               12                    3                 1              26                 0              38                   2                  0               40                 1              15                   6                  1               22                  8              103                    0                  2              111                      199
   9:15             AM                   6             10                    9                 1              25                 4              45                   1                  1               50                 1              17                   8                  2               26                  3              125                    0                  1              128                      229
   9:30             AM                   5             22                    5                 3              32                 5              62                   2                  2               69                 1              13                   3                  1               17                  6              139                    0                  2              145                      263
   9:45             AM                   3             16                    3                 2              22                 2              54                   1                  1               57                 0              12                   1                  1               13                  4              122                    0                  1              126                      218
 12:00                 PM                1             15                    4                 7              20                 0              47                   1                  2               48                 1              12                   3                  0               16                  0                45                   0                  3                45                     129
 12:15                 PM                2             13                    6                 4              21                 1              64                   2                  3               67                 2                5                  2                  1                 9                 3                49                   0                  2                52                     149
 12:30                 PM                1               8                   8                 1              17                 0              39                   2                  4               41                 1              14                   0                  1               15                  1                69                   2                  1                72                     145
 12:45                 PM                1             13                    3                 5              17                 0              72                   4                  0               76                 4              17                   0                  2               21                  6                56                   1                  2                63                     177
   1:00              PM                  3               8                   3                 1              14                 1              50                   3                  0               54                 3                8                  4                  0               15                  4                54                   2                  3                60                     143
   1:15              PM                  1              11                   7                 0              19                 2              52                   3                  1               57                 1                8                  3                  2               12                  4                58                   0                  0                62                     150
   1:30              PM                  1               7                   4                 1              12                 3              69                   2                  1               74                 0              10                   3                  0               13                  2                68                   1                  1                71                     170
   1:45              PM                  1             10                    3                 1              14                 1              62                   0                  0               63                 0                8                  3                  2               11                  2                64                   1                  1                67                     155
   4:00              PM                  3             25                    8                 2              36                 4           125                     3                  0             132                  3              16                   2                  4               21                  5                48                   0                  0                53                     242
   4:15              PM                  3             19                    4                 3              26                 5              97                   3                  0             105                  4              36                   5                  2               45                  3                52                   0                  1                55                     231
   4:30              PM                  0             15                    7                 3              22                 1           102                     3                  0             106                  5              21                   5                  3               31                  3                46                   0                  4                49                     208
   4:45              PM                  3               7                   7                 1              17                 2            114                  18                   1             134                  3              19                   5                  9               27                  6                56                   1                  1                63                     241
   5:00              PM                  1               9                12                   0              22                 3           140                     3                  3             146                  3              32                   3                  2               38                  7                49                   1                  3                57                     263
   5:15              PM                  1             13                    8                 0              22                 4            117                    2                  0             123                  2              36                   3                  2               41                  3                59                   0                  1                62                     248
   5:30              PM                  4               8                   1                 0              13                 2           127                     3                  2             132                  7              46                   3                  7               56                  3                53                   0                  0                56                     257
   5:45              PM                  1             14                    9                 5              24                 5           153                     4                  0             162                  2              36                   3                  5               41                  6                52                   2                  0                60                     287
   6:00              PM                  0             14                    1                 3              15                 5           165                     5                  2             175                  5              44                   4                  4               53                  5                54                   0                  4                59                     302
   6:15              PM                  3              11                   6                 1              20                 5           146                     2                  1             153                  5              43                   4                  1               52                  5                50                   1                  1                56                     281
   6:30              PM                  3             14                    6                 1              23                 3           148                     6                  1             157                  6              37                   1                  1               44                  5                46                   1                  2                52                     276
   6:45              PM                  2             12                    4                 1              18                 1           136                     4                  1             141                  2              32                   1                  1               35                  4                35                   2                  1                41                     235
         Total                      168              506                158                 64              832                85          2559                    91                 41           2735                  70            667                  111                 92              848               151              3240                   21                 54            3412                      7827
      App             %            20.2             60.8               19.0                7.7                                3.1            93.6                 3.3               1.5                                 8.3            78.7               13.1              10.8                                   4.4             95.0                   0.6               1.6
     Total              %            2.1              6.5                2.0               0.8             10.6               1.1            32.7                 1.2               0.5             34.9                0.9              8.5                1.4               1.2             10.8                 1.9             41.4                   0.3               0.7             43.6
   INT            ID                                    ROAD 1                                                                                                ROAD 2                                                                        ROAD 3                                 ROAD 4                                    COMMUNITY                                                       TMC DATE
         10                          10TH STREET                                              NE                              MARYLAND AVENUE NE                                                                                                                                                                                                     -                                          1/5/2016
                                  TRUCKS
                                  NB                                                                                        EB                                                                                    SB                                                                                                 WB
         Start                     Left           Thru             Right                 Ped                  NB             Left          Thru             Right                Ped               EB              Left          Thru              Right                     Ped                      SB               Left            Thru              Right               Ped                WB               Interval
        Time                                                                                              Total                                                                                 Total                                                                                             Total                                                                                      Total                   Total
  7:00             AM                  0               0                 0                   1                  0                0               1                 0                 0                1                0               0                   0                      1                      0                 0                3                   0                 1                3                        4
  7:15             AM                  0               0                 0                   1                  0                0               0                 0                 1                0                0               0                   0                      2                      0                 1                2                   0                 2                3                        3
  7:30             AM                  0               1                 0                   0                  1                0               1                 0                 2                1                0               1                   0                      3                      1                 0                7                   0                 1                7                      10
  7:45             AM                  0               0                 0                   2                  0                0               1                 0                 0                1                0               0                   0                      3                      0                 0                5                   0                 2                5                        6
  8:00             AM                  0               1                 1                   2                  2                0               2                 0                 4                2                0               0                   0                      4                      0                 1                7                   0                 3                8                      12
  8:15             AM                  0               0                 0                   2                  0                0               0                 0                 5                0                0               0                   0                   16                        0                 0                6                   0                 4                6                        6
  8:30             AM                  1               1                 0                   5                  2                0               2                 0                 3                2                0               0                   0                      5                      0                 0                5                   0                 3                5                        9
  8:45             AM                  0               0                 1                   4                  1                0               4                 1                 0                5                0               1                   0                      4                      1                 0                1                   0                 1                1                        8
  9:00             AM                  0               0                 0                   1                  0                0               1                 0                 0                1                0               2                   0                      1                      2                 0                6                   0                 2                6                        9
  9:15             AM                  0               0                 0                   1                  0                0               1                 0                 1                1                0               1                   0                      2                      1                 0                1                   0                 1                1                        3
  9:30             AM                  0               0                 0                   3                  0                0               7                 0                 2                7                0               0                   0                      1                      0                 0                4                   0                 2                4                      11
  9:45             AM                  0               0                 0                   2                  0                0               3                 0                 1                3                0               1                   0                      1                      1                 0                1                   0                 1                1                        5
12:00                 PM               0               0                 0                   7                  0                0               2                 0                 2                2                0               1                   0                      0                      1                 0                2                   0                 3                2                        5
12:15                 PM               0               0                 0                   4                  0                0               4                 0                 3                4                0               0                   0                      1                      0                 0                3                   0                 2                3                        7
12:30                 PM               0               0                 0                   1                  0                1               1                 0                 4                2                0               0                   0                      1                      0                 0                3                   0                 1                3                        5
12:45                 PM               0               0                 0                   5                  0                0               1                 0                 0                1                0               0                   0                      2                      0                 0                0                   0                 2                0                        1
  1:00              PM                 0               0                 0                   1                  0                0               2                 0                 0                2                0               0                   0                      0                      0                 0                0                   0                 3                0                        2
  1:15              PM                 0               1                 0                   0                  1                0               2                 0                 1                2                0               0                   0                      2                      0                 0                3                   0                 0                3                        6
  1:30              PM                 0               0                 0                   1                  0                0               2                 0                 1                2                0               0                   1                      0                      1                 0                2                   0                 1                2                        5
  1:45              PM                 0               0                 0                   1                  0                0               2                 0                 0                2                0               0                   0                      2                      0                 0                1                   0                 1                1                        3
  4:00              PM                 0               0                 0                   2                  0                0               2                 0                 0                2                0               0                   0                      4                      0                 0                4                   0                 0                4                        6
  4:15              PM                 0               0                 0                   3                  0                0               0                 0                 0                0                0               1                   0                      2                      1                 0                3                   0                 1                3                        4
  4:30              PM                 0               1                 0                   3                  1                0               2                 0                 0                2                0               0                   0                      3                      0                 0                3                   0                 4                3                        6
  4:45              PM                 0               0                 0                   1                  0                0               0                 0                 1                0                0               0                   0                      9                      0                 0                3                   0                 1                3                        3
  5:00              PM                 0               0                 0                   0                  0                0               1                 0                 3                1                0               0                   0                      2                      0                 0                0                   0                 3                0                        1
  5:15              PM                 0               0                 0                   0                  0                0               1                 0                 0                1                0               0                   0                      2                      0                 0                1                   0                 1                1                        2
  5:30              PM                 0               0                 0                   0                  0                0               1                 0                 2                1                0               0                   0                      7                      0                 0                1                   0                 0                1                        2
  5:45              PM                 0               0                 0                   5                  0                0               4                 1                 0                5                0               0                   0                      5                      0                 0                3                   0                 0                3                        8
  6:00              PM                 0               0                 0                   3                  0                0               4                 0                 2                4                0               0                   0                      4                      0                 0                3                   0                 4                3                        7
  6:15              PM                 0               0                 0                   1                  0                0               0                 0                 1                0                0               0                   0                      1                      0                 0                2                   0                 1                2                        2
  6:30              PM                 0               0                 0                   1                  0                0               2                 0                 1                2                0               0                   0                      1                      0                 0                1                   0                 2                1                        3
  6:45              PM                 0               0                 0                   1                  0                0               1                 0                 1                1                0               0                   0                      1                      0                 0                1                   0                 1                1                        2
        Total                          1               5                 2                 64                   8                1             57                  2               41               60                 0               8                   1                   92                        9                 2              87                    0               54               89                    166
      App             %           12.562.5                          25.0              800.0                                  1.7           95.0                 3.3             68.3                                0.0           88.9                11.1             1,022.2                                          2.2            97.8                 0.0             60.7
    Total              %            0.6             3.0                1.2              38.6                 4.8             0.6           34.3                 1.2             24.7             36.1               0.0             4.8                0.6                   55.4                     5.4               1.2            52.4                 0.0             32.5              53.6
   INT            ID                                    ROAD 1                                                                                                ROAD 2                                                                        ROAD 3                                 ROAD 4                                    COMMUNITY                                                       TMC DATE
         10                          10TH STREET                                              NE                              MARYLAND AVENUE NE                                                                                                                                                                                                     -                                          1/5/2016
