                                                                               Turning                                      Movement                                                     Count                                Report                                   -      Cars                         &           Trucks
 INT            ID                                                        ROAD 1                                                                                                            ROAD 2                                                              ROAD 3                            ROAD 4                             COMMUNITY                                                 TMC DATE
     101                       NORTH CAPITOL                                                        STREET                           NW                       RANDOLPH PLACE NW                                                                                                                                                                              -                               12/15/2015
                               CARS
                               NB                                                                                        EB                                                                                         SB                                                                                         WB
        Start                   Left           Thru               Right               Ped                 NB               Left           Thru               Right               Ped                 EB              Left            Thru              Right                Ped                 SB               Left             Thru               Right                Ped                WB                 Interval
       Time                                                                                            Total                                                                                     Total                                                                                       Total                                                                                        Total                     Total
 7:00             AM                0            281                    4                  6             285                   5                1                  1                  2                 7                1            452                     7                 1              460                   0                  0                  0                  8                  0                    752
 7:15             AM                1            284                    1                  0             286                   5                2                  0                  0                 7                0            456                     8                 2              464                   0                  0                  0                  2                  0                    757
 7:30             AM                0            228                    3                  0             231                   1                2                  1                10                  4                3            408                     9                 1              420                   0                  0                  0                  2                  0                    655
 7:45             AM                0            275                    0                  3             275                   5                1                  1                  6                 7                1            461                     4                 0              466                   0                  0                  0                  6                  0                    748
 8:00             AM                4            258                    1                  1             263                   2                0                  0                  0                 2                2            415                     4                 4              421                   0                  0                  0                  2                  0                    686
 8:15             AM                0            258                    1                  2             259                   4                2                  0                  1                 6                0            513                     6                 2              519                   0                  0                  0                  2                  0                    784
 8:30             AM                3            219                    0                  0             222                   1                0                  0                  3                 1                3            380                     8                 1              391                   0                  0                  0                  2                  0                    614
 8:45             AM                6            223                    6                  2             235                   4                1                  1                  5                 6                2            290                   13                  1              305                   0                  0                  0                  1                  0                    546
 9:00             AM                2            213                    0                  0             215                   3                0                  1                  3                 4                9            291                     5                 0              305                   0                  0                  0                  0                  0                    524
 9:15             AM                1            193                    1                  0             195                   2                3                  1                  1                 6                8            266                     8                 0              282                   0                  0                  0                  2                  0                    483
 9:30             AM                2            185                    0                  3             187                   0                0                  1                  3                 1                9            254                     3                 3              266                   0                  0                  0                  3                  0                    454
 9:45             AM                1            161                    0                  1             162                   2                0                  0                  2                 2                6              71                    7                 6                84                  0                  0                  0                  2                  0                    248
 4:00             PM                7            401                    3                  6             411                   4                4                  0                  6                 8                9            290                   17                  3              316                   0                  0                  0                  8                  0                    735
 4:15             PM                1            404                    2                  3             407                   4                1                  1                  2                 6              13             312                   14                  3              339                   0                  0                  0                  8                  0                    752
 4:30             PM                4            387                    4                  2             395                   5                3                  4                  8               12                 9            233                   12                  7              254                   0                  0                  0                  9                  0                    661
 4:45             PM                4            466                    5                  3             475                   9                2                  4                  4               15                 6            328                     8                 6              342                   0                  0                  0                10                   0                    832
 5:00             PM                4            450                    3                  6             457                   2                3                  0                  7                 5                8            262                     4                 0              274                   0                  0                  0                  8                  0                    736
 5:15             PM                1            408                    4                  5             413                   8                4                  1                  6               13               12             264                     4                 9              280                   0                  0                  0                13                   0                    706
 5:30             PM                0            417                    1                  4             418                   5                4                  3                  5               12                 3            285                   10                  7              298                   0                  0                  0                 11                  0                    728
 5:45             PM                1            333                    1                10              335                   9                4                  0                  2               13                 7            291                   10                 11              308                   0                  0                  0                12                   0                    656
 6:00             PM                1            408                    1                  2             410                   2                0                  1                  3                 3                3            292                     7                 4              302                   0                  0                  0                 11                  0                    715
 6:15             PM                1            292                    2                  2             295                   2                2                  1                10                  5                4            274                     9                 6              287                   0                  0                  0                  4                  0                    587
 6:30             PM                0            237                    1                  5             238                   2                2                  1                  5                 5                1            200                     7                 7              208                   0                  0                  0                 11                  0                    451
 6:45             PM                0            240                    2                  2             242                   2                3                  1                  3                 6                3            240                     4                 4              247                   0                  0                  0                  4                  0                    495
       Total                      44          7221                    46                 68            7311                  88              44                  24                 97             156               122            7528                 188                  88            7838                     0                  0                  0              141                    0                15305
     App            %            0.6            98.8                 0.6               0.9                               56.4              28.2               15.4              62.2                                  1.6            96.0                  2.4               1.1                                  0.0               0.0                 0.0                0.0
   Total              %          0.3            47.2                 0.3               0.4             47.8                0.6               0.3                0.2               0.6               1.0               0.8            49.2                  1.2               0.6             51.2                 0.0               0.0                 0.0                0.9                0.0
 INT            ID                                                        ROAD 1                                                                                                            ROAD 2                                                              ROAD 3                            ROAD 4                             COMMUNITY                                                 TMC DATE
     101                       NORTH CAPITOL                                                        STREET                           NW                       RANDOLPH PLACE NW                                                                                                                                                                              -                               12/15/2015
                              TRUCKS
                              NB                                                                                      EB                                                                                                  SB                                                                                       WB
       Start                  Left           Thru              Right                Ped                NB              Left           Thru              Right                     Ped                      EB              Left           Thru              Right               Ped                 SB               Left            Thru               Right               Ped                WB                Interval
      Time                                                                                         Total                                                                                                Total                                                                                   Total                                                                                       Total                    Total
7:00             AM                0             15                    0                 6              15                 0                0                  0                       2                      0                0              13                   1                 1              14                   0                0                   0                  8                 0                     29
7:15             AM                0               4                   0                 0                4                0                0                  0                       0                      0                0              16                   0                 2              16                   0                0                   0                  2                 0                     20
7:30             AM                0               9                   0                 0                9                0                0                  0                     10                       0                0              10                   0                 1              10                   0                0                   0                  2                 0                     19
7:45             AM                0             17                    0                 3              17                 0                0                  0                       6                      0                0              12                   0                 0              12                   0                0                   0                  6                 0                     29
8:00             AM                0             16                    0                 1              16                 0                0                  1                       0                      1                0              13                   2                 4              15                   0                0                   0                  2                 0                     32
8:15             AM                0               8                   0                 2                8                0                0                  0                       1                      0                0              11                   0                 2               11                  0                0                   0                  2                 0                     19
8:30             AM                0             16                    0                 0              16                 0                0                  0                       3                      0                0              11                   0                 1               11                  0                0                   0                  2                 0                     27
8:45             AM                0             19                    0                 2              19                 0                0                  0                       5                      0                0              14                   1                 1              15                   0                0                   0                  1                 0                     34
9:00             AM                0             10                    0                 0              10                 0                0                  0                       3                      0                0              15                   0                 0              15                   0                0                   0                  0                 0                     25
9:15             AM                0              11                   0                 0              11                 0                0                  0                       1                      0                0                9                  0                 0                9                  0                0                   0                  2                 0                     20
9:30             AM                0             12                    0                 3              12                 0                0                  0                       3                      0                0              14                   0                 3              14                   0                0                   0                  3                 0                     26
9:45             AM                0             13                    0                 1              13                 0                0                  0                       2                      0                0              11                   1                 6              12                   0                0                   0                  2                 0                     25
4:00             PM                0               6                   0                 6                6                0                0                  0                       6                      0                1                6                  0                 3                7                  0                0                   0                  8                 0                     13
4:15             PM                0               1                   0                 3                1                0                0                  0                       2                      0                0                4                  0                 3                4                  0                0                   0                  8                 0                       5
4:30             PM                0               6                   0                 2                6                0                0                  0                       8                      0                0                3                  0                 7                3                  0                0                   0                  9                 0                       9
4:45             PM                0               7                   1                 3                8                0                0                  0                       4                      0                1                5                  0                 6                6                  0                0                   0               10                   0                     14
5:00             PM                0               5                   0                 6                5                0                0                  0                       7                      0                0                0                  0                 0                0                  0                0                   0                  8                 0                       5
5:15             PM                0               2                   0                 5                2                0                0                  0                       6                      0                0                3                  0                 9                3                  0                0                   0               13                   0                       5
5:30             PM                0               5                   1                 4                6                0                0                  1                       5                      1                0                6                  0                 7                6                  0                0                   0               11                   0                     13
5:45             PM                0               4                   0              10                  4                0                0                  0                       2                      0                0                3                  0               11                 3                  0                0                   0               12                   0                       7
6:00             PM                0               2                   0                 2                2                0                0                  0                       3                      0                0                1                  0                 4                1                  0                0                   0               11                   0                       3
6:15             PM                0               3                   0                 2                3                0                0                  0                     10                       0                0                4                  0                 6                4                  0                0                   0                  4                 0                       7
6:30             PM                0               1                   0                 5                1                0                0                  0                       5                      0                0                1                  0                 7                1                  0                0                   0               11                   0                       2
6:45             PM                0               0                   0                 2                0                0                0                  0                       3                      0                0                0                  0                 4                0                  0                0                   0                  4                 0                       0
      Total                        0           192                     2              68              194                  0                0                  2                     97                       2                2           185                     5               88             192                    0                0                   0             141                    0                   388
    App            %            0.0           99.0                 1.0             35.1                                 0.0              0.0           100.0                4,850.0                                         1.0            96.4                 2.6            45.8                                   0.0               0.0                0.0               0.0
  Total              %          0.0           49.5                 0.5             17.5              50.0               0.0              0.0                0.5                  25.0                      0.5              0.5            47.7                 1.3            22.7              49.5                 0.0               0.0                0.0             36.3                0.0
 INT            ID                                                        ROAD 1                                                                                                            ROAD 2                                                              ROAD 3                            ROAD 4                             COMMUNITY                                                 TMC DATE
     101                       NORTH CAPITOL                                                        STREET                           NW                       RANDOLPH PLACE NW                                                                                                                                                                              -                               12/15/2015
