                                                                               Turning                                      Movement                                                     Count                                Report                                   -      Cars                         &           Trucks
  INT            ID                                           ROAD 1                                                                                                     ROAD 2                                                                   ROAD 3                               ROAD 4                                 COMMUNITY                                                     TMC DATE
     103                           EASTERN AVENUE NE                                                                                      BUNKER HILL                                             ROAD NE                                                                                                                                             -                                   12/28/2015
                                   CARS
                                   NB                                                                                       EB                                                                                        SB                                                                                        WB
          Start                     Left            Thru              Right               Ped                NB              Left           Thru               Right               Ped                 EB              Left           Thru               Right               Ped                 SB               Left              Thru              Right                Ped                WB                Interval
        Time                                                                                              Total                                                                                     Total                                                                                     Total                                                                                         Total                    Total
   7:00             AM                26               59                    3                 0              88                 0                2                  8                  3               10                 3              55                   1                  1               59                   5                 7                   3                 0                15                     172
   7:15             AM                11               75                    2                 1              88                 0                0                10                   1               10                 1              59                   3                  0               63                   3                 1                   6                 0                10                     171
   7:30             AM                23               67                    2                 1              92                 1                1                  4                  1                 6                1              71                   2                  0               74                   1               12                    5                 0                18                     190
   7:45             AM                15               65                    2                 0              82                 2                7                 11                  0               20                 1              67                   3                  1               71                   2                 6                   2                 0                10                     183
   8:00             AM                   9             38                    4                 0              51                 0                1                  8                  0                 9                0              47                   1                  1               48                   3                 2                   2                 0                  7                    115
   8:15             AM                   5             37                    2                 0              44                 0                2                  4                  0                 6                0              68                   0                  0               68                   2                 3                   3                 0                  8                    126
   8:30             AM                24               53                    0                 0              77                 1                3                 11                  0               15                 2              81                   1                  0               84                   1                 6                   1                 1                  8                    184
   8:45             AM                16               74                    1                 0              91                 2                7                14                   0               23                 1              96                   1                  0               98                   9                 2                   4                 0                15                     227
   9:00             AM                12               89                    0                 1            101                  0                4                12                   1               16                 1           109                     0                  1             110                    6                 3                   3                 0                12                     239
   9:15             AM                10               96                    1                 0            107                  2                3                  9                  0               14                 3            116                    1                  0             120                    4                 5                   4                 1                13                     254
   9:30             AM                34             106                     2                 0            142                  0                3                20                   3               23                 0           132                     2                  1             134                    6                 2                   2                 0                10                     309
   9:45             AM                17               67                    0                 0              84                 0                4                12                   0               16                 0            112                    2                  1             114                    3                 2                   1                 0                  6                    220
 11:00               AM               19               64                    5                 0              88                 2                3                16                   2               21                 2              82                   3                  0               87                   0                 5                   0                 1                  5                    201
 11:15               AM                  9             75                    1                 0              85                 1                5                15                   2               21                 2              80                   2                  0               84                   3                 3                   4                 0                10                     200
 11:30               AM                  8             74                    2                 0              84                 4                2                14                   0               20                 0              78                   4                  0               82                   7                 7                   0                 0                14                     200
 11:45               AM               19               67                    1                 0              87                 3                4                14                   0               21                 2              82                   1                  0               85                   1                 2                   1                 0                  4                    197
 12:00                 PM             10               95                    0                 0            105                  0                6                12                   0               18                 0              77                   1                  0               78                   2                 0                   0                 0                  2                    203
 12:15                 PM             13               94                    2                 0            109                  0                1                20                   1               21                 2              93                   0                  0               95                   1                 2                   0                 0                  3                    228
 12:30                 PM             14               98                    2                 0            114                  0                5                10                   5               15                 2           104                     1                  0             107                    2                 1                   0                 0                  3                    239
 12:45                 PM             11               70                    2                 0              83                 2                7                14                   2               23                 2              82                   0                  0               84                   0                 1                   3                 0                  4                    194
   1:00              PM               13               86                    2                 0            101                  0                2                  7                  0                 9                3              78                   3                  0               84                   3                 7                   4                 0                14                     208
   1:15              PM               12               92                    2                 0            106                  1                2                  5                  1                 8                2              78                   0                  0               80                   2                 3                   3                 0                  8                    202
   1:30              PM               24             100                     7                 0            131                  1                4                10                   0               15                 3              74                   1                  1               78                   5                 4                   3                 0                12                     236
   1:45              PM                  8            110                    3                 0            121                  0                4                17                   1               21                 2              88                   0                  0               90                   2                 4                   3                 0                  9                    241
   4:00              PM               10             102                     2                 0            114                  1              10                 19                   2               30                 5           133                     0                  0             138                    3                 2                   4                 2                  9                    291
   4:15              PM               14              112                    5                 0            131                  4              12                 20                   1               36                11           134                     2                  0             147                    0                 5                   4                 1                  9                    323
   4:30              PM               18              116                    4                 0            138                  1                9                12                   0               22                 8           128                     1                  0             137                    0                 4                   3                 0                  7                    304
   4:45              PM               10             105                     5                 0            120                  2              12                 23                   0               37                 7           123                     0                  0             130                    4                 3                   2                 0                  9                    296
   5:00              PM               12              118                    3                 0            133                  4                7                14                   1               25                 6           134                     3                  0             143                    8                 2                   5                 0                15                     316
   5:15              PM                  7           142                     3                 0            152                  1                7                18                   0               26                 7            112                    3                  0             122                    4                 3                   2                 0                  9                    309
   5:30              PM               15              117                    5                 0            137                  1              12                 15                   1               28               10             116                    4                  0             130                    0                 4                   2                 1                  6                    301
   5:45              PM               15               83                    4                 0            102                  5                9                17                   0               31                11           132                     1                  0             144                    5                 3                   6                 1                14                     291
   6:00              PM               14             105                     0                 0            119                  1                7                  8                  0               16                 4           121                     0                  0             125                    7                 3                   1                 0                11                     271
   6:15              PM               10               84                    2                 0              96                 2                3                20                   1               25                 4           105                     0                  0             109                    1                 6                   0                 1                  7                    237
   6:30              PM               12             122                     3                 0            137                  3                6                12                   0               21                 2            112                    3                  0             117                    2                 3                   0                 1                  5                    280
   6:45              PM               11               94                    2                 0            107                  1                5                  4                  0               10                 5              86                   2                  0               93                   7                 3                   2                 0                12                     222
         Total                      510            3151                   86                   3         3747                  48            181                 459                  29              688               115          3445                    52                   7          3612                  114               131                   88                10               333                    8380
      App             %            13.6             84.1                 2.3               0.1                                7.0            26.3               66.7                4.2                                 3.2            95.4                 1.4               0.2                                 34.2              39.3                26.4                3.0
     Total              %            6.1            37.6                 1.0               0.0             44.7               0.6              2.2                5.5               0.3               8.2               1.4            41.1                 0.6               0.1             43.1                  1.4               1.6                 1.1               0.1               4.0
  INT            ID                                           ROAD 1                                                                                                     ROAD 2                                                                   ROAD 3                               ROAD 4                                 COMMUNITY                                                     TMC DATE
     103                           EASTERN AVENUE NE                                                                                      BUNKER HILL                                             ROAD NE                                                                                                                                             -                                   12/28/2015
                                   TRUCKS
                                   NB                                                                                       EB                                                                                       SB                                                                                       WB
          Start                     Left            Thru              Right               Ped                NB               Left           Thru              Right               Ped                EB              Left           Thru              Right                Ped                SB               Left            Thru               Right                  Ped                  WB                Interval
        Time                                                                                              Total                                                                                    Total                                                                                   Total                                                                                             Total                   Total
   7:00             AM                   0               2                   0                 0                2                 1               0                   0                 3                1                0                7                  2                 1                 9                 0                 0                  0                    0                    0                     12
   7:15             AM                   2               5                   0                 1                7                 1               0                   0                 1                1                0                1                  2                 0                 3                 0                 0                  0                    0                    0                      11
   7:30             AM                   3               4                   1                 1                8                 0               0                   0                 1                0                0                5                  2                 0                 7                 0                 0                  0                    0                    0                     15
   7:45             AM                   0               2                   0                 0                2                 1               0                   1                 0                2                0                3                  1                 1                 4                 1                 0                  0                    0                    1                       9
   8:00             AM                   0               1                   1                 0                2                 1               0                   0                 0                1                0                1                  1                 1                 2                 0                 0                  0                    0                    0                       5
   8:15             AM                   0               6                   0                 0                6                 0               0                   2                 0                2                0                3                  1                 0                 4                 0                 0                  0                    0                    0                     12
   8:30             AM                   1               5                   0                 0                6                 1               0                   0                 0                1                0                3                  1                 0                 4                 0                 0                  0                    1                    0                      11
   8:45             AM                   0               7                   0                 0                7                 1               0                   0                 0                1                0                4                  2                 0                 6                 0                 0                  0                    0                    0                     14
   9:00             AM                   0               0                   0                 1                0                 0               0                   0                 1                0                0                0                  0                 1                 0                 0                 0                  0                    0                    0                       0
   9:15             AM                   0               0                   0                 0                0                 0               0                   0                 0                0                0                0                  0                 0                 0                 0                 0                  0                    1                    0                       0
   9:30             AM                   1               2                   0                 0                3                 1               0                   1                 3                2                0                7                  0                 1                 7                 0                 0                  0                    0                    0                     12
   9:45             AM                   0               5                   0                 0                5                 1               0                   1                 0                2                0                6                  1                 1                 7                 0                 0                  0                    0                    0                     14
 11:00               AM                  1               6                   0                 0                7                 1               0                   0                 2                1                0                3                  1                 0                 4                 0                 0                  0                    1                    0                     12
 11:15               AM                  0               0                   0                 0                0                 0               0                   1                 2                1                0                3                  0                 0                 3                 0                 0                  0                    0                    0                       4
 11:30               AM                  0               6                   0                 0                6                 0               0                   0                 0                0                0                9                  1                 0               10                  0                 0                  0                    0                    0                     16
 11:45               AM                  0               2                   0                 0                2                 1               1                   0                 0                2                0                3                  0                 0                 3                 0                 0                  0                    0                    0                       7
 12:00                 PM                1               3                   0                 0                4                 1               2                   1                 0                4                0                6                  1                 0                 7                 0                 0                  0                    0                    0                     15
 12:15                 PM                0               1                   0                 0                1                 0               0                   0                 1                0                0                6                  0                 0                 6                 0                 0                  0                    0                    0                       7
 12:30                 PM                0               5                   1                 0                6                 0               0                   0                 5                0                0                3                  1                 0                 4                 0                 0                  0                    0                    0                     10
 12:45                 PM                1               2                   0                 0                3                 0               1                   1                 2                2                0                2                  0                 0                 2                 1                 0                  0                    0                    1                       8
   1:00              PM                  0               3                   0                 0                3                 0               0                   0                 0                0                0                6                  1                 0                 7                 0                 0                  0                    0                    0                     10
   1:15              PM                  0               0                   0                 0                0                 0               0                   0                 1                0                0                0                  0                 0                 0                 0                 0                  0                    0                    0                       0
   1:30              PM                  1               5                   0                 0                6                 0               0                   0                 0                0                0                6                  1                 1                 7                 0                 0                  0                    0                    0                     13
   1:45              PM                  0               4                   0                 0                4                 0               0                   0                 1                0                0                1                  0                 0                 1                 0                 0                  0                    0                    0                       5
   4:00              PM                  1               4                   0                 0                5                 1               0                   0                 2                1                0                3                  1                 0                 4                 0                 0                  0                    2                    0                     10
   4:15              PM                  1               0                   0                 0                1                 0               0                   0                 1                0                0                3                  2                 0                 5                 0                 0                  0                    1                    0                       6
   4:30              PM                  0               1                   0                 0                1                 1               0                   0                 0                1                0                2                  1                 0                 3                 0                 0                  0                    0                    0                       5
   4:45              PM                  0               1                   0                 0                1                 1               0                   0                 0                1                0                3                  0                 0                 3                 0                 0                  0                    0                    0                       5
   5:00              PM                  0               0                   0                 0                0                 1               0                   0                 1                1                0                2                  1                 0                 3                 0                 0                  0                    0                    0                       4
   5:15              PM                  0               1                   0                 0                1                 1               0                   0                 0                1                0                3                  1                 0                 4                 0                 0                  0                    0                    0                       6
   5:30              PM                  1               1                   0                 0                2                 1               0                   0                 1                1                0                3                  1                 0                 4                 0                 0                  0                    1                    0                       7
   5:45              PM                  0               1                   0                 0                1                 1               0                   0                 0                1                0                1                  1                 0                 2                 0                 0                  1                    1                    1                       5
   6:00              PM                  1               1                   0                 0                2                 1               0                   0                 0                1                0                2                  1                 0                 3                 0                 0                  0                    0                    0                       6
   6:15              PM                  0               1                   0                 0                1                 2               0                   0                 1                2                0                2                  0                 0                 2                 0                 0                  0                    1                    0                       5
   6:30              PM                  0               1                   0                 0                1                 1               0                   0                 0                1                0                4                  1                 0                 5                 0                 0                  0                    1                    0                       7
   6:45              PM                  0               0                   0                 0                0                 1               0                   0                 0                1                0                1                  0                 0                 1                 0                 0                  0                    0                    0                       2
         Total                        15               88                    3                 3            106                 23                4                   8               29               35                 0            117                  29                  7            146                    2                 0                  1                  10                     3                   290
      App             %            14.2             83.0                 2.8               2.8                              65.7             11.4               22.9              82.9                                  0.0           80.1               19.9                4.8                               66.7                0.0              33.3               333.3
     Total              %            5.2            30.3                 1.0               1.0             36.6               7.9               1.4               2.8             10.0              12.1                0.0           40.3               10.0                2.4             50.3                0.7               0.0                0.3                  3.4                 1.0
  INT            ID                                           ROAD 1                                                                                                     ROAD 2                                                                   ROAD 3                               ROAD 4                                 COMMUNITY                                                     TMC DATE
     103                           EASTERN AVENUE NE                                                                                      BUNKER HILL                                             ROAD NE                                                                                                                                             -                                   12/28/2015
