                                                                               Turning                                      Movement                                                     Count                                Report                                   -      Cars                         &           Trucks
   INT            ID                                      ROAD 1                                                                                                ROAD 2                                                                      ROAD 3                                 ROAD 4                                    COMMUNITY                                                      TMC DATE
      107                             14TH STREET                                              NW                                 MADISON STREET                                                             NW                                                                                                                                      -                                       1/18/2016
                                   CARS
                                   NB                                                                                       EB                                                                                        SB                                                                                        WB
          Start                     Left            Thru              Right               Ped                NB              Left           Thru               Right               Ped                 EB              Left           Thru               Right               Ped                 SB               Left             Thru               Right                Ped                WB                Interval
         Time                                                                                             Total                                                                                     Total                                                                                     Total                                                                                        Total                    Total
   7:00             AM                   0             38                    0                 0              38                 1                2                  0                  0                 3                2              64                   1                  0               67                   0                 0                14                   0               14                      122
   7:15             AM                   0             42                    2                 3              44                 0                2                  1                  1                 3                3           103                     0                  1             106                    4               10                 16                   1               30                      183
   7:30             AM                   0             43                    0                 3              43                 0                1                  2                  0                 3                5           106                     0                  0             111                    4                 8                13                   0               25                      182
   7:45             AM                   1             51                    2                 2              54                 1                5                  3                  0                 9                7           132                     1                  1             140                    2               16                  11                  2               29                      232
   8:00             AM                   1             67                    0                 1              68                 0                1                  1                  0                 2                9           138                     1                  2             148                    3               10                 10                   0               23                      241
   8:15             AM                   0             56                    0                 1              56                 2                3                  0                  1                 5                4           122                     0                  0             126                    2                 7                13                   2               22                      209
   8:30             AM                   1             47                    1                 1              49                 0                2                  4                  0                 6               11            118                    0                  4             129                    4                 9                14                   2               27                      211
   8:45             AM                   2             41                    1                 3              44                 0                4                  2                  1                 6                3           104                     1                  0             108                    2                 6                  8                  2               16                      174
   9:00             AM                   0             50                    0                 1              50                 0                0                  0                  0                 0                6              83                   1                  1               90                   5                 5                  5                  0               15                      155
   9:15             AM                   2             37                    0                 4              39                 0                0                  0                  0                 0                3              71                   2                  0               76                   0                 6                  9                  0               15                      130
   9:30             AM                   2             31                    1                 1              34                 1                3                  1                  1                 5                0              61                   0                  0               61                   2                 6                  6                  1               14                      114
   9:45             AM                   1             53                    0                 0              54                 0                2                  0                  0                 2                5              67                   0                  0               72                   0                 4                  1                  0                  5                    133
  11:00               AM                 0             38                    0                 4              38                 1                1                  2                  1                 4                0              42                   2                  1               44                   0                 2                  1                  0                  3                      89
  11:15               AM                 0             33                    0                 0              33                 0                2                  0                  0                 2                3              48                   1                  2               52                   1                 2                  4                  0                  7                      94
  11:30               AM                 0             41                    1                 1              42                 0                1                  0                  0                 1                2              38                   2                  1               42                   1                 6                  1                  0                  8                      93
  11:45               AM                 0             62                    1                 2              63                 0                4                  2                  0                 6                1              50                   0                  0               51                   2                 3                  3                  0                  8                    128
 12:00                 PM                0             61                    0                 3              61                 0                2                  0                  0                 2                4              46                   1                  0               51                   1                 2                  2                  1                  5                    119
 12:15                 PM                1             56                    1                 1              58                 2                2                  1                  0                 5                1              40                   0                  2               41                   0                 1                  1                  0                  2                    106
 12:30                 PM                0             40                    0                 2              40                 0                1                  2                  0                 3                0              39                   2                  1               41                   0                 2                  4                  1                  6                      90
 12:45                 PM                0             38                    2                 0              40                 1                1                  1                  0                 3                1              24                   1                  1               26                   1                 2                  0                  0                  3                      72
   1:00              PM                  0             36                    0                 0              36                 0                1                  0                  0                 1                1              34                   2                  2               37                   0                 2                  5                  0                  7                      81
   1:15              PM                  1             41                    1                 3              43                 0                1                  0                  0                 1                3              41                   0                  1               44                   1                 0                  4                  0                  5                      93
   1:30              PM                  2             41                    1                 4              44                 1                5                  3                  3                 9                2              39                   0                  1               41                   0                 6                  2                  0                  8                    102
   1:45              PM                  0             42                    1                 2              43                 1                1                  1                  0                 3                3              39                   0                  1               42                   0                 1                  3                  0                  4                      92
   4:00              PM                  3             96                    1                 3            100                  0                3                  2                  2                 5                4              62                   1                  2               67                   1                 6                  8                  2               15                      187
   4:15              PM                  3             99                    5                 6            107                  0                2                  3                  2                 5                2              56                   0                  5               58                   4                 4                  8                  0               16                      186
   4:30              PM                  1             95                    4                 5            100                  0                2                  1                  1                 3                8              77                   2                  0               87                   3                 2                  7                  0               12                      202
   4:45              PM                  0             80                    0                 7              80                 2                7                  0                  2                 9                7              67                   1                  2               75                   1                 2                13                   1               16                      180
   5:00              PM                  2            116                    2                 2            120                  0                3                  3                  1                 6                9              98                   0                  1             107                    2                 3                12                   1               17                      250
   5:15              PM                  0            119                    2                 1            121                  1                8                  2                  2               11                 7              87                   1                  1               95                   1                 4                10                   0               15                      242
   5:30              PM                  0            113                    4                 6            117                  1                3                  1                  0                 5                6              78                   0                  1               84                   0                 4                10                   1               14                      220
   5:45              PM                  0           129                     3                 5            132                  0                1                  0                  0                 1                6              78                   0                  3               84                   1                 6                  6                  0               13                      230
   6:00              PM                  1             95                    2                 1              98                 0                2                  2                  1                 4                7              80                   1                  6               88                   0                 4                12                   1               16                      206
   6:15              PM                  0             95                    1                 4              96                 0                4                  2                  1                 6                9              87                   0                  2               96                   1                 3                  7                  0               11                      209
   6:30              PM                  0             76                    3                 2              79                 0                3                  0                  3                 3                6              57                   2                  0               65                   1                 2                  8                  0               11                      158
   6:45              PM                  1             81                    3                 0              85                 1                0                  2                  0                 3                5              55                   0                  0               60                   2                 1                 11                  0               14                      162
         Total                        25           2279                   45                84           2349                  16               85                 44                 23              145              155           2531                    26                 45           2712                   52              157                 262                  18              471                    5677
       App             %              1.1           97.0                 1.9               3.6                              11.0             58.6               30.3              15.9                                  5.7            93.3                 1.0               1.7                                 11.0             33.3                55.6                 3.8
     Total              %             0.4           40.1                 0.8               1.5             41.4               0.3              1.5                0.8               0.4               2.6               2.7            44.6                 0.5               0.8             47.8                  0.9              2.8                 4.6                0.3               8.3
   INT            ID                                      ROAD 1                                                                                                ROAD 2                                                                      ROAD 3                                 ROAD 4                                    COMMUNITY                                                      TMC DATE
      107                             14TH STREET                                              NW                                 MADISON STREET                                                             NW                                                                                                                                      -                                       1/18/2016
                                  TRUCKS
                                  NB                                                                                       EB                                                                                           SB                                                                                      WB
         Start                     Left            Thru              Right               Ped                NB              Left           Thru              Right                 Ped                   EB              Left          Thru              Right               Ped                 SB               Left            Thru              Right                 Ped                   WB               Interval
        Time                                                                                             Total                                                                                       Total                                                                                   Total                                                                                           Total                   Total
  7:00             AM                  0                0                   0                 0                0                0                0                  0                   0                   0                0               0                  0                 0                 0                 0                0                   0                   0                   0                        0
  7:15             AM                  0                8                   0                 3                8                0                0                  0                   1                   0                0               1                  0                 1                 1                 0                0                   0                   1                   0                        9
  7:30             AM                  0              10                    0                 3              10                 0                0                  0                   0                   0                0               3                  0                 0                 3                 0                0                   0                   0                   0                      13
  7:45             AM                  0              13                    0                 2              13                 0                0                  0                   0                   0                0               3                  0                 1                 3                 0                0                   0                   2                   0                      16
  8:00             AM                  0              12                    0                 1              12                 0                0                  0                   0                   0                0               2                  0                 2                 2                 0                0                   0                   0                   0                      14
  8:15             AM                  0                0                   0                 1                0                0                0                  0                   1                   0                0               0                  0                 0                 0                 0                0                   0                   2                   0                        0
  8:30             AM                  0                8                   0                 1                8                0                0                  0                   0                   0                1               6                  0                 4                 7                 0                0                   0                   2                   0                      15
  8:45             AM                  0                8                   0                 3                8                0                0                  0                   1                   0                0               1                  0                 0                 1                 0                0                   0                   2                   0                        9
  9:00             AM                  0                2                   0                 1                2                0                0                  0                   0                   0                0               3                  0                 1                 3                 0                0                   0                   0                   0                        5
  9:15             AM                  0                4                   0                 4                4                0                0                  0                   0                   0                0               1                  0                 0                 1                 0                0                   0                   0                   0                        5
  9:30             AM                  0                2                   0                 1                2                0                0                  0                   1                   0                0               2                  0                 0                 2                 0                0                   0                   1                   0                        4
  9:45             AM                  0                2                   0                 0                2                0                0                  0                   0                   0                0               1                  0                 0                 1                 0                0                   0                   0                   0                        3
 11:00               AM                0                2                   0                 4                2                0                0                  0                   1                   0                0               2                  0                 1                 2                 0                0                   0                   0                   0                        4
 11:15               AM                0                1                   0                 0                1                0                0                  0                   0                   0                0               2                  0                 2                 2                 0                0                   1                   0                   1                        4
 11:30               AM                0                2                   0                 1                2                0                1                  1                   0                   2                0               1                  0                 1                 1                 0                0                   0                   0                   0                        5
 11:45               AM                0                1                   0                 2                1                0                0                  0                   0                   0                0               2                  0                 0                 2                 0                0                   0                   0                   0                        3
12:00                 PM               0                1                   0                 3                1                0                0                  0                   0                   0                0               1                  0                 0                 1                 0                0                   0                   1                   0                        2
12:15                 PM               0                2                   0                 1                2                0                0                  0                   0                   0                0               1                  0                 2                 1                 0                0                   0                   0                   0                        3
12:30                 PM               0                3                   0                 2                3                0                0                  0                   0                   0                1               2                  0                 1                 3                 0                0                   1                   1                   1                        7
12:45                 PM               0                2                   0                 0                2                0                0                  0                   0                   0                0               3                  0                 1                 3                 0                1                   0                   0                   1                        6
  1:00              PM                 0                4                   0                 0                4                0                0                  0                   0                   0                0               3                  0                 2                 3                 0                0                   0                   0                   0                        7
  1:15              PM                 0                3                   0                 3                3                0                0                  0                   0                   0                0               4                  0                 1                 4                 0                0                   0                   0                   0                        7
  1:30              PM                 0                4                   0                 4                4                0                0                  0                   3                   0                1               3                  0                 1                 4                 0                0                   0                   0                   0                        8
  1:45              PM                 0                3                   0                 2                3                0                0                  0                   0                   0                0               6                  1                 1                 7                 0                0                   0                   0                   0                      10
  4:00              PM                 0                5                   0                 3                5                1                1                  0                   2                   2                1               3                  0                 2                 4                 0                0                   0                   2                   0                      11
  4:15              PM                 0                5                   0                 6                5                0                0                  0                   2                   0                0               2                  0                 5                 2                 0                0                   0                   0                   0                        7
  4:30              PM                 0                4                   0                 5                4                0                0                  0                   1                   0                0               3                  0                 0                 3                 0                0                   0                   0                   0                        7
  4:45              PM                 0                5                   0                 7                5                0                0                  0                   2                   0                0               6                  0                 2                 6                 0                0                   0                   1                   0                      11
  5:00              PM                 0                6                   0                 2                6                0                0                  0                   1                   0                0               3                  0                 1                 3                 0                0                   0                   1                   0                        9
  5:15              PM                 0                7                   0                 1                7                0                0                  0                   2                   0                0               4                  0                 1                 4                 0                0                   0                   0                   0                      11
  5:30              PM                 0                2                   0                 6                2                0                0                  0                   0                   0                0               4                  0                 1                 4                 0                0                   0                   1                   0                        6
  5:45              PM                 0                5                   0                 5                5                0                0                  0                   0                   0                0               6                  0                 3                 6                 0                0                   0                   0                   0                      11
  6:00              PM                 0                4                   0                 1                4                0                0                  0                   1                   0                0               3                  1                 6                 4                 0                0                   0                   1                   0                        8
  6:15              PM                 0                5                   0                 4                5                0                0                  0                   1                   0                0               7                  0                 2                 7                 0                0                   0                   0                   0                      12
  6:30              PM                 0                2                   0                 2                2                0                0                  0                   3                   0                0               4                  0                 0                 4                 0                0                   1                   0                   1                        7
  6:45              PM                 0                2                   0                 0                2                0                0                  0                   0                   0                0               4                  0                 0                 4                 0                0                   0                   0                   0                        6
        Total                          0            149                     0              84              149                  1                2                  1                 23                    4                4           102                    2               45             108                    0                1                   3                 18                    4                   265
      App             %            0.0          100.0                    0.0             56.4                              25.0             50.0              25.0              575.0                                    3.7            94.4                 1.9             41.7                                  0.0            25.0               75.0              450.0
    Total              %           0.0            56.2                   0.0             31.7             56.2               0.4              0.8                0.4                 8.7                 1.5             1.5            38.5                 0.8             17.0              40.8                0.0               0.4               1.1                 6.8                  1.5
   INT            ID                                      ROAD 1                                                                                                ROAD 2                                                                      ROAD 3                                 ROAD 4                                    COMMUNITY                                                      TMC DATE
      107                             14TH STREET                                              NW                                 MADISON STREET                                                             NW                                                                                                                                      -                                       1/18/2016
