                                                                               Turning                                      Movement                                                     Count                                Report                                   -      Cars                         &           Trucks
   INT            ID                                      ROAD 1                                                                                                ROAD 2                                                                       ROAD 3                                 ROAD 4                                    COMMUNITY                                                      TMC DATE
       111                           13TH STREET                                              NW                                  EMERSON STREET                                                               NW                                                                                                                                    -                                          2/4/2016
                               CARS
                               NB                                                                                        EB                                                                                         SB                                                                                         WB
        Start                   Left           Thru               Right               Ped                 NB              Left            Thru               Right               Ped                 EB              Left            Thru              Right                Ped                 SB               Left             Thru               Right                Ped                WB                 Interval
       Time                                                                                            Total                                                                                     Total                                                                                       Total                                                                                        Total                     Total
 7:00             AM                0              28                   0                  0               28                 0                 8                  3                  0               11                 1             111                    0                 1              112                   4                19                   2                  1                25                     176
 7:15             AM                2              36                   0                  0               38                 1                 4                  3                  0                 8                1            133                     1                 1              135                   6                16                   1                  1                23                     204
 7:30             AM                5              40                   2                  4               47                 1              11                    5                  1               17                 0            119                     5                 3              124                   2                18                   4                  1                24                     212
 7:45             AM                5              47                   0                  0               52                 3              17                  12                   1               32                 0            174                     2                 1              176                   4                20                   3                  1                27                     287
 8:00             AM                5              56                   0                  2               61                 1              13                    5                  0               19                 1            143                     5                 2              149                   3                24                   5                  3                32                     261
 8:15             AM                6              68                   0                  2               74                 1              13                    8                  0               22                 1            157                     8                 4              166                   7                18                   1                  3                26                     288
 8:30             AM                4              57                   2                  0               63                 2              17                    8                  1               27                 2            129                     3                 2              134                   2                25                   1                  2                28                     252
 8:45             AM                2              55                   0                  1               57                 0              14                    2                  1               16                 0             111                    0                 2              111                   2                16                   4                  0                22                     206
 9:00             AM                1              35                   0                  0               36                 0              10                    3                  1               13                 0              95                    0                 2                95                  3                17                   3                  2                23                     167
 9:15             AM                0              41                   0                  0               41                 1              13                    2                  0               16                 2            104                     0                 0              106                   1                10                   1                  4                12                     175
 9:30             AM                2              48                   1                  0               51                 0                 9                  5                  0               14                 0              90                    1                 2                91                  2                13                   2                  2                17                     173
 9:45             AM                4              35                   1                  1               40                 1              14                    2                  1               17                 1              59                    2                 2                62                  1                  8                  0                  0                  9                    128
 4:00             PM                2            158                    2                  0             162                  2              10                    5                  1               17                 2              63                    2                 2                67                  1                12                   3                  3                16                     262
 4:15             PM                0            141                    0                  0             141                  2              11                    3                  1               16                 0              78                    1                 2                79                  1                20                   2                  0                23                     259
 4:30             PM                2            133                    0                  0             135                  0              11                    4                  2               15                 0              63                    1                 1                64                  3                22                   3                  0                28                     242
 4:45             PM                3            139                    0                  2             142                  0              15                    4                  1               19                 1              66                    2                 1                69                  1                14                   0                  0                15                     245
 5:00             PM                7            130                    0                  1             137                  4              12                    7                  1               23                 0              95                    0                 1                95                  2                18                   3                  0                23                     278
 5:15             PM                1            133                    0                  0             134                  3              20                    6                  0               29                 1              61                    1                 1                63                  1                18                   1                  0                20                     246
 5:30             PM                3            143                    0                  0             146                  3              14                    6                  0               23                 1              70                    2                 3                73                  0                14                   4                  1                18                     260
 5:45             PM                3            137                    0                  0             140                  4              29                    7                  0               40                 1              63                    1                 3                65                  1                13                   2                  1                16                     261
 6:00             PM                5            154                    0                  0             159                  4              25                    3                  0               32                 2              63                    2                 1                67                  0                13                   3                  0                16                     274
 6:15             PM                2            139                    0                  0             141                  4              19                    9                  1               32                 2              68                    1                 1                71                  1                15                   4                  0                20                     264
 6:30             PM                2            120                    0                  0             122                  1              22                    1                  0               24                 2              81                    2                 1                85                  0                12                   1                  3                13                     244
 6:45             PM                3              78                   0                  0               81                 2                 9                  1                  2               12                 0              45                    2                 0                47                  0                  6                  1                  0                  7                    147
       Total                      69          2151                      8                13            2228                 40             340                 114                  15             494                 21           2241                    44                39            2306                   48               381                  54                 28              483                     5511
     App            %            3.1            96.5                 0.4               0.6                                 8.1            68.8                23.1                3.0                                 0.9            97.2                  1.9               1.7                                  9.9             78.9                11.2                 5.8
   Total              %          1.3            39.0                 0.1               0.2             40.4                0.7              6.2                 2.1               0.3               9.0               0.4            40.7                  0.8               0.7             41.8                 0.9               6.9                 1.0                0.5                8.8
   INT            ID                                      ROAD 1                                                                                                ROAD 2                                                                       ROAD 3                                 ROAD 4                                    COMMUNITY                                                      TMC DATE
       111                           13TH STREET                                              NW                                  EMERSON STREET                                                               NW                                                                                                                                    -                                          2/4/2016
                             TRUCKS
                             NB                                                                                         EB                                                                                        SB                                                                                             WB
       Start                  Left           Thru              Right                 Ped                  NB             Left          Thru              Right                Ped                   EB             Left            Thru               Right                 Ped                   SB               Left            Thru              Right                 Ped                  WB               Interval
     Time                                                                                             Total                                                                                     Total                                                                                         Total                                                                                          Total                    Total
7:00             AM               0               0                   0                  0                   0               0               0                 0                   0                   0               0                 0                   0                   1                  0                  0                0                   0                   1                   0                       0
7:15             AM               0               0                   0                  0                   0               0               0                 0                   0                   0               0                 0                   0                   1                  0                  0                0                   0                   1                   0                       0
7:30             AM               0               0                   0                  4                   0               0               0                 0                   1                   0               0                 1                   0                   3                  1                  0                0                   0                   1                   0                       1
7:45             AM               0               0                   0                  0                   0               0               0                 0                   1                   0               0                 0                   0                   1                  0                  0                0                   0                   1                   0                       0
8:00             AM               0               0                   0                  2                   0               0               0                 1                   0                   1               0                 2                   0                   2                  2                  0                0                   0                   3                   0                       3
8:15             AM               0               0                   0                  2                   0               0               0                 1                   0                   1               0                 0                   0                   4                  0                  0                0                   0                   3                   0                       1
8:30             AM               0               0                   0                  0                   0               0               0                 0                   1                   0               0                 2                   0                   2                  2                  0                0                   0                   2                   0                       2
8:45             AM               0               0                   0                  1                   0               0               0                 0                   1                   0               0                 1                   0                   2                  1                  0                0                   0                   0                   0                       1
9:00             AM               0               0                   0                  0                   0               0               0                 1                   1                   1               0                 1                   0                   2                  1                  0                0                   1                   2                   1                       3
9:15             AM               0               0                   0                  0                   0               0               0                 0                   0                   0               0                 2                   0                   0                  2                  0                1                   0                   4                   1                       3
9:30             AM               0               1                   0                  0                   1               0               0                 0                   0                   0               0                 4                   0                   2                  4                  0                0                   0                   2                   0                       5
9:45             AM               0               2                   0                  1                   2               0               0                 0                   1                   0               0                 0                   0                   2                  0                  0                1                   0                   0                   1                       3
4:00             PM               0               0                   0                  0                   0               0               0                 0                   1                   0               0                 0                   0                   2                  0                  0                0                   0                   3                   0                       0
4:15             PM               0               0                   0                  0                   0               0               0                 0                   1                   0               0                 1                   0                   2                  1                  0                0                   0                   0                   0                       1
4:30             PM               0               1                   0                  0                   1               0               0                 0                   2                   0               0                 1                   0                   1                  1                  0                0                   0                   0                   0                       2
4:45             PM               0               0                   0                  2                   0               0               0                 0                   1                   0               0                 0                   0                   1                  0                  0                0                   0                   0                   0                       0
5:00             PM               0               0                   0                  1                   0               0               0                 0                   1                   0               0                 0                   0                   1                  0                  0                0                   0                   0                   0                       0
5:15             PM               0               0                   0                  0                   0               0               0                 0                   0                   0               0                 1                   0                   1                  1                  0                0                   0                   0                   0                       1
5:30             PM               0               0                   0                  0                   0               0               0                 0                   0                   0               0                 3                   0                   3                  3                  0                0                   0                   1                   0                       3
5:45             PM               0               0                   0                  0                   0               0               0                 0                   0                   0               0                 0                   0                   3                  0                  0                0                   0                   1                   0                       0
6:00             PM               0               0                   0                  0                   0               0               0                 0                   0                   0               0                 0                   0                   1                  0                  0                0                   0                   0                   0                       0
6:15             PM               0               0                   0                  0                   0               0               0                 0                   1                   0               0                 1                   0                   1                  1                  0                0                   0                   0                   0                       1
6:30             PM               0               0                   0                  0                   0               0               0                 0                   0                   0               0                 0                   0                   1                  0                  0                0                   0                   3                   0                       0
6:45             PM               0               0                   0                  0                   0               0               0                 0                   2                   0               0                 0                   0                   0                  0                  0                0                   0                   0                   0                       0
      Total                       0               4                   0                13                    4               0               0                 3                 15                    3               0              20                     0                 39                 20                   0                2                   1                 28                    3                     30
   App             %          0.0          100.0                   0.0            325.0                                   0.0             0.0           100.0500.0                                                  0.0          100.0                   0.0             195.0                                      0.0            66.7               33.3              933.3
  Total              %        0.0            13.3                  0.0              43.3               13.3               0.0             0.0             10.0                50.0               10.0               0.0            66.7                  0.0             130.0                 66.7                 0.0               6.7               3.3               93.3                10.0
   INT            ID                                      ROAD 1                                                                                                ROAD 2                                                                       ROAD 3                                 ROAD 4                                    COMMUNITY                                                      TMC DATE
       111                           13TH STREET                                              NW                                  EMERSON STREET                                                               NW                                                                                                                                    -                                          2/4/2016
