                                                                               Turning                                      Movement                                                     Count                                Report                                   -      Cars                         &           Trucks
 INT            ID                                           ROAD 1                                                                                                                 ROAD 2                                                                            ROAD 3                           ROAD 4                             COMMUNITY                                              TMC DATE
     114                    FESSENDEN STREET                                                                    NW                    BROAD BRANCH TERRACE NW                                                                                                                                                                                                     -                                 2/4/2016
                               CARS
                               NB                                                                                        EB                                                                                        SB                                                                                          WB
        Start                   Left           Thru               Right               Ped                 NB              Left           Thru               Right               Ped                 EB               Left            Thru              Right                Ped                 SB               Left             Thru               Right                Ped                WB                 Interval
       Time                                                                                            Total                                                                                     Total                                                                                       Total                                                                                        Total                     Total
 7:00             AM                0                0                  0                  0                 0                0                2                  0                  0                 2                 0                0                   0                 0                  0                 0                11                   1                  6                12                        14
 7:15             AM                0                0                  0                  0                 0                0                3                  0                  0                 3                 1                0                   2                 0                  3                 0                  8                  1                  1                  9                       15
 7:30             AM                0                0                  0                  0                 0                0                3                  0                  0                 3                 6                0                   0                 0                  6                 0                  8                  1                  1                  9                       18
 7:45             AM                0                0                  0                  0                 0                0                2                  0                  0                 2                 4                0                   1                 1                  5                 0                  8                  1                  2                  9                       16
 8:00             AM                0                0                  0                  1                 0                1                9                  0                  0               10                  9                0                   1                 0                10                  0                  9                  3                  2                12                        32
 8:15             AM                0                0                  0                  1                 0                0                4                  0                  0                 4                 8                0                   0                 3                  8                 0                  9                  0                  1                  9                       21
 8:30             AM                0                0                  0                  2                 0                0                4                  0                  3                 4               13                 0                   1                 0                14                  0                13                   0                  4                13                        31
 8:45             AM                0                0                  0                  0                 0                0                4                  0                  0                 4                 7                0                   0                 0                  7                 0                  4                  1                  0                  5                       16
 9:00             AM                0                0                  0                  0                 0                0                4                  0                  0                 4                 1                0                   0                 0                  1                 0                  5                  1                  0                  6                       11
 9:15             AM                0                0                  0                  1                 0                1                5                  1                  1                 7                 1                0                   0                 2                  1                 0                  7                  0                  1                  7                       15
 9:30             AM                0                0                  0                  0                 0                0                7                  0                  0                 7                 0                0                   0                 0                  0                 0                  3                  0                  1                  3                       10
 9:45             AM                0                0                  0                  0                 0                0                5                  0                  0                 5                 2                0                   0                 0                  2                 0                10                   0                  1                10                        17
 4:00             PM                0                0                  0                  0                 0                1                8                  0                  0                 9                 2                0                   0                 0                  2                 0                  4                  0                  0                  4                       15
 4:15             PM                0                0                  0                  0                 0                1                6                  0                  0                 7                 2                0                   2                 0                  4                 0                  5                  1                  0                  6                       17
 4:30             PM                0                0                  0                  0                 0                0                3                  0                  2                 3                 1                0                   0                 0                  1                 0                  4                  1                  1                  5                         9
 4:45             PM                0                0                  0                  0                 0                0              11                   0                  0               11                  1                0                   1                 0                  2                 0                10                   0                  0                10                        23
 5:00             PM                0                0                  0                  0                 0                1              12                   0                  2               13                  0                0                   1                 0                  1                 0                  7                  2                  1                  9                       23
 5:15             PM                0                0                  0                  0                 0                0                5                  0                  0                 5                 0                0                   0                 0                  0                 0                  9                  0                  0                  9                       14
 5:30             PM                0                0                  0                  0                 0                0              12                   0                  0               12                  2                0                   1                 0                  3                 0                  5                  1                  0                  6                       21
 5:45             PM                0                0                  0                  0                 0                1                4                  0                  0                 5                 0                0                   1                 0                  1                 0                  6                  0                  0                  6                       12
 6:00             PM                0                0                  0                  0                 0                0              10                   0                  0               10                  2                0                   1                 0                  3                 0                  5                  1                  3                  6                       19
 6:15             PM                0                0                  0                  0                 0                1              11                   0                  0               12                  0                0                   0                 0                  0                 0                  9                  4                  0                13                        25
 6:30             PM                0                0                  0                  0                 0                0                6                  0                  0                 6                 0                0                   0                 0                  0                 0                  8                  3                  1                11                        17
 6:45             PM                0                0                  0                  0                 0                0                5                  0                  0                 5                 0                0                   0                 0                  0                 0                  7                  2                  0                  9                       14
       Total                        0                0                  0                  5                 0                7            145                    1                  8             153                 62                 0                 12                  6                74                  0              174                  24                 26              198                       425
     App            %            0.0              0.0                0.0               0.0                                 4.6            94.8                 0.7               5.2                               83.8                0.0               16.2                8.1                                  0.0             87.9                12.1               13.1
   Total              %          0.0              0.0                0.0               1.2               0.0               1.6            34.1                 0.2               1.9             36.0              14.6                0.0                 2.8               1.4             17.4                 0.0             40.9                  5.6                6.1              46.6
 INT            ID                                           ROAD 1                                                                                                                 ROAD 2                                                                            ROAD 3                           ROAD 4                             COMMUNITY                                              TMC DATE
     114                    FESSENDEN STREET                                                                    NW                    BROAD BRANCH TERRACE NW                                                                                                                                                                                                     -                                 2/4/2016
                              TRUCKS
                              NB                                                                                    EB                                                                                            SB                                                                                            WB
       Start                  Left           Thru             Right               Ped                NB              Left            Thru              Right                  Ped                  EB               Left           Thru              Right                 Ped                   SB               Left            Thru              Right                 Ped                   WB               Interval
      Time                                                                                       Total                                                                                          Total                                                                                        Total                                                                                           Total                   Total
7:00             AM                0              0                  0                0                 0                0                0                   0                    0                  0                 0                0                  0                   0                   0                 0                0                   0                   6                   0                        0
7:15             AM                0              0                  0                0                 0                0                0                   0                    0                  0                 1                0                  0                   0                   1                 0                0                   0                   1                   0                        1
7:30             AM                0              0                  0                0                 0                0                0                   0                    0                  0                 0                0                  0                   0                   0                 0                1                   0                   1                   1                        1
7:45             AM                0              0                  0                0                 0                0                0                   0                    0                  0                 0                0                  0                   1                   0                 0                0                   0                   2                   0                        0
8:00             AM                0              0                  0                1                 0                0                0                   0                    0                  0                 0                0                  0                   0                   0                 0                0                   0                   2                   0                        0
8:15             AM                0              0                  0                1                 0                0                0                   0                    0                  0                 0                0                  0                   3                   0                 0                0                   0                   1                   0                        0
8:30             AM                0              0                  0                2                 0                0                0                   0                    3                  0                 0                0                  0                   0                   0                 0                0                   0                   4                   0                        0
8:45             AM                0              0                  0                0                 0                0                1                   0                    0                  1                 0                0                  0                   0                   0                 0                0                   0                   0                   0                        1
9:00             AM                0              0                  0                0                 0                0                0                   0                    0                  0                 0                0                  0                   0                   0                 0                0                   0                   0                   0                        0
9:15             AM                0              0                  0                1                 0                0                0                   0                    1                  0                 0                0                  0                   2                   0                 0                1                   0                   1                   1                        1
9:30             AM                0              0                  0                0                 0                0                0                   0                    0                  0                 0                0                  1                   0                   1                 0                0                   0                   1                   0                        1
9:45             AM                0              0                  0                0                 0                0                0                   0                    0                  0                 0                0                  0                   0                   0                 0                0                   0                   1                   0                        0
4:00             PM                0              0                  0                0                 0                0                0                   0                    0                  0                 0                0                  0                   0                   0                 0                1                   1                   0                   2                        2
4:15             PM                0              0                  0                0                 0                0                0                   0                    0                  0                 1                0                  0                   0                   1                 0                1                   0                   0                   1                        2
4:30             PM                0              0                  0                0                 0                0                0                   0                    2                  0                 0                0                  0                   0                   0                 0                0                   0                   1                   0                        0
4:45             PM                0              0                  0                0                 0                0                0                   0                    0                  0                 0                0                  0                   0                   0                 0                0                   0                   0                   0                        0
5:00             PM                0              0                  0                0                 0                0                0                   0                    2                  0                 0                0                  0                   0                   0                 0                0                   0                   1                   0                        0
5:15             PM                0              0                  0                0                 0                0                0                   0                    0                  0                 0                0                  0                   0                   0                 0                0                   0                   0                   0                        0
5:30             PM                0              0                  0                0                 0                0                0                   0                    0                  0                 0                0                  0                   0                   0                 0                0                   0                   0                   0                        0
5:45             PM                0              0                  0                0                 0                0                0                   0                    0                  0                 0                0                  0                   0                   0                 0                0                   0                   0                   0                        0
6:00             PM                0              0                  0                0                 0                0                0                   0                    0                  0                 0                0                  0                   0                   0                 0                0                   0                   3                   0                        0
6:15             PM                0              0                  0                0                 0                0                0                   0                    0                  0                 0                0                  0                   0                   0                 0                0                   0                   0                   0                        0
6:30             PM                0              0                  0                0                 0                0                0                   0                    0                  0                 0                0                  0                   0                   0                 0                0                   0                   1                   0                        0
6:45             PM                0              0                  0                0                 0                0                0                   0                    0                  0                 0                0                  0                   0                   0                 0                0                   0                   0                   0                        0
      Total                        0              0                  0                5                 0                0                1                   0                    8                  1                 2                0                  1                   6                   3                 0                4                   1                 26                    5                        9
    App            %           0.0             0.0                0.0               0.0                              0.0          100.0                    0.0             800.0                                  66.7                0.0             33.3              200.0                                      0.0            80.0               20.0              520.0
  Total              %         0.0             0.0                0.0            55.6                0.0             0.0             11.1                  0.0               88.9                11.1             22.2                0.0              11.1               66.7                 33.3                0.0            44.4                11.1             288.9                 55.6
 INT            ID                                           ROAD 1                                                                                                                 ROAD 2                                                                            ROAD 3                           ROAD 4                             COMMUNITY                                              TMC DATE
     114                    FESSENDEN STREET                                                                    NW                    BROAD BRANCH TERRACE NW                                                                                                                                                                                                     -                                 2/4/2016
