                                                                               Turning                                      Movement                                                     Count                                Report                                   -      Cars                         &           Trucks
 INT            ID                                                      ROAD 1                                                                                            ROAD 2                                                                 ROAD 3                                              ROAD 4                             COMMUNITY                                               TMC DATE
     116                       SOUTH DAKOTA AVENUE NE                                                                                                     RIGGS                      ROAD NE                                    3RD STREET                                           NE                                                                        -                                 1/19/2016
                                   CARS
                                   NB                                                                                         EB                                                                                         SB                                                                                       WB
          Start                      Left             Thru              Right               Ped                NB              Left           Thru              Right               Ped                  EB                Left           Thru              Right               Ped                SB                Left           Thru               Right                Ped                WB                Interval
        Time                                                                                                Total                                                                                     Total                                                                                     Total                                                                                        Total                   Total
   7:00             AM               107                 74                  11                  0            192                  9              96                 66                  1              171                    2             40                  34                  1              76                   8            177                  10                   1              195                     634
   7:15             AM                112                67                  16                  7            195                  6            115                  65                  0              186                    4             65                  23                  6              92                 10             212                    1                  0              223                     696
   7:30             AM               105                 57                  20                  2            182                  6            103                121                   0              230                    4             44                  22                  8              70                 13             179                    4                  0              196                     678
   7:45             AM                 91                50                  22                  0            163                  5              82               117                   0              204                    7             53                  28                  6              88                 11             151                    3                  0              165                     620
   8:00             AM                 89                47                  17                  1            153                16               84                 98                  0              198                    2             25                  13                  6              40                 22             156                    2                  2              180                     571
   8:15             AM               123                 43                  11                  0            177                17               71                 82                  1              170                    6             36                  15                  5              57                 18             120                  13                   0              151                     555
   8:30             AM                111                51                  16                  3            178                17             110                  73                  1              200                    2             34                  14                  2              50                 19             154                    2                  0              175                     603
   8:45             AM                111                39                  11                  2            161                12             101                  79                  1              192                    3             43                  13                  3              59                 15             109                    4                  1              128                     540
   9:00             AM                110                35                  10                  0            155                  7            130                138                   0              275                    2             42                  12                  2              56                 17             129                    4                  0              150                     636
   9:15             AM               102                 28                  15                  0            145                  9            142                  68                  1              219                    1             36                  13                  2              50                 12             152                    5                  0              169                     583
   9:30             AM                 98                26                  12                  2            136                  8            168                  78                  0              254                    2             28                  10                  0              40                 27             156                    3                  1              186                     616
   9:45             AM                 91                21                    8                 1            120                  7            134                  88                  1              229                    3             26                    9                 1              38                 21             125                    2                  2              148                     535
 11:00               AM                81                39                  29                  3            149                15             117                  63                  0              195                    7             22                    5                 1              34                 12             106                    8                  0              126                     504
 11:15               AM                76                31                  16                  1            123                13             120                  76                  0              209                    5             32                  15                  4              52                 13             122                    9                  0              144                     528
 11:30               AM                73                50                  15                  4            138                15               99                 99                  0              213                    8             28                  15                  2              51                 20             123                    6                  0              149                     551
 11:45               AM                87                36                  13                  0            136                20             151                  66                  0              237                  12              28                  12                  5              52                 18             105                    5                  0              128                     553
 12:00                 PM             115                51                  22                  0            188                26             175                103                   0              304                    8             24                  14                  5              46                 10             143                    4                  0              157                     695
 12:15                 PM              75                32                  12                  1            119                15             132                  93                  0              240                    9             36                  10                  1              55                 21             100                    2                  1              123                     537
 12:30                 PM              88                36                  24                  0            148                12             168                  85                  0              265                    7             31                    6                 2              44                 25             116                    7                  5              148                     605
 12:45                 PM              79                49                  18                  1            146                13             201                112                   0              326                  16              36                  13                  9              65                 19             173                    5                  0              197                     734
   1:00              PM                91                48                  21                  3            160                16             202                131                   1              349                    9             34                    9               11               52                 15             196                    9                  4              220                     781
   1:15              PM                75                46                  25                  2            146                15             189                  96                  0              300                  14              34                    9                 6              57                 20             131                    7                  0              158                     661
   1:30              PM              120                 48                  25                  4            193                14             199                125                   0              338                  15              30                  14                  2              59                 41             134                    5                  0              180                     770
   1:45              PM                83                51                  21                  2            155                22             222                  91                  0              335                    9             44                  16                  4              69                 29             173                    9                  0              211                     770
   4:00              PM              153                 90                  33                  1            276                37             313                201                   0              551                  11              75                  16                10             102                  16             218                  12                   1              246                   1175
   4:15              PM              153                112                  48                  9            313                44             287                211                   0              542                  25              82                  39                  7            146                  31             179                  13                   2              223                  1224
   4:30              PM              136                 84                  32                  0            252                31             285                176                   0              492                  13              42                  18                  6              73                 24             174                    8                  0              206                  1023
   4:45              PM              129                 85                  36                  0            250                24             271                156                   6              451                  23              70                  36                14             129                  16             227                    8                  0              251                  1081
   5:00              PM              144                 72                  34                  2            250                39             331                135                   0              505                  14              62                  18                  6              94                 19             174                    7                  6              200                  1049
   5:15              PM              160               127                   32                  2            319                36             335                155                   0              526                  25              77                  24                  7            126                  24             224                  10                   0              258                  1229
   5:30              PM              144                 94                  32                  0            270                40             292                155                   0              487                  30              70                  24                  2            124                  22             267                    5                  0              294                   1175
   5:45              PM              120                111                  30                  0            261                39             267                121                   2              427                  21              76                  18                  6            115                  27             176                    7                  5              210                  1013
   6:00              PM              102                119                  22                  0            243                57             305                109                   0              471                  14              59                  17                  8              90                 10             192                  15                   0              217                  1021
   6:15              PM               115                77                    9                 0            201                21             278                101                   0              400                  12              81                  11                  9            104                  17             198                    8                  1              223                     928
   6:30              PM               111                37                  12                  0            160                46             189                  82                  0              317                  21              55                  34                  3            110                  21             118                  10                   0              149                     736
   6:45              PM              100                 72                  17                  2            189                35             300                108                   3              443                  32              88                  43                  0            163                  22             187                  17                   1              226                  1021
         Total                     38602135                               747                  55           6742               764           6764                3923                  18          11451                  398            1688                 642               172             2728                685             5776                 249                  33            6710                  27631
      App             %             57.3              31.7                11.1               0.8                                6.7            59.1               34.3                0.2                                14.6             61.9               23.5                6.3                               10.2              86.1                  3.7               0.5
     Total              %           14.0                7.7                2.7               0.2             24.4               2.8            24.5               14.2                0.1             41.4                 1.4              6.1                2.3               0.6               9.9               2.5             20.9                  0.9               0.1             24.3
 INT            ID                                                      ROAD 1                                                                                            ROAD 2                                                                 ROAD 3                                              ROAD 4                             COMMUNITY                                               TMC DATE
     116                       SOUTH DAKOTA AVENUE NE                                                                                                     RIGGS                      ROAD NE                                    3RD STREET                                           NE                                                                        -                                 1/19/2016
                                   TRUCKS
                                   NB                                                                                       EB                                                                                       SB                                                                                          WB
          Start                     Left            Thru              Right               Ped                NB              Left           Thru              Right               Ped                 EB              Left           Thru              Right                 Ped                   SB               Left            Thru               Right                Ped                WB                Interval
        Time                                                                                              Total                                                                                   Total                                                                                        Total                                                                                         Total                   Total
   7:00             AM                   0               0                   2                 0                2                0                0                  0                 1                0                 0               2                   0                   1                  2                  0                 7                  2                  1                  9                     13
   7:15             AM                   5               0                   2                 7                7                0                3                  1                 0                4                 0               2                   0                   6                  2                  0                 2                  0                  0                  2                     15
   7:30             AM                   4               0                   2                 2                6                1                6                  6                 0              13                  0               3                   0                   8                  3                  1               10                   1                  0                12                      34
   7:45             AM                   4               4                   4                 0              12                 1                3                  6                 0              10                  0               1                   0                   6                  1                  3                 6                  0                  0                  9                     32
   8:00             AM                   3               3                   4                 1              10                 1                2                  0                 0                3                 0               5                   0                   6                  5                  0                 3                  0                  2                  3                     21
   8:15             AM                   0               0                   0                 0                0                1                2                  1                 1                4                 0               0                   0                   5                  0                  0                 3                  0                  0                  3                       7
   8:30             AM                   0               0                   0                 3                0                0                0                  1                 1                1                 0               1                   0                   2                  1                  0                 2                  0                  0                  2                       4
   8:45             AM                   3               0                   0                 2                3                0                0                  0                 1                0                 0               1                   0                   3                  1                  0                 1                  0                  1                  1                       5
   9:00             AM                   0               0                   0                 0                0                1                6                  4                 0               11                 0               0                   0                   2                  0                  1                 3                  0                  0                  4                     15
   9:15             AM                   0               0                   0                 0                0                0                0                  0                 1                0                 0               0                   0                   2                  0                  0                 0                  0                  0                  0                       0
   9:30             AM                   0               0                   0                 2                0                0                3                  4                 0                7                 0               0                   0                   0                  0                  0                 4                  1                  1                  5                     12
   9:45             AM                   0               0                   0                 1                0                1                1                  6                 1                8                 0               0                   0                   1                  0                  2                 1                  1                  2                  4                     12
 11:00               AM                  1               1                   1                 3                3                2                4                  1                 0                7                 0               0                   0                   1                  0                  0                 5                  0                  0                  5                     15
 11:15               AM                  3               0                   2                 1                5                0                1                  0                 0                1                 0               2                   0                   4                  2                  2                 1                  0                  0                  3                      11
 11:30               AM                  3               5                   1                 4                9                1                0                  2                 0                3                 0               0                   0                   2                  0                  0                 1                  0                  0                  1                     13
 11:45               AM                  6               3                   0                 0                9                0                2                  8                 0              10                  0               1                   2                   5                  3                  0                 2                  0                  0                  2                     24
 12:00                 PM                4               2                   1                 0                7                2                0                  1                 0                3                 0               0                   0                   5                  0                  2                 4                  0                  0                  6                     16
 12:15                 PM                3               4                   6                 1              13                 2                0                  0                 0                2                 0               3                   0                   1                  3                  0                 0                  0                  1                  0                     18
 12:30                 PM                5               3                   0                 0                8                0                2                  0                 0                2                 0               0                   3                   2                  3                  2                 0                  0                  5                  2                     15
 12:45                 PM                2               2                   1                 1                5                0                0                  5                 0                5                 0               0                   1                   9                  1                  0                 0                  0                  0                  0                      11
   1:00              PM                  4               0                   3                 3                7                1                4                  8                 1              13                  1               0                   0                 11                   1                  0                 0                  0                  4                  0                     21
   1:15              PM                  0               1                   1                 2                2                1                3                  1                 0                5                 0               0                   0                   6                  0                  0                 2                  0                  0                  2                       9
   1:30              PM                  7               0                   0                 4                7                0                3                  0                 0                3                 0               0                   0                   2                  0                  3                 0                  0                  0                  3                     13
   1:45              PM                  0               0                   0                 2                0                2              11                   4                 0              17                  0               0                   0                   4                  0                  0                 5                  1                  0                  6                     23
   4:00              PM                  6               4                   2                 1              12                 0                7                  6                 0              13                  0               2                   0                 10                   2                  0               11                   0                  1                11                      38
   4:15              PM                  3               1                   3                 9                7                0                9                10                  0              19                  0               0                   0                   7                  0                  0                 7                  0                  2                  7                     33
   4:30              PM                  2               2                   4                 0                8                1                6                  6                 0              13                  0               3                   0                   6                  3                  0                 0                  0                  0                  0                     24
   4:45              PM                  2               4                   4                 0              10                 1                7                  2                 6              10                  0               0                   0                 14                   0                  0                 6                  0                  0                  6                     26
   5:00              PM                  0               0                   5                 2                5                0                4                  6                 0              10                  0               0                   0                   6                  0                  0                 6                  0                  6                  6                     21
   5:15              PM                  0               0                   0                 2                0                0                2                  3                 0                5                 0               0                   0                   7                  0                  0                 2                  0                  0                  2                       7
   5:30              PM                  1               0                   0                 0                1                0                0                  2                 0                2                 0               0                   0                   2                  0                  0                 1                  0                  0                  1                       4
   5:45              PM                  2               2                   0                 0                4                0                2                  3                 2                5                 0               0                   0                   6                  0                  0                 1                  0                  5                  1                     10
   6:00              PM                  0               0                   0                 0                0                0                0                  0                 0                0                 0               0                   0                   8                  0                  0                 0                  0                  0                  0                       0
   6:15              PM                  0               2                   5                 0                7                0                3                  9                 0              12                  0               0                   0                   9                  0                  0                 4                  0                  1                  4                     23
   6:30              PM                  0               0                   0                 0                0                0                0                  0                 0                0                 0               0                   0                   3                  0                  0                 0                  0                  0                  0                       0
   6:45              PM                  0               4                   2                 2                6                0                3                  3                 3                6                 0               0                   0                   0                  0                  0                 5                  0                  1                  5                     17
         Total                        73               47                 55                55              175                19               99               109                 18             227                   1             26                    6               172                  33                 16              105                    6                33               127                     562
      App             %            41.7             26.9               31.4              31.4                                 8.4            43.6              48.0                 7.9                                3.0           78.8               18.2              521.2                                   12.6              82.7                   4.7             26.0
     Total              %          13.0               8.4                9.8               9.8             31.1               3.4            17.6              19.4                 3.2            40.4                0.2             4.6                1.1               30.6                  5.9               2.8             18.7                   1.1               5.9             22.6
 INT            ID                                                      ROAD 1                                                                                            ROAD 2                                                                 ROAD 3                                              ROAD 4                             COMMUNITY                                               TMC DATE
     116                       SOUTH DAKOTA AVENUE NE                                                                                                     RIGGS                      ROAD NE                                    3RD STREET                                           NE                                                                        -                                 1/19/2016
