                                                                               Turning                                      Movement                                                     Count                                Report                                   -      Cars                         &           Trucks
   INT            ID                                               ROAD 1                                                                                               ROAD 2                                                            ROAD 3                                  ROAD 4                                    COMMUNITY                                                       TMC DATE
       117                              WOODLEY ROAD NW                                                                                             27TH STREET                                              NW                                                                                                                                     -                                        2/14/2016
                              CARS
                              NB                                                                                            EB                                                                                           SB                                                                                       WB
        Start                   Left           Thru              Right                  Ped                  NB              Left           Thru              Right                 Ped                   EB               Left           Thru              Right               Ped                SB                Left           Thru               Right                Ped                WB                Interval
      Time                                                                                                Total                                                                                       Total                                                                                     Total                                                                                        Total                   Total
 7:00             AM                1                0                  3                   5                   4                0              10                   2                 13                  12                  3               0                   1                 2                4                  1              16                   0                  2                17                      37
 7:15             AM                1                0                  6                   6                   7                0              10                   1                 17                  11                  7               0                   5                 1              12                   1              17                   0                  9                18                      48
 7:30             AM                1                0                  4                   3                   5                0              16                   1                 18                  17                  6               0                   4                 2              10                   1              32                   0                  0                33                      65
 7:45             AM                2                0                  3                 11                    5                0              23                   0                 32                  23                  4               0                   3                 1                7                  3              29                   0                15                 32                      67
 8:00             AM                3                0                  0                 24                    3                0              24                   1                 39                  25                12                1                   9               10               22                   3              28                   0                31                 31                      81
 8:15             AM                3                0                  1                 19                    4                0              27                   0                 37                  27                17                0                 21                  0              38                   0              22                   0                23                 22                      91
 8:30             AM                0                0                  4                 24                    4                0              37                   1                 59                  38                19                0                 19                  4              38                   0              30                   0                 11                30                     110
 8:45             AM                1                0                  2                 16                    3                0              23                   2                 28                  25                  7               0                   8                 2              15                   0              21                   0                17                 21                      64
 9:00             AM                1                0                  3                 10                    4                0              18                   1                 32                  19                  9               0                   6                 0              15                   2              19                   0                10                 21                      59
 9:15             AM                0                0                  3                   3                   3                0              18                   2                 18                  20                  2               0                   2                 0                4                  1              13                   0                  4                14                      41
 9:30             AM                2                0                  3                   4                   5                0              23                   1                 12                  24                  7               0                   3                 2              10                   2              21                   0                  2                23                      62
 9:45             AM                2                0                  5                   3                   7                0              16                   2                 10                  18                  8               0                   2                 2              10                   2                9                  0                  1                11                      46
 3:00             PM                0                0                  3                 25                    3                0              23                   3                 14                  26                10                0                 12                  5              22                   2              17                   0                19                 19                      70
 3:15             PM                3                0                  1                 13                    4                0              19                   4                 26                  23                  5               0                   2                 0                7                  3              17                   0                 11                20                      54
 3:30             PM                3                0                  6                 29                    9                0              17                   0                 27                  17                  8               0                   6                 3              14                   9              12                   0                32                 21                      61
 3:45             PM                0                0                  3                   8                   3                0              19                   1                 16                  20                  3               0                   2                 2                5                  0              19                   0                  7                19                      47
 4:00             PM                3                0                  2                 10                    5                0              10                   1                 14                  11                  2               1                   4                 0                7                  3              20                   0                10                 23                      46
 4:15             PM                0                0                  0                 12                    0                0              11                   2                 22                  13                  3               1                   5                 1                9                  4              20                   0                  7                24                      46
 4:30             PM                0                0                  2                   4                   2                0              10                   3                 17                  13                  1               0                   3                 0                4                  0              23                   0                  6                23                      42
 4:45             PM                1                0                  2                   6                   3                0              17                   2                 20                  19                  3               0                   5                 2                8                  3              14                   0                10                 17                      47
 5:00             PM                2                0                  3                   6                   5                0              14                   3                 20                  17                  7               0                   4                 2               11                  5              23                   0                  5                28                      61
 5:15             PM                3                0                  4                   6                   7                0              13                   1                 17                  14                  5               0                   5                 0              10                   3              27                   0                  8                30                      61
 5:30             PM                2                0                  4                 20                    6                0              16                   4                 26                  20                  2               2                   2                 0                6                  4              22                   0                20                 26                      58
 5:45             PM                1                0                  5                   5                   6                0              14                   2                 46                  16                  6               0                   6                 5              12                   3              18                   0                  7                21                      55
 6:00             PM                2                0                  4                 15                    6                0              12                   4                 38                  16                  5               0                   3                 7                8                  1              13                   0                  9                14                      44
       Total                      37                 0                76                287                 113                  0           440                   44                618                484               161                  5              142                  53             308                  56             502                    0              276                558                   1463
    App             %          32.7               0.0              67.3              254.0                                    0.0            90.9                 9.1            127.7                                   52.3               1.6              46.1              17.2                                10.0              90.0                  0.0             49.5
   Total              %          2.5              0.0                5.2               19.6                  7.7              0.0            30.1                 3.0               42.2                33.1              11.0              0.3                9.7               3.6             21.1                3.8             34.3                  0.0             18.9              38.1
   INT            ID                                               ROAD 1                                                                                               ROAD 2                                                            ROAD 3                                  ROAD 4                                    COMMUNITY                                                       TMC DATE
       117                              WOODLEY ROAD NW                                                                                             27TH STREET                                              NW                                                                                                                                     -                                        2/14/2016
                        TRUCKS
                        NB                                                                                              EB                                                                                             SB                                                                                       WB
    Start                Left          Thru             Right                    Ped                     NB              Left          Thru             Right                    Ped                     EB             Left           Thru             Right                Ped                  SB              Left           Thru              Right                   Ped                     WB              Interval
   Time                                                                                               Total                                                                                           Total                                                                                   Total                                                                                             Total                 Total
    7:00                     0               0                 0                      5                     0                0               1                 0                   13                       1               0               0                 0                   2                 0                 0                0                 0                      2                     0                      1
      AM
    7:15                     0               0                 0                      6                     0                0               1                 0                   17                       1               0               0                 0                   1                 0                 0                0                 0                      9                     0                      1
      AM
    7:30                     0               0                 0                      3                     0                0               0                 0                   18                       0               0               0                 0                   2                 0                 1                2                 0                      0                     3                      3
      AM
    7:45                     0               0                 1                    11                      1                0               0                 0                   32                       0               0               0                 0                   1                 0                 0                1                 0                    15                      1                      2
      AM
    8:00                     0               0                 0                    24                      0                0               1                 0                   39                       1               0               0                 0                 10                  0                 0                1                 0                    31                      1                      2
      AM
    8:15                     0               0                 0                    19                      0                0               1                 0                   37                       1               0               0                 0                   0                 0                 0                0                 0                    23                      0                      1
      AM
    8:30                     0               0                 0                    24                      0                0               2                 0                   59                       2               0               0                 0                   4                 0                 0                0                 0                    11                      0                      2
      AM
    8:45                     0               0                 0                    16                      0                0               0                 0                   28                       0               0               0                 0                   2                 0                 0                2                 0                    17                      2                      2
      AM
    9:00                     0               0                 0                    10                      0                0               2                 0                   32                       2               0               0                 0                   0                 0                 0                0                 0                    10                      0                      2
      AM
    9:15                     0               0                 0                      3                     0                0               4                 0                   18                       4               0               0                 0                   0                 0                 1                1                 0                      4                     2                      6
      AM
    9:30                     0               0                 2                      4                     2                0               3                 0                   12                       3               0               0                 0                   2                 0                 1                2                 0                      2                     3                      8
      AM
    9:45                     0               0                 0                      3                     0                0               0                 0                   10                       0               0               0                 0                   2                 0                 0                1                 0                      1                     1                      1
      AM
    3:00                     0               0                 0                    25                      0                0               1                 0                   14                       1               0               0                 0                   5                 0                 0                0                 0                    19                      0                      1
      PM
    3:15                     0               0                 1                    13                      1                0               0                 1                   26                       1               0               0                 0                   0                 0                 1                0                 0                    11                      1                      3
      PM
    3:30                     0               0                 1                    29                      1                0               0                 0                   27                       0               0               0                 0                   3                 0                 0                0                 0                    32                      0                      1
      PM
    3:45                     0               0                 1                      8                     1                0               0                 1                   16                       1               0               0                 0                   2                 0                 0                2                 0                      7                     2                      4
      PM
    4:00                     0               0                 0                    10                      0                0               0                 0                   14                       0               0               0                 0                   0                 0                 0                1                 0                    10                      1                      1
      PM
    4:15                     0               0                 0                    12                      0                0               0                 0                   22                       0               0               0                 0                   1                 0                 0                1                 0                      7                     1                      1
      PM
    4:30                     0               0                 0                      4                     0                0               0                 0                   17                       0               0               0                 0                   0                 0                 0                0                 0                      6                     0                      0
      PM
    4:45                     0               0                 0                      6                     0                0               1                 0                   20                       1               0               0                 0                   2                 0                 0                0                 0                    10                      0                      1
      PM
    5:00                     0               0                 0                      6                     0                0               0                 0                   20                       0               0               0                 0                   2                 0                 0                0                 0                      5                     0                      0
      PM
    5:15                     0               0                 0                      6                     0                0               0                 0                   17                       0               0               0                 0                   0                 0                 0                0                 0                      8                     0                      0
      PM
    5:30                     0               0                 0                    20                      0                0               0                 0                   26                       0               0               0                 0                   0                 0                 0                0                 0                    20                      0                      0
      PM
    5:45                     0               0                 1                      5                     1                0               0                 0                   46                       0               0               0                 0                   5                 0                 1                0                 0                      7                     1                      2
      PM
    6:00                     0               0                 0                    15                      0                0               0                 0                   38                       0               0               0                 0                   7                 0                 0                0                 0                      9                     0                      0
      PM
   Total                     0               0                 7                  287                       7                0            17                   2                 618                      19                0               0                 0                 53                  0                 5              14                  0                  276                     19                     45
 App             %       0.0             0.0            100.04,100.0                                                     0.0           89.5               10.5             3,252.6                                       0.0             0.0               0.0                0.0                                26.3            73.7                 0.0            1,452.6
   Total                 0.0             0.0              15.6                637.8                   15.6               0.0           37.8                 4.4            1,373.3                    42.2               0.0             0.0               0.0             117.8                 0.0             11.1            31.1                 0.0               613.3                    42.2
         %
   INT            ID                                               ROAD 1                                                                                               ROAD 2                                                            ROAD 3                                  ROAD 4                                    COMMUNITY                                                       TMC DATE
       117                              WOODLEY ROAD NW                                                                                             27TH STREET                                              NW                                                                                                                                     -                                        2/14/2016
