                                                                               Turning                                      Movement                                                     Count                                Report                                   -      Cars                         &           Trucks
   INT            ID                                      ROAD 1                                                                                                 ROAD 2                                                                       ROAD 3                                 ROAD 4                                    COMMUNITY                                                     TMC DATE
         12                          16TH STREET                                              NW                                  MISSOURI                                   AVENUE NW                                                                                                                                                                -                                       3/16/2011
                                   CARS
                                   NB                                                                                        EB                                                                                         SB                                                                                          WB
          Start                     Left          Thru              Right               Ped                 NB                 Left             Thru              Right               Ped                EB              Left           Thru              Right               Ped                  SB                 Left            Thru              Right               Ped                 WB                Interval
        Time                                                                                             Total                                                                                        Total                                                                                     Total                                                                                        Total                   Total
   6:30             AM                  0          181                     2                6              183                   34                12                  29                  4              75               18             430                    0                 0              448                     0                 0                  0                 7                 0                   706
   6:45             AM                  0          215                     1              16               216                   37                13                  20                  3              70               27             399                    0                 1              426                     0                 0                  0                 0                 0                   712
   7:00             AM                  0          200                     3                5              203                   42                10                  18                  3              70               28             393                    0                 0              421                     0                 0                  0                 7                 0                   694
   7:15             AM                  0          243                     1               11              244                   48                 11                 19                  6              78               14             384                    0                 0              398                     0                 0                  0                 4                 0                   720
   7:30             AM                  0          245                     2                6              247                   50                 11                 14                  5              75               20             401                    0                 1              421                     0                 0                  0                 2                 0                   743
   7:45             AM                  0          165                     3                3              168                   34                  5                 22                  1              61               21             339                    0                 1              360                     0                 0                  0                 5                 0                   589
   8:00             AM                  0          143                     1                3              144                   32                  7                 16                  1              55               16             315                    0                 0              331                     0                 0                  0                 2                 0                   530
   8:15             AM                  0          139                     5                1              144                   27                  6                 11                  1              44               25             266                    0                 0              291                     0                 0                  0                 1                 0                   479
   8:30             AM                  0          130                     0                0              130                   24                  6                 14                  0              44               19             242                    0                 0              261                     0                 0                  0                 0                 0                   435
   8:45             AM                  0          123                     0                0              123                   25                  4                 15                  0              44               23             224                    0                 0              247                     0                 0                  0                 0                 0                   414
   9:00             AM                  0           118                    0                0               118                  19                  5                 18                  0              42               21             210                    0                 1              231                     0                 0                  0                 0                 0                   391
   9:15             AM                  0           119                    4                3              123                   20                  2                 14                  0              36               10             198                    0                 2              208                     0                 0                  0                 2                 0                   367
   9:30             AM                  0           110                    4                1               114                  13                  5                   6                 0              24               19             175                    0                 1              194                     0                 0                  0                 2                 0                   332
   9:45             AM                  0             95                   4                5                99                  15                  3                 13                  0              31               20             199                    0                 0              219                     0                 0                  0                 1                 0                   349
 10:00                AM                0          106                     1                0              107                    11                 4                 12                  0              27                 9            159                    0                 0              168                     0                 0                  0                 2                 0                   302
 10:15                AM                0          124                     3                0              127                   17                  2                   7                 0              26                 6            126                    0                 0              132                     0                 0                  0                 3                 0                   285
 10:30                AM                0          129                     3                1              132                   13                  1                   1                 0              15               12             158                    0                 0              170                     0                 0                  0                 0                 0                   317
 10:45                AM                0          131                     4                0              135                   22                  2                   8                 1              32                 4            151                    0                 0              155                     0                 0                  0                 0                 0                   322
 11:00               AM                 0          151                     7                0              158                   28                  3                 10                  0              41               12             125                    0                 0              137                     0                 0                  0                 0                 0                   336
 11:15               AM                 0          141                     2                0              143                   27                  2                 11                  0              40                 9            121                    0                 0              130                     0                 0                  0                 0                 0                   313
 11:30               AM                 0          161                     6                2              167                   22                  2                   5                 1              29               16             136                    0                 0              152                     0                 0                  0                 3                 0                   348
 11:45               AM                 0          125                     4                0              129                   32                  1                 21                  0              54               12             130                    0                 0              142                     0                 0                  0                 0                 0                   325
 12:00                 PM               0          147                     5                0              152                   28                  6                 12                  0              46                 6            138                    0                 0              144                     0                 0                  0                 0                 0                   342
 12:15                 PM               0          148                     3                6              151                   22                  4                   9                 1              35                11            157                    0                 0              168                     0                 0                  0                 1                 0                   354
 12:30                 PM               0          163                     2                3              165                   21                  2                   9                 1              32               24             155                    0                 0              179                     0                 0                  0                 0                 0                   376
 12:45                 PM               0          177                     2                1              179                   20                  3                 14                  1              37               16             136                    0                 0              152                     0                 0                  0                 2                 0                   368
   1:00              PM                 0          177                     5                1              182                   25                  3                   7                 0              35               13             142                    0                 0              155                     0                 0                  0                 1                 0                   372
   1:15              PM                 0          169                     5              10               174                   25                  4                 11                  1              40               13             153                    0                 0              166                     0                 0                  0                 4                 0                   380
   1:30              PM                 0          275                     4                2              279                   31                  1                   7                 2              39                 8            146                    0                 0              154                     0                 0                  0                 1                 0                   472
   1:45              PM                 0          236                     7                8              243                   43                  3                 15                  1              61                 9            176                    0                 0              185                     0                 0                  0                 2                 0                   489
   2:00              PM                 0          239                     4                3              243                   42                  1                 11                  1              54               14             149                    0                 0              163                     0                 0                  0                 1                 0                   460
   2:15              PM                 0          263                     2              13               265                   41                  6                 25                  4              72               10             180                    0                 0              190                     0                 0                  0                 2                 0                   527
   2:30              PM                 0          259                     2                9              261                   44                  6                 16                  3              66               17             175                    0                 0              192                     0                 0                  0                 6                 0                   519
   2:45              PM                 0          291                     5                7              296                   47                10                  14                  5              71               14             195                    0                 0              209                     0                 0                  0                 3                 0                   576
   3:00              PM                 0          300                     0                9              300                   48                  4                 24                  3              76                11            195                    0                 0              206                     0                 0                  0                 3                 0                   582
   3:15              PM                 0          349                     1                7              350                   57                  4                 17                  5              78                 7            220                    0                 0              227                     0                 0                  0                 0                 0                   655
   3:30              PM                 0          334                     1                9              335                   42                  4                 14                  0              60               15             175                    0                 0              190                     0                 0                  0                 3                 0                   585
   3:45              PM                 0          333                     3                8              336                   49                 11                 15                  1              75               18             197                    0                 0              215                     0                 0                  0                 5                 0                   626
   4:00              PM                 0          384                     0                6              384                   48                  6                 18                  4              72                11            188                    0                 0              199                     0                 0                  0                 0                 0                   655
   4:15              PM                 0          387                     0              10               387                   47                  9                 17                  3              73                 8            223                    0                 0              231                     0                 0                  0                 0                 0                   691
   4:30              PM                 0          398                     0                4              398                   45                  6                 17                  1              68                 8            234                    0                 0              242                     0                 0                  0                 2                 0                   708
   4:45              PM                 0          406                     0                5              406                   39                  7                 19                  3              65                 7            221                    0                 0              228                     0                 0                  0                 4                 0                   699
   5:00              PM                 0          401                     0                6              401                   38                  8                 20                  2              66               10             245                    0                 0              255                     0                 0                  0                 3                 0                   722
   5:15              PM                 0          396                     0                3              396                   37                  7                 15                  2              59               12             211                    0                 0              223                     0                 0                  0                 5                 0                   678
   5:30              PM                 0          377                     0                3              377                   36                  9                 14                  1              59                 9            209                    0                 0              218                     0                 0                  0                 6                 0                   654
         Total                          0        9903                   111             196            100141467                                 241                644                  71           2352               632           9501                      0                 7         10133                        0                 0                  0               95                  0               22499
      App             %             0.0            98.9                 1.1               2.0                                 62.4              10.2               27.4                3.0                                6.2            93.8                 0.0               0.1                                    0.0               0.0               0.0               0.0
     Total              %           0.0            44.0                 0.5               0.9             44.5                  6.5               1.1                2.9               0.3             10.5               2.8            42.2                 0.0               0.0              45.0                  0.0               0.0               0.0               0.4               0.0
   INT            ID                                      ROAD 1                                                                                                 ROAD 2                                                                       ROAD 3                                 ROAD 4                                    COMMUNITY                                                     TMC DATE
         12                          16TH STREET                                              NW                                  MISSOURI                                   AVENUE NW                                                                                                                                                                -                                       3/16/2011
                                             TRUCKS
                                             NB                                                                                                                EB                                                                                                                 SB
               Start                            Left                Thru                   Right                    Ped                      NB                   Left                 Thru                   Right                    Ped                      EB                   Left                Thru                    Right                     Ped                       SB                      Interval
             Time                                                                                                                        Total                                                                                                              Total                                                                                                                Total                           Total
        6:30             AM                         0                     6                       0                      0                      6                      1                    2                        0                      0                      3                     1                  12                          0                       0                    13                              22
        6:45             AM                         0                     7                       0                      0                      7                      2                    1                        1                      0                      4                     0                  15                          0                       0                    15                              26
        7:00             AM                         0                     5                       0                      0                      5                      1                    1                        0                      0                      2                     1                  19                          0                       0                    20                              27
        7:15             AM                         0                   14                        0                      0                   14                        3                    1                        1                      0                      5                     0                  19                          0                       0                    19                              38
        7:30             AM                         0                     6                       0                      0                      6                      0                    1                        0                      0                      1                     0                  12                          0                       0                    12                              19
        7:45             AM                         0                     5                       0                      0                      5                      1                    2                        1                      0                      4                     0                  13                          0                       0                    13                              22
        8:00             AM                         0                     5                       0                      0                      5                      1                    1                        0                      0                      2                     0                  16                          0                       0                    16                              23
        8:15             AM                         0                   11                        0                      0                    11                       0                    1                        0                      0                      1                     1                     9                        0                       0                    10                              22
        8:30             AM                         0                     0                       0                      0                      0                      0                    0                        0                      0                      0                     0                     0                        0                       0                      0                               0
        8:45             AM                         0                     0                       0                      0                      0                      0                    0                        0                      0                      0                     0                     0                        0                       0                      0                               0
        9:00             AM                         0                     0                       0                      0                      0                      0                    0                        0                      0                      0                     1                     9                        0                       0                    10                              10
        9:15             AM                         0                     4                       0                      0                      4                      2                    0                        2                      0                      4                     1                     8                        0                       0                      9                             17
        9:30             AM                         0                   11                        0                      0                    11                       3                    1                        1                      0                      5                     0                     6                        0                       0                      6                             22
        9:45             AM                         0                     6                       1                      0                      7                      1                    0                        1                      0                      2                     0                  10                          0                       0                    10                              19
      10:00                AM                       0                     9                       1                      0                   10                        2                    1                        1                      0                      4                     0                     5                        0                       0                      5                             19
      10:15                AM                       0                     8                       1                      0                      9                      3                    0                        0                      0                      3                     0                     4                        0                       0                      4                             16
      10:30                AM                       0                     5                       0                      0                      5                      3                    0                        1                      0                      4                     2                     9                        0                       0                    11                              20
      10:45                AM                       0                     6                       0                      0                      6                      1                    0                        0                      0                      1                     0                     8                        0                       0                      8                             15
      11:00               AM                        0                     8                       1                      0                      9                      0                    0                        0                      0                      0                     1                     8                        0                       0                      9                             18
      11:15               AM                        0                     5                       0                      0                      5                      1                    2                        0                      0                      3                     0                     8                        0                       0                      8                             16
      11:30               AM                        0                     8                       1                      0                      9                      5                    1                        0                      0                      6                     1                     5                        0                       0                      6                             21
      11:45               AM                        0                   11                        0                      0                    11                       0                    1                        0                      0                      1                     0                     3                        0                       0                      3                             15
      12:00                 PM                      0                     5                       0                      0                      5                      1                    0                        2                      0                      3                     0                     6                        0                       0                      6                             14
      12:15                 PM                      0                     9                       0                      0                      9                      2                    1                        1                      0                      4                     0                     5                        0                       0                      5                             18
      12:30                 PM                      0                     6                       0                      0                      6                      3                    2                        1                      0                      6                     0                     4                        0                       0                      4                             16
      12:45                 PM                      0                   12                        0                      0                   12                        3                    1                        0                      0                      4                     1                     3                        0                       0                      4                             20
        1:00              PM                        0                     7                       1                      0                      8                      0                    1                        0                      0                      1                     0                     5                        0                       0                      5                             14
        1:15              PM                        0                     2                       0                      0                      2                      2                    0                        0                      0                      2                     1                     5                        0                       0                      6                             10
        1:30              PM                        0                     9                       1                      0                   10                        1                    1                        1                      0                      3                     1                     6                        0                       0                      7                             20
        1:45              PM                        0                     8                       0                      0                      8                      1                    2                        1                      0                      4                     1                     4                        0                       0                      5                             17
        2:00              PM                        0                     8                       0                      0                      8                      3                    1                        0                      0                      4                     0                     5                        0                       0                      5                             17
        2:15              PM                        0                     8                       0                      0                      8                      1                    1                        0                      0                      2                     0                     4                        0                       0                      4                             14
        2:30              PM                        0                     8                       0                      0                      8                      3                    3                        1                      0                      7                     0                     4                        0                       0                      4                             19
        2:45              PM                        0                     9                       0                      0                      9                      4                    3                        1                      0                      8                     0                     6                        0                       0                      6                             23
        3:00              PM                        0                     9                       0                      0                      9                      2                    2                        0                      0                      4                     0                     6                        0                       0                      6                             19
        3:15              PM                        0                   11                        0                      0                    11                       3                    1                        0                      0                      4                     0                     6                        0                       0                      6                             21
        3:30              PM                        0                   11                        0                      0                    11                       1                    2                        0                      0                      3                     0                     4                        0                       0                      4                             18
        3:45              PM                        0                     7                       0                      0                      7                      0                    1                        0                      0                      1                     1                     7                        0                       0                      8                             16
        4:00              PM                        0                   12                        0                      0                   12                        1                    2                        0                      0                      3                     0                     6                        0                       0                      6                             21
        4:15              PM                        0                     8                       0                      0                      8                      0                    2                        0                      0                      2                     0                     5                        0                       0                      5                             15
        4:30              PM                        0                   12                        0                      0                   12                        1                    1                        0                      0                      2                     0                     5                        0                       0                      5                             19
        4:45              PM                        0                     9                       0                      0                      9                      2                    3                        0                      0                      5                     0                     4                        0                       0                      4                             18
        5:00              PM                        0                     8                       0                      0                      8                      1                    2                        0                      0                      3                     1                     6                        0                       0                      7                             18
        5:15              PM                        0                     9                       0                      0                      9                      2                    1                        0                      0                      3                     0                     3                        0                       0                      3                             15
        5:30              PM                        0                     8                       0                      0                      8                      1                    5                        0                      0                      6                     1                     5                        0                       0                      6                             20
              Total                                 0                335                          7                      0                 342                      68                    54                      17                        0                 139                      16                 312                           0                       0                  328                             809
           App             %                     0.0                98.0                       2.0                    0.0                                        48.9                 38.8                      12.2                     0.0                                          4.9                 95.1                       0.0                     0.0
          Total              %                   0.0                41.4                       0.9                    0.0                 42.3                     8.4                   6.7                      2.1                    0.0                  17.2                    2.0                 38.6                       0.0                     0.0                  40.5
   INT            ID                                      ROAD 1                                                                                                 ROAD 2                                                                       ROAD 3                                 ROAD 4                                    COMMUNITY                                                     TMC DATE
         12                          16TH STREET                                              NW                                  MISSOURI                                   AVENUE NW                                                                                                                                                                -                                       3/16/2011
