                                                                               Turning                                      Movement                                                     Count                                Report                                   -      Cars                         &           Trucks
   INT            ID                                     ROAD 1                                                                                            ROAD 2                                                                    ROAD 3                                  ROAD 4                                      COMMUNITY                                                          TMC DATE
       122                              7TH STREET                                          NW                                   TAYLOR STREET                                                       NW                                                                                                                                          -                                           2/11/2016
                               CARS
                               NB                                                                                        EB                                                                                         SB                                                                                         WB
        Start                   Left           Thru               Right               Ped                 NB               Left           Thru               Right               Ped                 EB              Left           Thru               Right                Ped                 SB               Left             Thru               Right                Ped                WB                 Interval
       Time                                                                                            Total                                                                                     Total                                                                                      Total                                                                                         Total                     Total
 7:00             AM                2              16                   0                  1               18                  0                3                  0                  0                 3                0                0                  0                  4                  0                 0                  3                  1                  0                  4                       25
 7:15             AM                4              12                   0                  8               16                  0                7                  0                  0                 7                0                0                  0                  1                  0                 0                  4                  0                  0                  4                       27
 7:30             AM                2              26                   0                  3               28                  0             10                    0                  2               10                 0                0                  0                  9                  0                 0                11                   0                  1                11                        49
 7:45             AM                5              28                   1                  5               34                  4                5                  0                  3                 9                0                0                  0                  3                  0                 0                10                   2                  3                12                        55
 8:00             AM                5              19                   1                  3               25                  3                7                  0                  2               10                 0                0                  0                15                   0                 0                11                   1                  0                12                        47
 8:15             AM                7              26                   0                  5               33                  3             12                    0                  1               15                 0                0                  0                  6                  0                 0                  8                  2                  2                10                        58
 8:30             AM                4              26                   0                  7               30                  2              11                   0                  2               13                 0                0                  0                  8                  0                 0                17                   2                  4                19                        62
 8:45             AM                7              25                   0                  8               32                  2             10                    0                  5               12                 0                0                  0                  5                  0                 0                10                   0                  5                10                        54
 9:00             AM                3              22                   1                  1               26                  1              11                   0                  1               12                 0                0                  0                  4                  0                 0                  9                  4                  4                13                        51
 9:15             AM                2              27                   1                  6               30                  2                9                  0                  4               11                 0                0                  0                  3                  0                 0                  5                  2                  1                  7                       48
 9:30             AM                1              15                   0                  1               16                  2             14                    0                  1               16                 0                0                  0                  1                  0                 0                11                   1                  2                12                        44
 9:45             AM                4              26                   0                  0               30                  2                8                  0                  1               10                 0                0                  0                  0                  0                 0                  4                  1                  0                  5                       45
 4:00             PM                3              58                   0                  0               61                  4             13                    0                  0               17                 0                0                  0                  3                  0                 0                  3                  1                  1                  4                       82
 4:15             PM                3              60                   0                  1               63                  2             18                    0                  0               20                 0                0                  0                  4                  0                 0                  5                  2                  0                  7                       90
 4:30             PM                2              66                   0                  2               68                  4             22                    0                  2               26                 0                0                  0                  7                  0                 0                  5                  1                  1                  6                    100
 4:45             PM                2              70                   0                  1               72                  3             23                    0                  2               26                 0                0                  0                  5                  0                 0                  6                  0                  1                  6                    104
 5:00             PM                6              51                   0                  2               57                  5             19                    0                  2               24                 0                0                  0                  4                  0                 0                  5                  0                  1                  5                       86
 5:15             PM                9              59                   1                  4               69                  5             31                    0                  0               36                 0                0                  0                  2                  0                 0                  6                  0                  3                  6                     111
 5:30             PM                2              65                   2                  3               69                  5             19                    0                  2               24                 0                0                  0                  9                  0                 0                10                   0                  1                10                     103
 5:45             PM                2              51                   0                  0               53                  5             20                    0                  2               25                 0                0                  0                  5                  0                 0                  8                  2                  0                10                        88
 6:00             PM                3              54                   0                  5               57                  4             12                    0                  3               16                 0                0                  0                  3                  0                 0                  5                  0                  1                  5                       78
 6:15             PM                4              55                   1                  3               60                  5             17                    0                  2               22                 0                0                  0                  3                  0                 0                10                   1                  2                11                        93
 6:30             PM                1              29                   0                  0               30                  1                6                  0                  0                 7                0                0                  0                  1                  0                 0                  4                  0                  4                  4                       41
       Total                      83             886                    8                69              977                 64            307                     0                37             371                   0                0                  0             105                     0                 0              170                  23                 37              193                     1541
     App            %            8.5            90.7                 0.8               7.1                               17.3              82.7                 0.0             10.0                                  0.0             0.0                 0.0                0.0                                  0.0             88.1                11.9               19.2
   Total              %          5.4            57.5                 0.5               4.5             63.4                4.2             19.9                 0.0               2.4             24.1                0.0             0.0                 0.0                6.8               0.0                0.0              11.0                 1.5                2.4              12.5
   INT            ID                                     ROAD 1                                                                                            ROAD 2                                                                    ROAD 3                                  ROAD 4                                      COMMUNITY                                                          TMC DATE
       122                              7TH STREET                                          NW                                   TAYLOR STREET                                                       NW                                                                                                                                          -                                           2/11/2016
                              TRUCKS
                              NB                                                                                        EB                                                                                          SB                                                                                          WB
       Start                  Left           Thru              Right                Ped                  NB              Left          Thru              Right                 Ped                   EB              Left          Thru              Right                 Ped                   SB               Left            Thru              Right                 Ped                   WB               Interval
      Time                                                                                            Total                                                                                      Total                                                                                       Total                                                                                           Total                   Total
7:00             AM                0               1                 0                   1                  1                0               0                  0                   0                  0                 0               0                  0                   4                   0                 0                0                   0                   0                   0                        1
7:15             AM                0               2                 0                   8                  2                0               1                  0                   0                  1                 0               0                  0                   1                   0                 0                0                   0                   0                   0                        3
7:30             AM                1               1                 0                   3                  2                0               0                  0                   2                  0                 0               0                  0                   9                   0                 0                0                   0                   1                   0                        2
7:45             AM                1               0                 0                   5                  1                0               1                  0                   3                  1                 0               0                  0                   3                   0                 0                0                   0                   3                   0                        2
8:00             AM                0               1                 0                   3                  1                0               1                  0                   2                  1                 0               0                  0                 15                    0                 0                0                   0                   0                   0                        2
8:15             AM                1               0                 0                   5                  1                0               1                  0                   1                  1                 0               0                  0                   6                   0                 0                0                   0                   2                   0                        2
8:30             AM                1               1                 0                   7                  2                0               0                  0                   2                  0                 0               0                  0                   8                   0                 0                1                   1                   4                   2                        4
8:45             AM                0               0                 0                   8                  0                0               0                  0                   5                  0                 0               0                  0                   5                   0                 0                0                   0                   5                   0                        0
9:00             AM                0               3                 0                   1                  3                0               0                  0                   1                  0                 0               0                  0                   4                   0                 0                0                   1                   4                   1                        4
9:15             AM                0               2                 0                   6                  2                0               1                  0                   4                  1                 0               0                  0                   3                   0                 0                0                   0                   1                   0                        3
9:30             AM                0               0                 0                   1                  0                0               0                  0                   1                  0                 0               0                  0                   1                   0                 0                0                   0                   2                   0                        0
9:45             AM                0               0                 0                   0                  0                0               3                  0                   1                  3                 0               0                  0                   0                   0                 0                0                   0                   0                   0                        3
4:00             PM                0               0                 0                   0                  0                0               1                  0                   0                  1                 0               0                  0                   3                   0                 0                1                   0                   1                   1                        2
4:15             PM                1               1                 0                   1                  2                0               1                  0                   0                  1                 0               0                  0                   4                   0                 0                0                   0                   0                   0                        3
4:30             PM                0               0                 0                   2                  0                0               0                  0                   2                  0                 0               0                  0                   7                   0                 0                0                   0                   1                   0                        0
4:45             PM                0               0                 0                   1                  0                0               0                  0                   2                  0                 0               0                  0                   5                   0                 0                0                   0                   1                   0                        0
5:00             PM                0               0                 0                   2                  0                0               0                  0                   2                  0                 0               0                  0                   4                   0                 0                0                   0                   1                   0                        0
5:15             PM                0               2                 0                   4                  2                0               0                  0                   0                  0                 0               0                  0                   2                   0                 0                0                   0                   3                   0                        2
5:30             PM                0               0                 0                   3                  0                0               0                  0                   2                  0                 0               0                  0                   9                   0                 0                0                   0                   1                   0                        0
5:45             PM                1               2                 0                   0                  3                1               0                  0                   2                  1                 0               0                  0                   5                   0                 0                0                   0                   0                   0                        4
6:00             PM                0               1                 0                   5                  1                0               0                  0                   3                  0                 0               0                  0                   3                   0                 0                0                   0                   1                   0                        1
6:15             PM                0               4                 0                   3                  4                0               0                  0                   2                  0                 0               0                  0                   3                   0                 0                0                   0                   2                   0                        4
6:30             PM                0               0                 0                   0                  0                0               0                  0                   0                  0                 0               0                  0                   1                   0                 0                0                   0                   4                   0                        0
      Total                        6             21                  0                69                  27                 1             10                   0                 37                  11                 0               0                  0               105                     0                 0                2                   2                 37                    4                      42
    App            %          22.277.8                            0.0            255.6                                    9.1          90.9                 0.0             336.4                                    0.0              0.0               0.0                  0.0                                   0.0            50.0               50.0              925.0
  Total              %        14.350.0                            0.0            164.3                 64.3               2.4          23.8                 0.0               88.1                26.2               0.0              0.0               0.0             250.0                    0.0               0.0               4.8               4.8               88.1                   9.5
   INT            ID                                     ROAD 1                                                                                            ROAD 2                                                                    ROAD 3                                  ROAD 4                                      COMMUNITY                                                          TMC DATE
       122                              7TH STREET                                          NW                                   TAYLOR STREET                                                       NW                                                                                                                                          -                                           2/11/2016
