                                                                               Turning                                      Movement                                                     Count                                Report                                   -      Cars                         &           Trucks
  INT            ID                                                          ROAD 1                                                                                                     ROAD 2                                                     ROAD 3                                ROAD 4                                 COMMUNITY                                                     TMC DATE
     123                               RITTENHOUSE STREET                                                                            NW                               3RD STREET                                           NW                                                                                                                            -                                        1/5/2016
                               CARS
                               NB                                                                                        EB                                                                                         SB                                                                                         WB
        Start                   Left           Thru               Right               Ped                 NB               Left           Thru               Right               Ped                 EB              Left            Thru              Right                Ped                 SB               Left             Thru               Right                Ped                WB                 Interval
       Time                                                                                            Total                                                                                     Total                                                                                       Total                                                                                        Total                     Total
 7:00             AM                2                6                  1                  1                 9                 1                7                  1                  0                 9                0                9                   2                 1                11                  1                  2                  0                  1                  3                       32
 7:15             AM                1                9                  0                  0               10                  3                9                  1                  1               13                 0              31                    3                 0                34                  0                10                   0                  1                10                        67
 7:30             AM                1              18                   1                  1               20                  2                6                  1                  1                 9                1              48                    3                 1                52                  1                  7                  1                  3                  9                       90
 7:45             AM                6              12                   1                  0               19                  0                8                  5                  1               13                 3              43                    5                 2                51                  1                12                   0                  0                13                        96
 8:00             AM                3              27                   1                  0               31                  0                7                  3                  0               10                 1              57                    5                 3                63                  1                12                   0                  0                13                     117
 8:15             AM                3              26                   0                  1               29                  1             10                    7                  0               18                 1              40                    7                 2                48                  0                10                   0                  0                10                     105
 8:30             AM                3              21                   0                  2               24                  5                8                  5                  0               18                 0              38                  10                  1                48                  1                11                   3                  5                15                     105
 8:45             AM                1              14                   2                  0               17                  1                7                  3                  0               11                 0              23                    8                 1                31                  2                10                   4                  1                16                        75
 9:00             AM                1              14                   1                  0               16                  0                6                  1                  1                 7                0              20                    2                 0                22                  0                  5                  0                  0                  5                       50
 9:15             AM                1                7                  1                  0                 9                 1                7                  1                  1                 9                2              17                    2                 1                21                  0                10                   1                  2                11                        50
 9:30             AM                2              11                   1                  0               14                  0                9                  1                  0               10                 0              11                    1                 1                12                  1                  6                  2                  0                  9                       45
 9:45             AM                0              15                   0                  0               15                  1                5                  0                  0                 6                1              18                    1                 1                20                  0                  7                  1                  1                  8                       49
 4:00             PM                3              16                   0                  0               19                  3                8                  5                  0               16                 1              18                    2                 1                21                  0                  7                  1                  1                  8                       64
 4:15             PM                5              24                   0                  0               29                  2                7                  0                  1                 9                1              18                    4                 1                23                  0                15                   2                  0                17                        78
 4:30             PM                3              24                   0                  0               27                  3             16                    3                  3               22                 2              18                    3                 0                23                  2                  8                  4                  0                14                        86
 4:45             PM                0              29                   2                  0               31                  1                7                  1                  0                 9                3              15                    2                 3                20                  1                12                   1                  1                14                        74
 5:00             PM                5              35                   0                  0               40                  1             13                    4                  0               18                 2              19                    3                 1                24                  1                  6                  0                  0                  7                       89
 5:15             PM                2              24                   1                  0               27                  1                8                  3                  0               12                 1              18                    3                 0                22                  0                11                   3                  0                14                        75
 5:30             PM                1              25                   1                  0               27                  3             14                    1                  1               18                 2              21                    5                 0                28                  0                12                   5                  0                17                        90
 5:45             PM                1              34                   2                  2               37                  2             12                    0                  0               14                 3              13                    1                 1                17                  1                  9                  1                  1                11                        79
 6:00             PM                2              33                   1                  0               36                  6             16                    4                  0               26                 3              23                    7                 0                33                  0                  7                  0                  0                  7                    102
 6:15             PM                0              32                   0                  0               32                  5                5                  2                  1               12                 0              24                    3                 1                27                  1                  6                  0                  1                  7                       78
 6:30             PM                1              27                   0                  0               28                  2                9                  2                  0               13                 0              17                    5                 3                22                  0                  8                  3                  0                11                        74
 6:45             PM                0              33                   1                  0               34                  1                6                  1                  0                 8                1              14                    2                 0                17                  1                  6                  0                  0                  7                       66
       Total                      47             516                  17                   7             580                 45            210                   55                 11             310                 28             573                   89                25               690                 15               209                  32                 18              256                     1836
     App            %            8.1            89.0                 2.9               1.2                               14.5              67.7               17.7                3.5                                 4.1            83.0                12.9                3.6                                  5.9             81.6                12.5                 7.0
   Total              %          2.6            28.1                 0.9               0.4             31.6                2.5             11.4                 3.0               0.6             16.9                1.5            31.2                  4.8               1.4             37.6                 0.8              11.4                 1.7                1.0              13.9
  INT            ID                                                          ROAD 1                                                                                                     ROAD 2                                                     ROAD 3                                ROAD 4                                 COMMUNITY                                                     TMC DATE
     123                               RITTENHOUSE STREET                                                                            NW                               3RD STREET                                           NW                                                                                                                            -                                        1/5/2016
                              TRUCKS
                              NB                                                                                       EB                                                                                       SB                                                                                          WB
       Start                   Left           Thru              Right               Ped                 NB              Left           Thru              Right               Ped                EB              Left           Thru              Right                  Ped                  SB                Left             Thru                Right                  Ped                  WB                Interval
      Time                                                                                          Total                                                                                    Total                                                                                        Total                                                                                              Total                    Total
7:00             AM                0                0                  0                 1                 0                0               0                   0                 0                0                0                1                  0                    1                  1                  0                  2                   0                    1                    2                       3
7:15             AM                0                0                  0                 0                 0                0               1                   1                 1                2                0                0                  0                    0                  0                  0                  0                   0                    1                    0                       2
7:30             AM                0                0                  0                 1                 0                0               1                   1                 1                2                0                0                  0                    1                  0                  0                  0                   0                    3                    0                       2
7:45             AM                1                1                  0                 0                 2                0               0                   1                 1                1                0                0                  0                    2                  0                  0                  0                   0                    0                    0                       3
8:00             AM                0                0                  0                 0                 0                0               0                   0                 0                0                0                0                  0                    3                  0                  0                  0                   0                    0                    0                       0
8:15             AM                0                0                  0                 1                 0                0               0                   0                 0                0                0                2                  1                    2                  3                  0                  1                   0                    0                    1                       4
8:30             AM                0                1                  0                 2                 1                0               1                   2                 0                3                0                1                  0                    1                  1                  0                  0                   0                    5                    0                       5
8:45             AM                0                0                  0                 0                 0                0               0                   0                 0                0                0                0                  0                    1                  0                  0                  0                   0                    1                    0                       0
9:00             AM                0                0                  0                 0                 0                0               0                   0                 1                0                0                0                  0                    0                  0                  0                  1                   0                    0                    1                       1
9:15             AM                0                1                  0                 0                 1                0               0                   0                 1                0                0                0                  0                    1                  0                  0                  0                   0                    2                    0                       1
9:30             AM                0                1                  0                 0                 1                0               1                   0                 0                1                0                0                  0                    1                  0                  0                  0                   0                    0                    0                       2
9:45             AM                0                0                  0                 0                 0                0               0                   0                 0                0                0                0                  0                    1                  0                  0                  0                   0                    1                    0                       0
4:00             PM                0                1                  0                 0                 1                0               1                   0                 0                1                0                0                  0                    1                  0                  0                  1                   0                    1                    1                       3
4:15             PM                0                0                  0                 0                 0                0               0                   0                 1                0                0                0                  0                    1                  0                  0                  0                   0                    0                    0                       0
4:30             PM                0                0                  0                 0                 0                0               1                   0                 3                1                0                0                  0                    0                  0                  0                  1                   0                    0                    1                       2
4:45             PM                0                1                  0                 0                 1                0               0                   0                 0                0                0                0                  0                    3                  0                  0                  0                   0                    1                    0                       1
5:00             PM                2                2                  0                 0                 4                0               0                   0                 0                0                0                0                  0                    1                  0                  0                  1                   0                    0                    1                       5
5:15             PM                0                1                  0                 0                 1                0               0                   0                 0                0                0                0                  0                    0                  0                  0                  0                   0                    0                    0                       1
5:30             PM                0                0                  0                 0                 0                0               0                   1                 1                1                0                0                  0                    0                  0                  0                  0                   0                    0                    0                       1
5:45             PM                0                0                  0                 2                 0                0               0                   0                 0                0                0                0                  0                    1                  0                  0                  0                   0                    1                    0                       0
6:00             PM                0                1                  0                 0                 1                0               0                   0                 0                0                0                0                  0                    0                  0                  0                  0                   0                    0                    0                       1
6:15             PM                0                0                  0                 0                 0                0               0                   0                 1                0                0                0                  0                    1                  0                  0                  0                   0                    1                    0                       0
6:30             PM                0                0                  0                 0                 0                0               0                   0                 0                0                0                0                  0                    3                  0                  0                  0                   0                    0                    0                       0
6:45             PM                0                0                  0                 0                 0                0               1                   0                 0                1                0                0                  0                    0                  0                  0                  0                   0                    0                    0                       1
      Total                        3              10                   0                 7              13                  0               7                   6               11               13                 0                4                  1                 25                    5                  0                  7                   0                  18                     7                     38
    App            %          23.1             76.9                 0.0             53.8                                 0.0           53.8               46.2              84.6                                  0.0           80.0               20.0              500.0                                      0.0           100.0                    0.0              257.1
  Total              %          7.9            26.3                 0.0             18.4              34.2               0.0           18.4               15.8              28.9              34.2                0.0           10.5                 2.6               65.8                13.2                 0.0             18.4                   0.0                47.4                18.4
  INT            ID                                                          ROAD 1                                                                                                     ROAD 2                                                     ROAD 3                                ROAD 4                                 COMMUNITY                                                     TMC DATE
     123                               RITTENHOUSE STREET                                                                            NW                               3RD STREET                                           NW                                                                                                                            -                                        1/5/2016
