                                                                               Turning                                      Movement                                                     Count                                Report                                   -      Cars                         &           Trucks
   INT            ID                                      ROAD 1                                                                                                ROAD 2                                                                      ROAD 3                                 ROAD 4                                    COMMUNITY                                                       TMC DATE
      124                             14TH STREET                                              NW                                 DELAFIELD PLACE NW                                                                                                                                                                                                 -                                        5/12/2016
                                   CARS
                                   NB                                                                                        EB                                                                                           SB                                                                                       WB
          Start                     Left          Thru              Right               Ped                 NB                   Left             Thru              Right               Ped                EB              Left           Thru              Right                Ped                SB               Left             Thru              Right               Ped                WB                Interval
        Time                                                                                             Total                                                                                          Total                                                                                   Total                                                                                        Total                   Total
   7:00             AM                  0               0                  0                0                  0                     0                 0                   0                 0                0                0            198                    0                 0            198                365                   0                   0                 3             365                     563
   7:15             AM                  0               0                  0                0                  0                     0                 0                   0                 0                0                0            259                    0                 0            259                378                   0                   0                 7             378                     637
   7:30             AM                  0               0                  0                0                  0                     0                 0                   0                 0                0                0            285                    0                 0            285                354                   0                   0                 0             354                     639
   7:45             AM                  0               0                  0                0                  0                     0                 0                   0                 0                0                0            336                    0                 0            336                373                   0                   0                 1             373                     709
   8:00             AM                  0               0                  0                0                  0                     0                 0                   0                 0                0                0            356                    0                 0            356                358                   0                   0                 4             358                     714
   8:15             AM                  0               0                  0                0                  0                     0                 0                   0                 0                0                0            405                    0                 0            405                354                   0                   0                 0             354                     759
   8:30             AM                  0               0                  0                0                  0                     0                 0                   0                 0                0                0            424                    0                 0            424                358                   0                   0                 2             358                     782
   8:45             AM                  0               0                  0                0                  0                     0                 0                   0                 0                0                0            429                    0                 0            429                365                   0                   0                 0             365                     794
   9:00             AM                  0               0                  0                0                  0                     0                 0                   0                 0                0                0            327                    0                 0            327                262                   0                   0                 0             262                     589
   9:15             AM                  0               0                  0                0                  0                     0                 0                   0                 0                0                0            308                    0                 0            308                229                   0                   0                 1             229                     537
   9:30             AM                  0           116                159                  0              275                       0                 0                   0                 0                0                8            172                    0                 0            180                127                   0                   1                 0             128                     583
   9:45             AM                  0          141                 218                  0              359                       0                 0                   0                 0                0              10             163                    0                 0            173                122                   0                   1                 0             123                     655
 11:00               AM                 0          155                 206                  0              361                       0                 0                   0                 0                0                3            139                    0                 0            142                150                   0                   8                 6             158                     661
 11:15               AM                 0          132                 191                  0              323                       0                 0                   0                 0                0                1            146                    0                 0            147                150                   0                   9                 0             159                     629
 11:30               AM                 0          127                 199                  0              326                       0                 0                   0                 0                0                2            125                    0                 0            127                133                   0                 12                  1             145                     598
 11:45               AM                 0          121                 196                  0              317                       0                 0                   0                 0                0                4            132                    0                 0            136                132                   0                 12                  5             144                     597
 12:00                 PM               0           117                218                  0              335                       0                 0                   0                 0                0                3            148                    0                 0            151                177                   0                   9                 3             186                     672
 12:15                 PM               0           110                174                  0              284                       0                 0                   0                 0                0                1            132                    0                 0            133                129                   0                   3                 2             132                     549
 12:30                 PM               0          134                 197                  0              331                       0                 0                   0                 0                0                2            132                    0                 0            134                 118                  0                 14                  1             132                     597
 12:45                 PM               0           116                191                  0              307                       0                 0                   0                 0                0                8            118                    0                 0            126                123                   0                 14                  0             137                     570
   1:00              PM                 0          104                 216                  0              320                       0                 0                   0                 0                0                9            144                    0                 0            153                126                   0                   4                 1             130                     603
   1:15              PM                 0             86               176                  0              262                       0                 0                   0                 0                0                7            107                    0                 0             114                 97                  0                   0                 1               97                    473
   1:30              PM                 0             92               188                  0              280                       0                 0                   0                 0                0                4            108                    0                 0             112               134                   0                   3                 0             137                     529
   1:45              PM                 0          100                 201                  0              301                       2                 0                   0                 0                2                1            101                    0                 0            102                 111                  0                   0                 1             111                     516
   4:00              PM                 0          350                 406                  0              756                       0                 0                   0                 0                0                0                0                  0                 0                 0                 0                 0                 66                  2               66                    822
   4:15              PM                 0          358                 412                  0              770                       0                 0                   0                 0                0                0                0                  0                 0                 0                 0                 0                 75                  8               75                    845
   4:30              PM                 0          352                 409                  0              761                       0                 0                   0                 0                0                0                0                  0                 0                 0                 0                 0                 81                15                81                    842
   4:45              PM                 0          447                 322                  0              769                       0                 0                   0                 0                0                0                0                  0                 0                 0                 0                 0                 72                  8               72                    841
   5:00              PM                 0          429                 290                  0              719                       0                 0                   0                 0                0                0                0                  0                 0                 0                 0                 0                 51                  4               51                    770
   5:15              PM                 0          412                 354                  0              766                       0                 0                   0                 0                0                0                5                  0                 0                 5                 0                 0                 52                  1               52                    823
   5:30              PM                 0          455                 349                  0              804                       0                 0                   0                 0                0                0                0                  0                 0                 0                 0                 0                 36                  9               36                    840
   5:45              PM                 0          444                 280                  0              724                       0                 0                   0                 0                0                0                0                  0                 0                 0                 0                 0                 38                11                38                    762
   6:00              PM                 0          523                 387                  0              910                       0                 0                   0                 0                0                0                0                  0                 0                 0                 0                 0                 57                15                57                    967
   6:15              PM                 0          195                 326                  0              521                       0                 0                   0                 0                0                2              42                   0                 0               44                32                  0                 23                  3               55                    620
   6:30              PM                 0          193                 282                  0              475                       0                 0                   0                 0                0                9            156                    0                 0            165                  94                  0                   9                 7             103                     743
   6:45              PM                 0          192                 267                  0              459                       0                 0                   0                 0                0                5            140                    0                 0            145                  65                  0                   5                 5               70                    674
         Total                          0        6001                6814                   0          12815                         2                 0                   0                 0                2              79           5537                     0                 0          5616               5416                    0               655               127            6071                  24504
      App             %             0.0            46.8              53.2                 0.0                                100.0                   0.0               0.0               0.0                                 1.4           98.6                 0.0               0.0                               89.2                 0.0             10.8                2.1
     Total              %           0.0            24.5              27.8                 0.0             52.3                   0.0                 0.0               0.0               0.0               0.0               0.3           22.6                 0.0               0.0             22.9              22.1                 0.0               2.7               0.5             24.8
   INT            ID                                      ROAD 1                                                                                                ROAD 2                                                                      ROAD 3                                 ROAD 4                                    COMMUNITY                                                       TMC DATE
      124                             14TH STREET                                              NW                                 DELAFIELD PLACE NW                                                                                                                                                                                                 -                                        5/12/2016
                                           TRUCKS
                                           NB                                                                                                             SB                                                                                                                 WB
              Start                           Left               Thru                   Right                   Ped                      NB                  Left                 Thru                    Right                     Ped                     SB                    Left                 Thru                   Right                       Ped                       WB                       Interval
            Time                                                                                                                     Total                                                                                                              Total                                                                                                                    Total                           Total
       7:00             AM                        0                    0                      0                      0                      0                    0                      0                        0                       0                     0                      0                     0                        0                         3                        0                               0
       7:15             AM                        0                    0                      0                      0                      0                    0                      0                        0                       0                     0                      0                     0                        0                         7                        0                               0
       7:30             AM                        0                    0                      0                      0                      0                    0                      3                        0                       0                     3                      0                     0                        0                         0                        0                               3
       7:45             AM                        0                    0                      0                      0                      0                    0                      9                        0                       0                     9                      0                     0                        0                         1                        0                               9
       8:00             AM                        0                    0                      0                      0                      0                    0                      3                        0                       0                     3                      0                     0                        0                         4                        0                               3
       8:15             AM                        0                    0                      0                      0                      0                    0                      1                        0                       0                     1                      1                     0                        0                         0                        1                               2
       8:30             AM                        0                    0                      0                      0                      0                    0                      0                        0                       0                     0                      0                     0                        0                         2                        0                               0
       8:45             AM                        0                    0                      0                      0                      0                    0                      0                        0                       0                     0                      2                     0                        0                         0                        2                               2
       9:00             AM                        0                    0                      0                      0                      0                    0                      3                        0                       0                     3                      1                     0                        0                         0                        1                               4
       9:15             AM                        0                    0                      0                      0                      0                    0                      3                        0                       0                     3                      3                     0                        0                         1                        3                               6
       9:30             AM                        0                    1                      0                      0                      1                    0                      0                        0                       0                     0                      0                     0                        0                         0                        0                               1
       9:45             AM                        0                    0                      1                      0                      1                    0                      0                        0                       0                     0                      0                     0                        0                         0                        0                               1
     11:00               AM                       0                    0                      1                      0                      1                    0                      2                        0                       0                     2                      0                     0                        0                         6                        0                               3
     11:15               AM                       0                    1                      0                      0                      1                    0                      2                        0                       0                     2                      0                     0                        0                         0                        0                               3
     11:30               AM                       0                    5                      2                      0                      7                    0                      0                        0                       0                     0                      0                     0                        0                         1                        0                               7
     11:45               AM                       0                    2                      0                      0                      2                    0                      0                        0                       0                     0                      1                     0                        0                         5                        1                               3
     12:00                 PM                     0                    2                      0                      0                      2                    0                      2                        0                       0                     2                      0                     0                        0                         3                        0                               4
     12:15                 PM                     0                    2                      0                      0                      2                    0                      1                        0                       0                     1                      1                     0                        0                         2                        1                               4
     12:30                 PM                     0                    4                      2                      0                      6                    0                      4                        0                       0                     4                      0                     0                        0                         1                        0                             10
     12:45                 PM                     0                    6                      2                      0                      8                    0                      4                        0                       0                     4                      0                     0                        0                         0                        0                             12
       1:00              PM                       0                    4                      2                      0                      6                    0                      4                        0                       0                     4                      0                     0                        0                         1                        0                             10
       1:15              PM                       0                    0                      0                      0                      0                    0                      0                        0                       0                     0                      0                     0                        0                         1                        0                               0
       1:30              PM                       0                    4                      4                      0                      8                    0                      2                        0                       0                     2                      3                     0                        0                         0                        3                             13
       1:45              PM                       0                    0                      1                      0                      1                    0                      6                        0                       0                     6                      3                     0                        0                         1                        3                             10
       4:00              PM                       0                    0                      0                      0                      0                    0                      0                        0                       0                     0                      0                     0                        0                         2                        0                               0
       4:15              PM                       0                    2                      0                      0                      2                    0                      0                        0                       0                     0                      0                     0                        0                         8                        0                               2
       4:30              PM                       0                    2                      2                      0                      4                    0                      0                        0                       0                     0                      0                     0                        0                      15                          0                               4
       4:45              PM                       0                    1                      1                      0                      2                    0                      0                        0                       0                     0                      0                     0                        0                         8                        0                               2
       5:00              PM                       0                    1                      0                      0                      1                    0                      0                        0                       0                     0                      0                     0                        0                         4                        0                               1
       5:15              PM                       0                    3                      0                      0                      3                    0                      0                        0                       0                     0                      0                     0                        1                         1                        1                               4
       5:30              PM                       0                    2                      0                      0                      2                    0                      0                        0                       0                     0                      0                     0                        0                         9                        0                               2
       5:45              PM                       0                    3                      0                      0                      3                    0                      0                        0                       0                     0                      0                     0                        0                      11                          0                               3
       6:00              PM                       0                    2                      0                      0                      2                    0                      0                        0                       0                     0                      0                     0                        0                      15                          0                               2
       6:15              PM                       0                    0                      0                      0                      0                    0                      0                        0                       0                     0                      0                     0                        0                         3                        0                               0
       6:30              PM                       0                    0                      0                      0                      0                    0                      1                        0                       0                     1                      0                     0                        0                         7                        0                               1
       6:45              PM                       0                    0                      0                      0                      0                    0                      0                        0                       0                     0                      0                     0                        0                         5                        0                               0
             Total                                0                 47                      18                       0                   65                      0                   50                          0                       0                   50                     15                      0                        1                    127                         16                           131
          App             %                    0.0               72.3                    27.7                     0.0                                         0.0               100.0                         0.0                    0.0                                        93.8                     0.0                     6.2                   793.8
         Total              %                  0.0               35.9                    13.7                     0.0                 49.6                    0.0                 38.2                        0.0                    0.0                 38.2                    11.5                    0.0                     0.8                     96.9                      12.2
   INT            ID                                      ROAD 1                                                                                                ROAD 2                                                                      ROAD 3                                 ROAD 4                                    COMMUNITY                                                       TMC DATE
      124                             14TH STREET                                              NW                                 DELAFIELD PLACE NW                                                                                                                                                                                                 -                                        5/12/2016
