                                                                               Turning                                      Movement                                                     Count                                Report                                   -      Cars                         &           Trucks
  INT            ID                                    ROAD 1                                                                                                   ROAD 2                                                                           ROAD 3                                ROAD 4                                  COMMUNITY                                                     TMC DATE
      130                          46TH STREET                                              NW                               DAVENPORT                                            STREET                            NW                                                                                                                                 -                                      2/17/2016
                               CARS
                               NB                                                                                        EB                                                                                         SB                                                                                         WB
        Start                   Left           Thru               Right               Ped                 NB              Left            Thru               Right               Ped                 EB              Left            Thru              Right                Ped                 SB                Left             Thru               Right                Ped                WB                 Interval
       Time                                                                                            Total                                                                                     Total                                                                                       Total                                                                                         Total                     Total
 7:00             AM                0                9                  0                  4                 9                0                 0                  1                  2                 1                0              24                    0                 2                24                   0                  0                  0                  0                  0                      34
 7:15             AM                0                6                  0                  1                 6                0                 1                  2                  3                 3                0              25                    0                 1                25                   0                  0                  1                  0                  1                      35
 7:30             AM                0              18                   1                  0               19                 0                 0                  0                  0                 0                2              43                    2                 0                47                   1                  1                  1                  3                  3                      69
 7:45             AM                1              15                   0                  1               16                 0                 1                  1                  1                 2                2              43                    1                 0                46                   1                  0                  2                  1                  3                      67
 8:00             AM                1              22                   0                  1               23                 0                 0                  1                  0                 1                1              36                    1                 0                38                   2                  2                  0                  1                  4                      66
 8:15             AM                0              19                   1                  2               20                 0                 4                  1                  0                 5                1              48                    0                 0                49                   1                  0                  0                  1                  1                      75
 8:30             AM                1              26                   3                  0               30                 0                 3                  0                  0                 3                0              49                    0                 2                49                   1                  2                  1                  0                  4                      86
 8:45             AM                1              29                   0                  1               30                 1                 1                  1                  1                 3                0              45                    1                 1                46                   1                  2                  2                  2                  5                      84
 9:00             AM                0              20                   0                  0               20                 0                 2                  0                  1                 2                1              42                    2                 0                45                   0                  1                  2                  1                  3                      70
 9:15             AM                0              16                   1                  0               17                 1                 1                  2                  1                 4                3              35                    0                 1                38                   0                  0                  3                  0                  3                      62
 9:30             AM                0              11                   1                  0               12                 0                 1                  1                  0                 2                0              26                    0                 0                26                   1                  0                  3                  1                  4                      44
 9:45             AM                0              14                   0                  0               14                 0                 4                  0                  3                 4                0              23                    0                 2                23                   1                  0                  0                  0                  1                      42
 4:00             PM                1              20                   1                  1               22                 1                 0                  0                  0                 1                1              30                    0                 0                31                   0                  3                  2                  1                  5                      59
 4:15             PM                2              33                   1                  0               36                 0                 1                  0                  0                 1                0              23                    0                 2                23                   0                  0                  2                  3                  2                      62
 4:30             PM                2              24                   2                  0               28                 0                 0                  1                  1                 1                3              27                    1                 2                31                   0                  1                  1                  0                  2                      62
 4:45             PM                1              21                   0                  1               22                 0                 2                  2                  3                 4                1              26                    0                 4                27                   0                  0                  1                  1                  1                      54
 5:00             PM                1              24                   1                  1               26                 1                 2                  0                  0                 3                1              20                    3                 0                24                   0                  2                  1                  2                  3                      56
 5:15             PM                1              35                   1                  2               37                 0                 0                  1                  0                 1                1              23                    3                 2                27                   1                  3                  0                  3                  4                      69
 5:30             PM                0              30                   0                  2               30                 1                 1                  2                  2                 4                0              20                    3                 4                23                   2                  4                  2                  0                  8                      65
 5:45             PM                1              28                   1                  1               30                 0                 0                  3                  0                 3                0              32                    0                 0                32                   2                  0                  0                  1                  2                      67
 6:00             PM                0              37                   1                  0               38                 0                 1                  1                  0                 2                1              35                    0                 2                36                   0                  1                  2                  1                  3                      79
 6:15             PM                0              22                   0                  0               22                 0                 0                  2                  0                 2                1              30                    1                 1                32                   1                  2                  0                  0                  3                      59
 6:30             PM                2              35                   1                  0               38                 0                 1                  1                  0                 2                0              25                    2                 0                27                   1                  2                  1                  0                  4                      71
 6:45             PM                1              23                   0                  1               24                 0                 0                  2                  0                 2                1              28                    2                 2                31                   1                  2                  1                  0                  4                      61
       Total                      16             537                  16                 19              569                  5              26                  25                 18                56               20             758                   22                28               800                  17                 28                 28                 22                73                    1498
     App            %            2.8            94.4                 2.8               3.3                                 8.9            46.4                44.6              32.1                                  2.5            94.8                  2.8               3.5                                 23.3              38.4                38.4               30.1
   Total              %          1.1            35.8                 1.1               1.3             38.0                0.3              1.7                 1.7               1.2               3.7               1.3            50.6                  1.5               1.9             53.4                  1.1               1.9                 1.9                1.5                4.9
  INT            ID                                    ROAD 1                                                                                                   ROAD 2                                                                           ROAD 3                                ROAD 4                                  COMMUNITY                                                     TMC DATE
      130                          46TH STREET                                              NW                               DAVENPORT                                            STREET                            NW                                                                                                                                 -                                      2/17/2016
                           TRUCKS
                           NB                                                                                         EB                                                                                                   SB                                                                                         WB
     Start                 Left           Thru               Right                 Ped                  NB               Left             Thru              Right                   Ped                     EB              Left           Thru              Right                 Ped                  SB              Left            Thru             Right                 Ped                 WB              Interval
    Time                                                                                            Total                                                                                                Total                                                                                      Total                                                                                       Total                 Total
      7:00                      0               0                   0                  4                  0                  0                  0                 0                      2                     0                0               1                   0                  2                   1                0                0                 0                   0                  0                      1
       AM
      7:15                      0               0                   0                  1                  0                  0                  0                 0                      3                     0                0               1                   0                  1                   1                0                0                 0                   0                  0                      1
       AM
      7:30                      0               0                   0                  0                  0                  0                  0                 0                      0                     0                0               0                   0                  0                   0                0                0                 0                   3                  0                      0
       AM
      7:45                      0               0                   0                  1                  0                  0                  0                 0                      1                     0                0               0                   0                  0                   0                0                0                 0                   1                  0                      0
       AM
      8:00                      0               0                   0                  1                  0                  0                  0                 0                      0                     0                0               0                   0                  0                   0                0                0                 0                   1                  0                      0
       AM
      8:15                      0               0                   0                  2                  0                  0                  0                 0                      0                     0                0               0                   0                  0                   0                0                0                 0                   1                  0                      0
       AM
      8:30                      0               0                   0                  0                  0                  0                  0                 0                      0                     0                0               1                   0                  2                   1                0                0                 0                   0                  0                      1
       AM
      8:45                      0               0                   0                  1                  0                  0                  0                 0                      1                     0                0               2                   0                  1                   2                0                0                 0                   2                  0                      2
       AM
      9:00                      0               0                   0                  0                  0                  0                  0                 0                      1                     0                0               0                   0                  0                   0                0                0                 0                   1                  0                      0
       AM
      9:15                      0               0                   0                  0                  0                  0                  0                 0                      1                     0                0               1                   0                  1                   1                0                0                 0                   0                  0                      1
       AM
      9:30                      0               0                   0                  0                  0                  0                  0                 0                      0                     0                0               0                   0                  0                   0                0                0                 0                   1                  0                      0
       AM
      9:45                      0               1                   0                  0                  1                  0                  0                 0                      3                     0                0               1                   0                  2                   1                0                0                 0                   0                  0                      2
       AM
      4:00                      0               0                   0                  1                  0                  0                  0                 0                      0                     0                0               0                   0                  0                   0                0                0                 0                   1                  0                      0
       PM
      4:15                      0               0                   0                  0                  0                  0                  0                 0                      0                     0                0               1                   0                  2                   1                0                0                 0                   3                  0                      1
       PM
      4:30                      0               1                   0                  0                  1                  0                  0                 0                      1                     0                0               0                   0                  2                   0                0                0                 0                   0                  0                      1
       PM
      4:45                      0               0                   0                  1                  0                  0                  0                 0                      3                     0                0               0                   0                  4                   0                0                0                 0                   1                  0                      0
       PM
      5:00                      0               0                   0                  1                  0                  1                  0                 0                      0                     1                0               1                   0                  0                   1                0                0                 0                   2                  0                      2
       PM
      5:15                      0               0                   0                  2                  0                  0                  0                 0                      0                     0                0               0                   0                  2                   0                0                0                 0                   3                  0                      0
       PM
      5:30                      0               0                   0                  2                  0                  0                  0                 0                      2                     0                0               1                   0                  4                   1                0                0                 0                   0                  0                      1
       PM
      5:45                      0               0                   0                  1                  0                  0                  0                 0                      0                     0                0               0                   0                  0                   0                0                0                 0                   1                  0                      0
       PM
      6:00                      0               0                   0                  0                  0                  0                  0                 0                      0                     0                0               0                   0                  2                   0                0                0                 0                   1                  0                      0
       PM
      6:15                      0               0                   0                  0                  0                  0                  0                 0                      0                     0                0               0                   0                  1                   0                0                0                 0                   0                  0                      0
       PM
      6:30                      0               0                   0                  0                  0                  0                  0                 0                      0                     0                0               0                   0                  0                   0                0                0                 0                   0                  0                      0
       PM
      6:45                      0               0                   0                  1                  0                  0                  0                 0                      0                     0                0               0                   0                  2                   0                0                 0                 0                  0                  0                     0
       PM
    Total                       0               2                   0                19                   2                  1                  0                 0                    18                      1                0             10                    0                28                  10                 0                 0                 0                22                   0                   13
  App             %         0.0          100.0                   0.0            950.0                                 100.0                 0.0                0.0            1,800.0                                       0.0          100.0                   0.0            280.0                                    0.0              0.0                0.0                0.0
Total              %        0.0            15.4                  0.0            146.2                15.4                 7.7               0.0                0.0               138.5                      7.7             0.0            76.9                  0.0            215.4                76.9                0.0              0.0                0.0            169.2                  0.0
  INT            ID                                    ROAD 1                                                                                                   ROAD 2                                                                           ROAD 3                                ROAD 4                                  COMMUNITY                                                     TMC DATE
      130                          46TH STREET                                              NW                               DAVENPORT                                            STREET                            NW                                                                                                                                 -                                      2/17/2016
