                                                                               Turning                                      Movement                                                     Count                                Report                                   -      Cars                         &           Trucks
   INT            ID                                                     ROAD 1                                                                                                  ROAD 2                                                       ROAD 3                                 ROAD 4                                    COMMUNITY                                                     TMC DATE
      133                               MINNESOTA AVENUE SE                                                                                                   19TH STREET                                              SE                                                                                                                             -                                       2/25/2016
                               CARS
                               NB                                                                                        EB                                                                                        SB                                                                                          WB
        Start                   Left           Thru               Right               Ped                 NB              Left           Thru               Right               Ped                 EB               Left            Thru              Right                Ped                 SB               Left             Thru               Right                Ped                WB                 Interval
       Time                                                                                            Total                                                                                     Total                                                                                       Total                                                                                        Total                     Total
 7:00             AM                0                0                  4                  0                 4                3              51                   0                  2               54                  2                0                   1                 4                  3                 0                40                   3                  4                43                     104
 7:15             AM                0                1                  4                  0                 5                1              55                   1                  3               57                  3                0                   2                 4                  5                 2                48                   5                  4                55                     122
 7:30             AM                0                1                  4                  0                 5                2              58                   1                  6               61                  3                0                   0                 3                  3                 0                67                   4                  3                71                     140
 7:45             AM                0              10                   2                  1               12                 1              64                   0                  5               65                  5                0                   1                 4                  6                 1                79                   6                  3                86                     169
 8:00             AM                0                4                  6                  2               10                 4              68                   1                  5               73                  3                1                   1                 3                  5                 1                72                 12                   9                85                     173
 8:15             AM                0                5                  1                  3                 6                2              85                   0                  2               87                  1                1                   3                 0                  5                 1                65                  11                  4                77                     175
 8:30             AM                0                6                  5                  1               11                 3              81                   1                  3               85                  0                0                   2                 1                  2                 3                68                 10                  11                81                     179
 8:45             AM                2                2                  3                  0                 7                4              66                   0                12                70                  5                0                   1                 7                  6                 2                64                   8                  9                74                     157
 9:00             AM                1                1                  5                  4                 7                1              90                   1                  9               92                  2                1                   2                 3                  5                 1                73                   7                  2                81                     185
 9:15             AM                0                1                  7                  2                 8                3              56                   2                  8               61                  4                0                   2                 4                  6                 2                68                   7                  4                77                     152
 9:30             AM                0                1                  5                  1                 6                2              66                   4                  5               72                  4                1                   2                 3                  7                 1                74                   4                  0                79                     164
 9:45             AM                0                0                  4                  1                 4                1              61                   3                  8               65                  1                0                   2                 1                  3                 4                58                   4                  4                66                     138
 4:00             PM                0                1                  1                  3                 2                2            124                    0                  5             126                   4                1                   3                 3                  8                 1                82                   8                13                 91                     227
 4:15             PM                3                3                  0                  2                 6                2            116                    2                  8             120                   4                1                   2                 3                  7                 4                70                   5                10                 79                     212
 4:30             PM                0                1                  1                  0                 2                2            140                    0                  8             142                   0                0                   2                 4                  2                 3                79                 14                   5                96                     242
 4:45             PM                3                1                  1                  1                 5                4            113                    2                  7             119                   4                0                   3                 4                  7                 1                79                  11                  7                91                     222
 5:00             PM                0                2                  4                  0                 6                5            121                    2                  3             128                   4                2                   3                 4                  9                 1                75                 12                   2                88                     231
 5:15             PM                0                1                  4                  0                 5                3            111                    0                  1             114                   4                0                   1                 2                  5                 4                60                   8                  3                72                     196
 5:30             PM                0                1                  5                  2                 6                1            108                    1                  3             110                   4                2                   0                 8                  6                 2                69                   6                  6                77                     199
 5:45             PM                1                3                  3                  0                 7                2            106                    2                  5             110                   5                1                   4                 3                10                  3                78                 17                   4                98                     225
 6:00             PM                1                1                  5                  0                 7                0              93                   1                  3               94                  1                0                   4                 0                  5                 1                76                 16                   1                93                     199
 6:15             PM                1                4                  4                  5                 9                4              90                   2                  2               96                  4                1                   4                 3                  9                 4                71                   9                  4                84                     198
 6:30             PM                0                1                  7                  1                 8                3              85                   0                  8               88                  5                0                   4                 8                  9                 3                75                   7                  3                85                     190
 6:45             PM                0                1                  1                  2                 2                2              85                   0                  6               87                  2                2                   4                 3                  8                 9                82                 19                   5              110                      207
       Total                      12               52                 86                 31              150                57          2093                    26               127             2176                  74               14                  53                82               141                 54            1672                  213                120             1939                      4406
     App            %            8.0            34.7               57.3              20.7                                  2.6            96.2                 1.2               5.8                               52.5                9.9               37.6              58.2                                   2.8             86.2                11.0                 6.2
   Total              %          0.3              1.2                2.0               0.7               3.4               1.3            47.5                 0.6               2.9             49.4                1.7               0.3                 1.2                1.9               3.2               1.2             37.9                  4.8                2.7              44.0
   INT            ID                                                     ROAD 1                                                                                                  ROAD 2                                                       ROAD 3                                 ROAD 4                                    COMMUNITY                                                     TMC DATE
      133                               MINNESOTA AVENUE SE                                                                                                   19TH STREET                                              SE                                                                                                                             -                                       2/25/2016
                             TRUCKS
                             NB                                                                                              EB                                                                                       SB                                                                                              WB
       Start                  Left          Thru             Right                    Ped                     NB             Left           Thru             Right                 Ped                  EB             Left          Thru             Right                    Ped                     SB              Left            Thru             Right                 Ped                 WB              Interval
     Time                                                                                                  Total                                                                                    Total                                                                                           Total                                                                                      Total                  Total
7:00             AM               0               0                 0                      0                     0                0              8                 0                   2                  8                0               0                 0                      4                     0                0                 3                 0                  4                   3                   11
7:15             AM               0               0                 0                      0                     0                0              5                 0                   3                  5                0               0                 0                      4                     0                0                 3                 0                  4                   3                      8
7:30             AM               0               0                 0                      0                     0                0              8                 0                   6                  8                0               0                 0                      3                     0                0                 5                 0                  3                   5                   13
7:45             AM               0               0                 0                      1                     0                1            10                  0                   5                11                 0               0                 0                      4                     0                0                 4                 0                  3                   4                   15
8:00             AM               0               0                 1                      2                     1                0              5                 0                   5                  5                0               0                 0                      3                     0                0                 0                 1                  9                   1                      7
8:15             AM               0               0                 0                      3                     0                0              3                 0                   2                  3                0               0                 0                      0                     0                0                 8                 0                  4                   8                   11
8:30             AM               0               0                 0                      1                     0                0              2                 0                   3                  2                0               0                 0                      1                     0                0                 3                 0                 11                   3                      5
8:45             AM               0               0                 0                      0                     0                0              1                 0                 12                   1                0               0                 0                      7                     0                0                 4                 1                  9                   5                      6
9:00             AM               0               0                 0                      4                     0                0              6                 0                   9                  6                0               0                 0                      3                     0                0                 8                 0                  2                   8                   14
9:15             AM               0               0                 0                      2                     0                0              3                 0                   8                  3                0               0                 0                      4                     0                0                 2                 0                  4                   2                      5
9:30             AM               0               0                 0                      1                     0                0              4                 0                   5                  4                0               0                 0                      3                     0                0                 7                 0                  0                   7                   11
9:45             AM               0               0                 0                      1                     0                0              0                 0                   8                  0                0               0                 0                      1                     0                0                 3                 0                  4                   3                      3
4:00             PM               0               0                 0                      3                     0                0              3                 0                   5                  3                0               0                 0                      3                     0                0                 9                 0                13                    9                   12
4:15             PM               0               0                 0                      2                     0                0              3                 0                   8                  3                0               0                 0                      3                     0                0                 4                 1                10                    5                      8
4:30             PM               0               0                 0                      0                     0                0              2                 0                   8                  2                0               0                 0                      4                     0                0                 2                 0                  5                   2                      4
4:45             PM               0               0                 0                      1                     0                0              1                 0                   7                  1                0               0                 0                      4                     0                0                 6                 0                  7                   6                      7
5:00             PM               0               0                 0                      0                     0                0              2                 0                   3                  2                0               0                 1                      4                     1                0                 6                 0                  2                   6                      9
5:15             PM               0               0                 0                      0                     0                0              3                 0                   1                  3                0               0                 0                      2                     0                0                 3                 0                  3                   3                      6
5:30             PM               0               0                 0                      2                     0                0              1                 0                   3                  1                0               0                 0                      8                     0                0                 1                 1                  6                   2                      3
5:45             PM               0               0                 0                      0                     0                0              4                 0                   5                  4                0               0                 0                      3                     0                0                 1                 0                  4                   1                      5
6:00             PM               0               0                 0                      0                     0                0              2                 0                   3                  2                0               0                 0                      0                     0                0                 1                 0                  1                   1                      3
6:15             PM               0               0                 0                      5                     0                0              2                 0                   2                  2                0               0                 0                      3                     0                0                 1                 0                  4                   1                      3
6:30             PM               0               0                 0                      1                     0                0              0                 0                   8                  0                0               0                 0                      8                     0                0                 2                 0                  3                   2                      2
6:45             PM               0               0                 0                      2                     0                0              4                 0                   6                  4                0               0                 0                      3                     0                0                 3                 0                  5                   3                      7
      Total                       0               0                 1                    31                      1                1            82                  0               127                  83                 0               0                 1                    82                      1                0              89                   4              120                  93                   178
   App             %          0.0             0.0           100.03,100.0                                                      1.2           98.8                 0.0            153.0                                  0.0             0.0            100.08,200.0                                                      0.0            95.7                 4.3            129.0
  Total              %        0.0             0.0                0.6                 17.4                    0.6              0.6           46.1                 0.0              71.3               46.6              0.0             0.0                0.6                 46.1                    0.6               0.0            50.0                 2.2              67.4               52.2
   INT            ID                                                     ROAD 1                                                                                                  ROAD 2                                                       ROAD 3                                 ROAD 4                                    COMMUNITY                                                     TMC DATE
      133                               MINNESOTA AVENUE SE                                                                                                   19TH STREET                                              SE                                                                                                                             -                                       2/25/2016
