                                                                               Turning                                      Movement                                                     Count                                Report                                   -      Cars                         &           Trucks
  INT            ID                                                        ROAD 1                                                                                                 ROAD 2                                                       ROAD 3                                ROAD 4                                   COMMUNITY                                                      TMC DATE
      135                               SAVANNAH TERRACE SE                                                                                                    22ND STREET                                               SE                                                                                                                           -                                       2/25/2016
                              CARS
                              NB                                                                                         EB                                                                                         SB                                                                                         WB
        Start                   Left           Thru               Right               Ped                 NB               Left           Thru               Right               Ped                 EB              Left            Thru              Right                Ped                 SB               Left             Thru               Right                Ped                WB                 Interval
      Time                                                                                             Total                                                                                     Total                                                                                       Total                                                                                        Total                     Total
 7:00             AM                0                1                  0                  0                 1               15                 0                  1                  0               16                 0                2                 10                  1                12                  0                  0                  0                  0                  0                       29
 7:15             AM                1                1                  0                  0                 2               10                 0                  0                  4               10                 0                1                   8                 3                  9                 0                  0                  0                  4                  0                       21
 7:30             AM                0                1                  0                  0                 1               20                 0                  2                  2               22                 0                0                 12                  3                12                  0                  0                  0                  0                  0                       35
 7:45             AM                5                3                  0                  0                 8               25                 0                  1                  0               26                 0                0                 11                  1                11                  0                  0                  0                  0                  0                       45
 8:00             AM                1                2                  0                  0                 3               21                 0                  0                  0               21                 0                2                 21                12                 23                  0                  0                  0                  0                  0                       47
 8:15             AM                3                2                  0                  0                 5               24                 0                  1                  0               25                 0                6                 14                13                 20                  0                  0                  0                  1                  0                       50
 8:30             AM                1                4                  0                  0                 5               18                 0                  1                  1               19                 0                2                 13                  8                15                  0                  0                  0                  1                  0                       39
 8:45             AM                1                2                  0                  0                 3               12                 0                  0                  1               12                 0                3                 18                10                 21                  0                  0                  0                  0                  0                       36
 9:00             AM                0                0                  0                  0                 0               17                 0                  0                  0               17                 0                0                 12                  5                12                  0                  0                  0                  0                  0                       29
 9:15             AM                0                1                  0                  0                 1               14                 0                  0                  1               14                 0                1                 12                  5                13                  0                  0                  0                  0                  0                       28
 9:30             AM                0                1                  0                  0                 1                 9                0                  1                  0               10                 0                1                   9                 0                10                  0                  0                  0                  0                  0                       21
 9:45             AM                0                0                  0                  0                 0               13                 0                  0                  0               13                 0                0                 14                  2                14                  0                  0                  0                  0                  0                       27
 4:00             PM                1                4                  0                  0                 5               10                 0                  2                  1               12                 0                4                 21                  5                25                  0                  0                  0                  0                  0                       42
 4:15             PM                1                1                  0                  0                 2               14                 0                  2                  0               16                 0                4                 20                  8                24                  0                  0                  0                  2                  0                       42
 4:30             PM                2                5                  0                  0                 7               25                 0                  3                  0               28                 0                2                 18                  9                20                  0                  0                  0                  0                  0                       55
 4:45             PM                0                2                  0                  0                 2               31                 0                  0                  5               31                 0                4                 33                  8                37                  0                  0                  0                  1                  0                       70
 5:00             PM                3                2                  0                  0                 5               20                 0                  1                  1               21                 0                2                 23                  9                25                  0                  0                  0                  1                  0                       51
 5:15             PM                1                2                  0                  0                 3               18                 0                  1                  4               19                 0                1                 24                  7                25                  0                  0                  0                  2                  0                       47
 5:30             PM                3                5                  0                  0                 8               13                 0                  2                  2               15                 0                7                 28                  5                35                  0                  0                  0                  0                  0                       58
 5:45             PM                2                3                  0                  0                 5               16                 0                  2                  2               18                 0                4                 28                  3                32                  0                  0                  0                  3                  0                       55
 6:00             PM                1                5                  0                  0                 6               12                 0                  1                  3               13                 0                5                 15                  4                20                  0                  0                  0                  1                  0                       39
 6:15             PM                2                3                  0                  0                 5               11                 0                  1                  0               12                 0                2                 17                  1                19                  0                  0                  0                  1                  0                       36
 6:30             PM                3                1                  0                  0                 4               21                 0                  3                  1               24                 0                2                 22                  0                24                  0                  0                  0                  0                  0                       52
 6:45             PM                0                3                  0                  0                 3               17                 0                  2                  3               19                 0                4                 18                  2                22                  0                  0                  0                  0                  0                       44
       Total                      31               54                   0                  0               85              406                  0                27                 31             433                   0              59               421                124                480                   0                  0                  0                17                   0                    998
    App             %          36.5             63.5                 0.0               0.0                               93.8                0.0                6.2               7.2                                 0.0            12.3                87.7              25.8                                   0.0               0.0                 0.0                0.0
   Total              %          3.1              5.4                0.0               0.0               8.5             40.7                0.0                2.7               3.1             43.4                0.0              5.9               42.2              12.4              48.1                 0.0               0.0                 0.0                1.7                0.0
  INT            ID                                                        ROAD 1                                                                                                 ROAD 2                                                       ROAD 3                                ROAD 4                                   COMMUNITY                                                      TMC DATE
      135                               SAVANNAH TERRACE SE                                                                                                    22ND STREET                                               SE                                                                                                                           -                                       2/25/2016
                             TRUCKS
                             NB                                                                                    EB                                                                                         SB                                                                                                 WB
       Start                  Left           Thru             Right              Ped                NB             Left           Thru              Right                 Ped                   EB             Left          Thru              Right                     Ped                      SB               Left            Thru              Right                 Ped                  WB               Interval
     Time                                                                                        Total                                                                                      Total                                                                                             Total                                                                                          Total                    Total
7:00             AM               0               1                 0                 0                1                0               0                  0                   0                  0                0               0                  0                      1                      0                  0                0                   0                   0                   0                       1
7:15             AM               0               0                 0                 0                0                1               0                  0                   4                  1                0               0                  1                      3                      1                  0                0                   0                   4                   0                       2
7:30             AM               0               0                 0                 0                0                0               0                  0                   2                  0                0               0                  0                      3                      0                  0                0                   0                   0                   0                       0
7:45             AM               1               0                 0                 0                1                0               0                  1                   0                  1                0               0                  0                      1                      0                  0                0                   0                   0                   0                       2
8:00             AM               0               0                 0                 0                0                0               0                  0                   0                  0                0               0                  0                    12                       0                  0                0                   0                   0                   0                       0
8:15             AM               0               0                 0                 0                0                1               0                  0                   0                  1                0               0                  1                    13                       1                  0                0                   0                   1                   0                       2
8:30             AM               0               0                 0                 0                0                0               0                  0                   1                  0                0               0                  0                      8                      0                  0                0                   0                   1                   0                       0
8:45             AM               0               0                 0                 0                0                0               0                  0                   1                  0                0               0                  0                    10                       0                  0                0                   0                   0                   0                       0
9:00             AM               0               0                 0                 0                0                0               0                  0                   0                  0                0               0                  0                      5                      0                  0                0                   0                   0                   0                       0
9:15             AM               0               0                 0                 0                0                0               0                  0                   1                  0                0               0                  0                      5                      0                  0                0                   0                   0                   0                       0
9:30             AM               0               0                 0                 0                0                0               0                  0                   0                  0                0               0                  0                      0                      0                  0                0                   0                   0                   0                       0
9:45             AM               0               0                 0                 0                0                0               0                  0                   0                  0                0               0                  0                      2                      0                  0                0                   0                   0                   0                       0
4:00             PM               0               0                 0                 0                0                0               0                  0                   1                  0                0               0                  1                      5                      1                  0                0                   0                   0                   0                       1
4:15             PM               1               0                 0                 0                1                0               0                  1                   0                  1                0               0                  0                      8                      0                  0                0                   0                   2                   0                       2
4:30             PM               0               0                 0                 0                0                0               0                  0                   0                  0                0               0                  0                      9                      0                  0                0                   0                   0                   0                       0
4:45             PM               0               0                 0                 0                0                0               0                  0                   5                  0                0               0                  0                      8                      0                  0                0                   0                   1                   0                       0
5:00             PM               0               0                 0                 0                0                0               0                  0                   1                  0                0               0                  0                      9                      0                  0                0                   0                   1                   0                       0
5:15             PM               0               0                 0                 0                0                0               0                  0                   4                  0                0               0                  0                      7                      0                  0                0                   0                   2                   0                       0
5:30             PM               0               0                 0                 0                0                0               0                  0                   2                  0                0               0                  0                      5                      0                  0                0                   0                   0                   0                       0
5:45             PM               0               0                 0                 0                0                0               0                  0                   2                  0                0               0                  0                      3                      0                  0                0                   0                   3                   0                       0
6:00             PM               0               0                 0                 0                0                0               0                  0                   3                  0                0               1                  0                      4                      1                  0                0                   0                   1                   0                       1
6:15             PM               1               0                 0                 0                1                0               0                  0                   0                  0                0               0                  0                      1                      0                  0                0                   0                   1                   0                       1
6:30             PM               0               0                 0                 0                0                0               0                  0                   1                  0                0               0                  0                      0                      0                  0                0                   0                   0                   0                       0
6:45             PM               0               0                 0                 0                0                0               0                  0                   3                  0                0               0                  0                      2                      0                  0                0                   0                   0                   0                       0
      Total                       3               1                 0                 0                4                2               0                  2                 31                   4                0               1                  3                  124                        4                  0                0                   0                 17                    0                     12
   App             %         75.025.0                             0.0              0.0                            50.0              0.0              50.0              775.0                                   0.0            25.0              75.0              3,100.0                                           0.0               0.0               0.0                 0.0
  Total              %25.0                     8.3                0.0              0.0           33.3             16.7              0.0              16.7              258.3                 33.3              0.0              8.3             25.0              1,033.3                      33.3                 0.0               0.0               0.0             141.7                    0.0
  INT            ID                                                        ROAD 1                                                                                                 ROAD 2                                                       ROAD 3                                ROAD 4                                   COMMUNITY                                                      TMC DATE
      135                               SAVANNAH TERRACE SE                                                                                                    22ND STREET                                               SE                                                                                                                           -                                       2/25/2016
