                                                                               Turning                                      Movement                                                     Count                                Report                                   -      Cars                         &           Trucks
   INT            ID                                                      ROAD 1                                                                                              ROAD 2                                                     ROAD 3                                  ROAD 4                                     COMMUNITY                                                       TMC DATE
       136                                 SOUTHERN AVENUE SE                                                                                                 9TH STREET                                          SE                                                                                                                                -                                          3/2/2016
                               CARS
                               NB                                                                                        EB                                                                                         SB                                                                                         WB
        Start                   Left           Thru               Right               Ped                 NB               Left           Thru               Right               Ped                 EB              Left            Thru              Right                Ped                 SB               Left             Thru               Right                Ped                WB                 Interval
       Time                                                                                            Total                                                                                     Total                                                                                       Total                                                                                        Total                     Total
 7:00             AM                8            118                    0                  0             126                   3                0                  1                  0                 4                0              65                    3                 0                68                  0                  0                  0                  3                  0                    198
 7:15             AM              12             158                    0                  0             170                   7                0                  2                  0                 9                0              70                    6                 2                76                  0                  0                  0                  5                  0                    255
 7:30             AM              17             168                    0                  0             185                   9                0                  4                  0               13                 0              81                    2                 2                83                  0                  0                  0                  3                  0                    281
 7:45             AM              29             135                    0                  0             164                   5                0                  5                  0               10                 0            103                   10                  6              113                   0                  0                  0                  8                  0                    287
 8:00             AM              29             153                    0                  0             182                   2                0                  9                  0               11                 0              84                    7                 8                91                  0                  0                  0                  5                  0                    284
 8:15             AM              21             176                    0                  0             197                   6                0                10                   0               16                 0              83                    4                 9                87                  0                  0                  0                  5                  0                    300
 8:30             AM              13             128                    0                  0             141                   3                0                  5                  0                 8                0              78                    5                 2                83                  0                  0                  0                  0                  0                    232
 8:45             AM                7            130                    0                  0             137                   6                0                  4                  0               10                 0              93                    1                 0                94                  0                  0                  0                  1                  0                    241
 9:00             AM                5            114                    0                  0             119                   4                0                  1                  0                 5                0              83                    7                 1                90                  0                  0                  0                  3                  0                    214
 9:15             AM                2              81                   0                  0               83                  2                0                  6                  0                 8                0              78                    3                 0                81                  0                  0                  0                  1                  0                    172
 9:30             AM              10               62                   0                  0               72                  6                0                  4                  0               10                 0              65                    3                 3                68                  0                  0                  0                  0                  0                    150
 9:45             AM                3              66                   0                  0               69                  6                0                  8                  0               14                 0              68                    7                 2                75                  0                  0                  0                  0                  0                    158
 4:00             PM                7            121                    0                  0             128                   5                0                15                   0               20                 0              95                    2                 2                97                  0                  0                  0                  0                  0                    245
 4:15             PM                9            113                    0                  0             122                 17                 0                19                   0               36                 0            133                     4                 4              137                   0                  0                  0                  0                  0                    295
 4:30             PM                9            125                    0                  0             134                 14                 0                  9                  0               23                 0            122                     6                 3              128                   0                  0                  0                  1                  0                    285
 4:45             PM                8            112                    0                  0             120                 21                 0                18                   0               39                 0            122                     7                 4              129                   0                  0                  0                  7                  0                    288
 5:00             PM                7            130                    0                  0             137                 17                 0                18                   0               35                 0            104                     3                 5              107                   0                  0                  0                  0                  0                    279
 5:15             PM              13             127                    0                  0             140                 20                 0                20                   0               40                 0            143                     4                 4              147                   0                  0                  0                  2                  0                    327
 5:30             PM               11            134                    0                  0             145                 13                 0                 11                  0               24                 0            136                     6                 1              142                   0                  0                  0                  0                  0                    311
 5:45             PM                4            118                    0                  0             122                 14                 0                17                   0               31                 0            141                     2                 1              143                   0                  0                  0                  3                  0                    296
 6:00             PM                8            126                    0                  0             134                 22                 0                12                   0               34                 0            147                     5                 7              152                   0                  0                  0                  0                  0                    320
 6:15             PM              13             109                    0                  0             122                 14                 0                  6                  0               20                 0            144                     1                 1              145                   0                  0                  0                  2                  0                    287
 6:30             PM              12             112                    0                  0             124                   6                0                14                   0               20                 0            131                     6                 0              137                   0                  0                  0                  3                  0                    281
 6:45             PM              13             129                    0                  0             142                 15                 0                  5                  0               20                 0            123                     3                 2              126                   0                  0                  0                  0                  0                    288
       Total                    270           2945                      0                  0           3215                237                  0              223                    0            460                   0          2492                 107                  69            2599                     0                  0                  0                52                   0                  6274
     App            %            8.4            91.6                 0.0               0.0                               51.5                0.0              48.5                0.0                                 0.0            95.9                  4.1               2.7                                  0.0               0.0                 0.0                0.0
   Total              %          4.3            46.9                 0.0               0.0             51.2                3.8               0.0                3.6               0.0               7.3               0.0            39.7                  1.7               1.1             41.4                 0.0               0.0                 0.0                0.8                0.0
   INT            ID                                                      ROAD 1                                                                                              ROAD 2                                                     ROAD 3                                  ROAD 4                                     COMMUNITY                                                       TMC DATE
       136                                 SOUTHERN AVENUE SE                                                                                                 9TH STREET                                          SE                                                                                                                                -                                          3/2/2016
                               TRUCKS
                               NB                                                                                        EB                                                                                         SB                                                                                         WB
        Start                   Left           Thru               Right               Ped                 NB               Left           Thru               Right               Ped                 EB              Left            Thru              Right                Ped                 SB               Left             Thru               Right                Ped                WB                 Interval
       Time                                                                                            Total                                                                                     Total                                                                                       Total                                                                                        Total                     Total
 7:00             AM                0                9                  0                  0                 9                 0                0                  0                  0                 0                0                8                   0                 0                  8                 0                  0                  0                  3                  0                       17
 7:15             AM                0                7                  0                  0                 7                 0                0                  0                  0                 0                0                4                   0                 2                  4                 0                  0                  0                  5                  0                       11
 7:30             AM                0                9                  0                  0                 9                 0                0                  0                  0                 0                0                3                   0                 2                  3                 0                  0                  0                  3                  0                       12
 7:45             AM                0                7                  0                  0                 7                 0                0                  0                  0                 0                0                6                   0                 6                  6                 0                  0                  0                  8                  0                       13
 8:00             AM                0              10                   0                  0               10                  0                0                  0                  0                 0                0                6                   0                 8                  6                 0                  0                  0                  5                  0                       16
 8:15             AM                1                8                  0                  0                 9                 0                0                  1                  0                 1                0                1                   0                 9                  1                 0                  0                  0                  5                  0                       11
 8:30             AM                0              10                   0                  0               10                  0                0                  0                  0                 0                0                6                   0                 2                  6                 0                  0                  0                  0                  0                       16
 8:45             AM                0                7                  0                  0                 7                 0                0                  0                  0                 0                0                6                   0                 0                  6                 0                  0                  0                  1                  0                       13
 9:00             AM                0                2                  0                  0                 2                 0                0                  0                  0                 0                0                7                   0                 1                  7                 0                  0                  0                  3                  0                         9
 9:15             AM                0                6                  0                  0                 6                 0                0                  0                  0                 0                0                7                   0                 0                  7                 0                  0                  0                  1                  0                       13
 9:30             AM                0                8                  0                  0                 8                 0                0                  0                  0                 0                0                9                   0                 3                  9                 0                  0                  0                  0                  0                       17
 9:45             AM                0                8                  0                  0                 8                 0                0                  0                  0                 0                0                4                   1                 2                  5                 0                  0                  0                  0                  0                       13
 4:00             PM                0                4                  0                  0                 4                 0                0                  0                  0                 0                0                4                   0                 2                  4                 0                  0                  0                  0                  0                         8
 4:15             PM                0                5                  0                  0                 5                 1                0                  1                  0                 2                0                5                   0                 4                  5                 0                  0                  0                  0                  0                       12
 4:30             PM                0                3                  0                  0                 3                 0                0                  1                  0                 1                0                7                   1                 3                  8                 0                  0                  0                  1                  0                       12
 4:45             PM                1              11                   0                  0               12                  0                0                  1                  0                 1                0                5                   1                 4                  6                 0                  0                  0                  7                  0                       19
 5:00             PM                0                3                  0                  0                 3                 1                0                  0                  0                 1                0                7                   0                 5                  7                 0                  0                  0                  0                  0                       11
 5:15             PM                0                8                  0                  0                 8                 0                0                  0                  0                 0                0                7                   0                 4                  7                 0                  0                  0                  2                  0                       15
 5:30             PM                0                6                  0                  0                 6                 0                0                  0                  0                 0                0                6                   0                 1                  6                 0                  0                  0                  0                  0                       12
 5:45             PM                0                6                  0                  0                 6                 1                0                  0                  0                 1                0                8                   0                 1                  8                 0                  0                  0                  3                  0                       15
 6:00             PM                0                5                  0                  0                 5                 0                0                  0                  0                 0                0                5                   0                 7                  5                 0                  0                  0                  0                  0                       10
 6:15             PM                0                6                  0                  0                 6                 1                0                  0                  0                 1                0                5                   0                 1                  5                 0                  0                  0                  2                  0                       12
 6:30             PM                1                5                  0                  0                 6                 0                0                  0                  0                 0                0                6                   0                 0                  6                 0                  0                  0                  3                  0                       12
 6:45             PM                0                4                  0                  0                 4                 0                0                  0                  0                 0                0                4                   0                 2                  4                 0                  0                  0                  0                  0                         8
       Total                        3            157                    0                  0             160                   4                0                  4                  0                 8                0            136                     3               69               139                   0                  0                  0                52                   0                    307
     App            %            1.9            98.1                 0.0               0.0                               50.0                0.0              50.0                0.0                                 0.0            97.8                  2.2             49.6                                   0.0               0.0                 0.0                0.0
   Total              %          1.0            51.1                 0.0               0.0             52.1                1.3               0.0                1.3               0.0               2.6               0.0            44.3                  1.0             22.5              45.3                 0.0               0.0                 0.0              16.9                 0.0
   INT            ID                                                      ROAD 1                                                                                              ROAD 2                                                     ROAD 3                                  ROAD 4                                     COMMUNITY                                                       TMC DATE
       136                                 SOUTHERN AVENUE SE                                                                                                 9TH STREET                                          SE                                                                                                                                -                                          3/2/2016
