                                                                               Turning                                      Movement                                                     Count                                Report                                   -      Cars                         &           Trucks
   INT            ID                                                          ROAD 1                                                                                              ROAD 2                                                  ROAD 3                                  ROAD 4                                    COMMUNITY                                                       TMC DATE
       138                                 WISCONSIN AVENUE NW                                                                                                        K STREET                                  NW                                                                                                                                  -                                          3/9/2016
                              CARS
                              NB                                                                                       EB                                                                                        SB                                                                                              WB
        Start                  Left           Thru              Right                Ped                NB               Left           Thru              Right               Ped                 EB               Left             Thru               Right                Ped                   SB               Left             Thru               Right                Ped                WB                Interval
      Time                                                                                          Total                                                                                     Total                                                                                           Total                                                                                         Total                    Total
 7:00             AM                0               0                   0                 5                0                 5               8                   0                 0               13                72                   0                26                    7                98                   0                30                 34                   7                64                    175
 7:15             AM                0               0                   0              11                  0                 5             23                    0                 0               28                70                   0                31                    6              101                    0                29                 24                 19                 53                    182
 7:30             AM                0               0                   0                 5                0                 8             17                    0                 0               25                72                   0                31                    9              103                    0                45                 35                 18                 80                    208
 7:45             AM                0               0                   0                 1                0               10              23                    0                 0               33                94                   0                38                    6              132                    0                54                 32                 16                 86                    251
 8:00             AM                0               0                   0                 1                0                 4             15                    0                 0               19                81                   0                42                  11               123                    0                44                 33                 24                 77                    219
 8:15             AM                0               0                   0                 8                0                 4             15                    0                 0               19                76                   0                33                  19               109                    0                49                 24                 13                 73                    201
 8:30             AM                0               0                   0                 8                0                 8             21                    0                 0               29                71                   0                32                    8              103                    0                43                 32                 10                 75                    207
 8:45             AM                0               0                   0                 9                0               11               11                   0                 0               22                63                   0                30                  16                 93                   0                34                 32                   7                66                    181
 9:00             AM                0               0                   0              35                  0               27              34                    0                 0               61                47                   0                41                  47                 88                   0                26                 23                 19                 49                    198
 9:15             AM                0               0                   0              70                  0               22              29                    0                 0               51                43                   0                23                  49                 66                   0                30                 36                 26                 66                    183
 9:30             AM                0               0                   0              35                  0               34              35                    0                 0               69                35                   0                25                  47                 60                   0                36                 34                 17                 70                    199
 9:45             AM                0               0                   0              45                  0               35              41                    0                 0               76                40                   0                36                  63                 76                   0                36                 40                 31                 76                    228
 4:00             PM                0               0                   0              35                  0               27              34                    0                 0               61                47                   0                41                  47                 88                   0                26                 23                 19                 49                    198
 4:15             PM                0               0                   0              70                  0               22              29                    0                 0               51                43                   0                23                  49                 66                   0                30                 36                 26                 66                    183
 4:30             PM                0               0                   0              35                  0               34              35                    0                 0               69                35                   0                25                  47                 60                   0                36                 34                 17                 70                    199
 4:45             PM                0               0                   0              45                  0               35              41                    0                 0               76                40                   0                36                  63                 76                   0                36                 40                 31                 76                    228
 5:00             PM                0               0                   0              67                  0               36              42                    0                 0               78                52                   0                35                  56                 87                   0                27                 22                 34                 49                    214
 5:15             PM                0               0                   0              51                  0               34              43                    0                 0               77                26                   0                32                  62                 58                   0                32                 44                 31                 76                    211
 5:30             PM                0               0                   0              72                  0               30              32                    0                 0               62                46                   0                31                  77                 77                   0                36                 32                 41                 68                    207
 5:45             PM                0               0                   0              74                  0               34              51                    0                 0               85                54                   0                37                  96                 91                   0                45                 40                 30                 85                    261
 6:00             PM                0               0                   0              92                  0               22              49                    0                 0               71                57                   0                37                  73                 94                   0                52                 44                 36                 96                    261
 6:15             PM                0               0                   0              77                  0               18              42                    0                 0               60                55                   0                26                  57                 81                   0                45                 37                 53                 82                    223
 6:30             PM                0               0                   0              62                  0               10              38                    0                 0               48                50                   0                27                  83                 77                   0                36                 36                 55                 72                    197
 6:45             PM                0               0                   0              55                  0               20              40                    0                 0               60                53                   0                27                  86                 80                   0                27                 38                 27                 65                    205
       Total                        0               0                   0            968                   0             495             748                     0                 0          1243               1322                     0              765               1084               2087                     0              884                805                607             1689                    5019
    App             %            0.0             0.0                0.0               0.0                              39.8             60.2                 0.0               0.0                                 63.3                0.0              36.7               51.9                                     0.0             52.3                47.7               35.9
   Total              %          0.0             0.0                0.0             19.3                0.0              9.9            14.9                 0.0               0.0             24.8                26.3                0.0              15.2               21.6                41.6                 0.0             17.6                16.0               12.1              33.7
   INT            ID                                                          ROAD 1                                                                                              ROAD 2                                                  ROAD 3                                  ROAD 4                                    COMMUNITY                                                       TMC DATE
       138                                 WISCONSIN AVENUE NW                                                                                                        K STREET                                  NW                                                                                                                                  -                                          3/9/2016
                             TRUCKS
                             NB                                                                                       EB                                                                                     SB                                                                                                  WB
       Start                  Left          Thru             Right                 Ped                  NB             Left           Thru             Right               Ped                EB              Left           Thru              Right                     Ped                      SB               Left            Thru              Right                 Ped                  WB               Interval
     Time                                                                                           Total                                                                                  Total                                                                                              Total                                                                                          Total                    Total
7:00             AM               0               0                 0                  5                   0               1                1                 0                 0                2                4                0                  1                      7                      5                  0                1                   3                   7                   4                     11
7:15             AM               0               0                 0                 11                   0               1                1                 0                 0                2                2                0                  2                      6                      4                  0                2                   1                 19                    3                       9
7:30             AM               0               0                 0                  5                   0               1                1                 0                 0                2                2                0                  1                      9                      3                  0                0                   4                 18                    4                       9
7:45             AM               0               0                 0                  1                   0               1                0                 0                 0                1                2                0                  1                      6                      3                  0                0                   4                 16                    4                       8
8:00             AM               0               0                 0                  1                   0               0                0                 0                 0                0                3                0                  0                     11                      3                  0                1                   5                 24                    6                       9
8:15             AM               0               0                 0                  8                   0               0                0                 0                 0                0                3                0                  0                    19                       3                  0                1                   5                 13                    6                       9
8:30             AM               0               0                 0                  8                   0               2                0                 0                 0                2                1                0                  4                      8                      5                  0                2                   4                 10                    6                     13
8:45             AM               0               0                 0                  9                   0               0                0                 0                 0                0                3                0                  0                    16                       3                  0                1                   7                   7                   8                     11
9:00             AM               0               0                 0                35                    0               1                0                 0                 0                1                2                0                  0                    47                       2                  0                1                   3                 19                    4                       7
9:15             AM               0               0                 0                70                    0               1                1                 0                 0                2                3                0                  1                    49                       4                  0                0                   3                 26                    3                       9
9:30             AM               0               0                 0                35                    0               1                1                 0                 0                2                2                0                  1                    47                       3                  0                3                   3                 17                    6                     11
9:45             AM               0               0                 0                45                    0               2                1                 0                 0                3                3                0                  0                    63                       3                  0                0                   4                 31                    4                     10
4:00             PM               0               0                 0                35                    0               0                1                 0                 0                1                1                0                  0                    47                       1                  0                0                   2                 19                    2                       4
4:15             PM               0               0                 0                70                    0               0                0                 0                 0                0                1                0                  0                    49                       1                  0                0                   2                 26                    2                       3
4:30             PM               0               0                 0                35                    0               0                0                 0                 0                0                0                0                  1                    47                       1                  0                1                   1                 17                    2                       3
4:45             PM               0               0                 0                45                    0               0                1                 0                 0                1                1                0                  0                    63                       1                  0                0                   2                 31                    2                       4
5:00             PM               0               0                 0                67                    0               0                0                 0                 0                0                0                0                  0                    56                       0                  0                0                   3                 34                    3                       3
5:15             PM               0               0                 0                51                    0               1                0                 0                 0                1                1                0                  1                    62                       2                  0                0                   0                 31                    0                       3
5:30             PM               0               0                 0                72                    0               0                0                 0                 0                0                1                0                  1                    77                       2                  0                0                   3                 41                    3                       5
5:45             PM               0               0                 0                74                    0               0                1                 0                 0                1                0                1                  1                    96                       2                  0                1                   2                 30                    3                       6
6:00             PM               0               0                 0                92                    0               0                1                 0                 0                1                0                0                  0                    73                       0                  0                1                   0                 36                    1                       2
6:15             PM               0               0                 0                77                    0               0                0                 0                 0                0                1                0                  1                    57                       2                  0                0                   2                 53                    2                       4
6:30             PM               0               0                 0                62                    0               0                1                 0                 0                1                1                0                  0                    83                       1                  0                0                   0                 55                    0                       2
6:45             PM               0               0                 0                55                    0               0                1                 0                 0                1                0                0                  1                    86                       1                  0                1                   3                 27                    4                       6
      Total                       0               0                 0              968                     0             12               12                  0                 0              24               37                 1                17                 1084                       55                   0              16                  66                607                  82                     161
   App             %          0.0             0.0                0.0                0.0                               50.050.0                             0.0               0.0                             67.3               1.8             30.9              1,970.9                                           0.0            19.5               80.5              740.2
  Total              %        0.0             0.0                0.0            601.2                  0.0              7.5             7.5                0.0               0.0            14.9             23.0               0.6             10.6                  673.3                    34.2                 0.0               9.9             41.0              377.0                 50.9
   INT            ID                                                          ROAD 1                                                                                              ROAD 2                                                  ROAD 3                                  ROAD 4                                    COMMUNITY                                                       TMC DATE
       138                                 WISCONSIN AVENUE NW                                                                                                        K STREET                                  NW                                                                                                                                  -                                          3/9/2016
