                                                                               Turning                                      Movement                                                     Count                                Report                                   -      Cars                         &           Trucks
   INT            ID                                      ROAD 1                                                                                                 ROAD 2                                                                       ROAD 3                                 ROAD 4                                    COMMUNITY                                                     TMC DATE
         14                          14TH STREET                                              NW                                  MISSOURI                                   AVENUE NW                                                                                                                                                                -                                          4/6/2011
                                   CARS
                                   NB                                                                                      EB                                                                                       SB                                                                                           WB
          Start                     Left           Thru              Right               Ped                NB              Left           Thru              Right                Ped                EB              Left            Thru                 Right               Ped                 SB               Left             Thru               Right                Ped                WB                Interval
        Time                                                                                             Total                                                                                   Total                                                                                        Total                                                                                         Total                    Total
   6:30             AM                  0             47                    0                 2              47                 0                0                13                  3               13                 0               56                     0                  0              56                   0                  0                  0                  0                  0                    116
   6:45             AM                  0             44                    2                 2              46                 0                0                15                  1               15                 0               69                     0                  0              69                   0                  0                  0                  0                  0                   130
   7:00             AM                  0             40                    2                 3              42                 0                0                10                  1               10                 0               78                     0                  0              78                   0                  0                  0                  0                  0                   130
   7:15             AM                  0             41                    3                 3              44                 0                0                11                  6               11                 0               95                     0                  0              95                   0                  0                  0                  0                  0                   150
   7:30             AM                  0             60                    0                 8              60                 0                0                18                  3               18                 0             101                      0                  0            101                    0                  0                  0                  0                  0                   179
   7:45             AM                  0             57                    0                 5              57                 0                0                19                  5               19                 0             139                      0                  0            139                    0                  0                  0                  0                  0                   215
   8:00             AM                  0             80                    1                 9              81                 0                0                10                  4               10                 0             102                      0                  0            102                    0                  0                  0                  0                  0                   193
   8:15             AM                  0             76                    2                 9              78                 0                0                10                  0               10                 0             141                      0                  0            141                    0                  0                  0                  0                  0                   229
   8:30             AM                  0             72                    1                 5              73                 0                0                18                  3               18                 0             123                      0                  0            123                    0                  0                  0                  0                  0                   214
   8:45             AM                  0             61                    0                 3              61                 0                0                17                  1               17                 0               93                     0                  0              93                   0                  0                  0                  0                  0                   171
   9:00             AM                  0             40                    1                 0              41                 0                0                11                  1               11                 0               80                     0                  0              80                   0                  0                  0                  0                  0                   132
   9:15             AM                  0             60                    0                 0              60                 0                0                11                  3               11                 0               63                     0                  0              63                   0                  0                  0                  1                  0                   134
   9:30             AM                  0             20                    1                 2              21                 0                0                11                  3               11                 0               73                     0                  0              73                   0                  0                  0                  0                  0                   105
   9:45             AM                  0              11                   0                 0               11                0                0                10                  3               10                 0               40                     0                  0              40                   0                  0                  0                  0                  0                     61
 10:00                AM                0             23                    0                 0              23                 0                0                  9                 3                 9                0               43                     0                  0              43                   0                  0                  0                  1                  0                     75
 10:15                AM                0             16                    0                 0              16                 0                0                  7                 3                 7                0               28                     0                  0              28                   0                  0                  0                  0                  0                     51
 10:30                AM                0             36                    0                 0              36                 0                0                  6                 1                 6                0               54                     0                  0              54                   0                  0                  0                  0                  0                     96
 10:45                AM                1             26                    0                 1              27                 0                0                  7                 7                 7                0               36                     0                  0              36                   0                  0                  0                  0                  0                     70
 11:00               AM                 0             35                    0                 3              35                 0                0                  4                 2                 4                0               44                     0                  0              44                   0                  0                  0                  0                  0                     83
 11:15               AM                 0             17                    0                 0              17                 0                0                10                  4               10                 0               40                     0                  0              40                   0                  0                  0                  0                  0                     67
 11:30               AM                 0             27                    0                 0              27                 0                0                  5                 2                 5                0               36                     0                  0              36                   0                  0                  0                  0                  0                     68
 11:45               AM                 0             53                    0                 1              53                 0                0                  4                 0                 4                0               47                     0                  0              47                   0                  0                  0                  2                  0                   104
 12:00                 PM               0             33                    0                 2              33                 0                0                  9                 2                 9                0               39                     0                  0              39                   0                  0                  0                  1                  0                     81
 12:15                 PM               0             33                    0                 1              33                 0                0                  0                 0                 0                0                 0                    0                  0                 0                 0                  0                  0                  0                  0                     33
 12:30                 PM               0               0                   0                 0                0                0                0                  0                 0                 0                0                 0                    0                  0                 0                 0                  0                  0                  0                  0                       0
 12:45                 PM               0               0                   0                 0                0                0                0                  0                 0                 0                0                 0                    0                  0                 0                 0                  0                  0                  0                  0                       0
   1:00              PM                 0               0                   0                 0                0                0                0                  0                 0                 0                0                 0                    0                  0                 0                 0                  0                  0                  0                  0                       0
   1:15              PM                 0               0                   0                 0                0                0                0                  0                 0                 0                0                 0                    0                  0                 0                 0                  0                  0                  0                  0                       0
   1:30              PM                 0             44                    1                 0              45                 0                0                  7                 0                 7                0               59                     0                  0              59                   0                  0                  0                  3                  0                    111
   1:45              PM                 0             46                    2                 1              48                 0                0                  3                 2                 3                0               32                     0                  0              32                   0                  0                  0                  0                  0                     83
   2:00              PM                 0             44                    0                 1              44                 0                0                  3                 1                 3                0               47                     0                  0              47                   0                  0                  0                  1                  0                     94
   2:15              PM                 0             57                    0                 0              57                 0                0                  8                 1                 8                0               63                     0                  0              63                   0                  0                  0                  0                  0                   128
   2:30              PM                 0             59                    0                 0              59                 0                0                  8                 4                 8                0               56                     0                  0              56                   0                  0                  0                  0                  0                   123
   2:45              PM                 0             47                    0                 0              47                 0                0                  3                 4                 3                0               43                     0                  0              43                   0                  0                  0                  0                  0                     93
   3:00              PM                 0             63                    0                 0              63                 0                0                  6                 2                 6                0               77                     0                  0              77                   0                  0                  0                  1                  0                   146
   3:15              PM                 0             78                    0                 5              78                 0                0                  9                 3                 9                0               59                     0                  0              59                   0                  0                  0                  0                  0                   146
   3:30              PM                 0             58                    0                 0              58                 0                0                  9                 1                 9                0             107                      0                  0            107                    0                  0                  0                  0                  0                   174
   3:45              PM                 0             69                    0                 0              69                 0                0                  4                 5                 4                0             105                      0                  0            105                    0                  0                  0                  0                  0                   178
   4:00              PM                 0             75                    1                 6              76                 0                0                  9                 4                 9                0               71                     0                  0              71                   0                  0                  0                  1                  0                   156
   4:15              PM                 0             76                    0                 2              76                 0                0                11                  3               11                 0               81                     0                  0              81                   0                  0                  0                  2                  0                   168
   4:30              PM                 0             62                    1                 0              63                 0                0                  7                 0                 7                0               87                     0                  0              87                   0                  0                  0                  2                  0                   157
   4:45              PM                 0             76                    0                 0              76                 0                0                19                  2               19                 0               92                     0                  0              92                   0                  0                  0                  0                  0                   187
   5:00              PM                 0             76                    1                 6              77                 0                0                11                  3               11                 0             105                      0                  0            105                    0                  0                  0                  6                  0                   193
   5:15              PM                 0             78                    0                 4              78                 0                0                12                  3               12                 0             107                      0                  0            107                    0                  0                  0                  5                  0                   197
         Total                          1         2016                    19                84           2036                   0                0              374                 99             374                   0           2811                       0                  0          2811                     0                  0                  0                26                   0                 5221
      App             %              0.0           99.0                 0.9               4.1                                 0.0             0.0            100.026.5                                                0.0           100.0                    0.0               0.0                                  0.0               0.0                 0.0                0.0
     Total              %            0.0           38.6                 0.4               1.6             39.0                0.0             0.0                7.2               1.9               7.2              0.0             53.8                   0.0               0.0             53.8                 0.0               0.0                 0.0                0.5               0.0
   INT            ID                                      ROAD 1                                                                                                 ROAD 2                                                                       ROAD 3                                 ROAD 4                                    COMMUNITY                                                     TMC DATE
         14                          14TH STREET                                              NW                                  MISSOURI                                   AVENUE NW                                                                                                                                                                -                                          4/6/2011
                                            TRUCKS
                                            NB                                                                                                                  EB                                                                                                                SB
              Start                            Left                 Thru                    Right                    Ped                      NB                   Left                Thru                   Right                    Ped                      EB                   Left                 Thru                     Right                     Ped                     SB                      Interval
             Time                                                                                                                         Total                                                                                                             Total                                                                                                                Total                           Total
       6:30             AM                         0                     6                         0                      0                      6                     0                     0                       2                      0                     2                      0                      0                         0                      0                      0                               8
       6:45             AM                         0                   10                          0                      0                    10                      0                     0                       2                      0                     2                      0                      2                         0                      0                      2                             14
       7:00             AM                         0                     6                         0                      0                      6                     0                     0                       0                      0                     0                      0                      1                         0                      0                      1                               7
       7:15             AM                         0                   11                          0                      0                    11                      0                     0                       2                      0                     2                      0                      0                         0                      0                      0                             13
       7:30             AM                         0                   18                          0                      0                    18                      0                     0                       2                      0                     2                      0                      3                         0                      0                      3                             23
       7:45             AM                         0                   14                          0                      0                    14                      0                     0                       2                      0                     2                      0                      5                         0                      0                      5                             21
       8:00             AM                         0                   16                          0                      0                    16                      0                     0                       1                      0                     1                      0                      3                         0                      0                      3                             20
       8:15             AM                         0                   12                          0                      0                    12                      0                     0                       1                      0                     1                      0                      1                         0                      0                      1                             14
       8:30             AM                         0                   12                          0                      0                    12                      0                     0                       1                      0                     1                      0                      2                         0                      0                      2                             15
       8:45             AM                         0                     4                         0                      0                      4                     0                     0                       1                      0                     1                      0                      2                         0                      0                      2                               7
       9:00             AM                         0                   13                          0                      0                    13                      0                     0                       2                      0                     2                      0                      3                         0                      0                      3                             18
       9:15             AM                         0                     6                         0                      0                      6                     0                     0                       1                      0                     1                      0                      4                         0                      0                      4                             11
       9:30             AM                         0                     5                         0                      0                      5                     0                     0                       1                      0                     1                      0                      2                         0                      0                      2                               8
       9:45             AM                         0                     3                         0                      0                      3                     0                     0                       0                      0                     0                      0                      1                         0                      0                      1                               4
     10:00                AM                       0                     1                         0                      0                      1                     0                     0                       0                      0                     0                      0                      3                         0                      0                      3                               4
     10:15                AM                       0                     4                         0                      0                      4                     0                     0                       1                      0                     1                      0                      3                         0                      0                      3                               8
     10:30                AM                       0                     3                         0                      0                      3                     0                     0                       1                      0                     1                      0                      0                         0                      0                      0                               4
     10:45                AM                       0                     4                         0                      0                      4                     0                     0                       0                      0                     0                      0                      0                         0                      0                      0                               4
      11:00               AM                       0                     4                         0                      0                      4                     0                     0                       1                      0                     1                      0                      4                         0                      0                      4                               9
      11:15               AM                       0                     3                         0                      0                      3                     0                     0                       1                      0                     1                      0                      3                         0                      0                      3                               7
      11:30               AM                       0                     2                         0                      0                      2                     0                     0                       0                      0                     0                      0                      2                         0                      0                      2                               4
      11:45               AM                       0                     6                         0                      0                      6                     0                     0                       0                      0                     0                      0                      1                         0                      0                      1                               7
     12:00                 PM                      0                     1                         0                      0                      1                     0                     0                       0                      0                     0                      0                      0                         0                      0                      0                               1
     12:15                 PM                      0                     5                         0                      0                      5                     0                     0                       0                      0                     0                      0                      0                         0                      0                      0                               5
     12:30                 PM                      0                     0                         0                      0                      0                     0                     0                       0                      0                     0                      0                      0                         0                      0                      0                               0
     12:45                 PM                      0                     0                         0                      0                      0                     0                     0                       0                      0                     0                      0                      0                         0                      0                      0                               0
       1:00              PM                        0                     0                         0                      0                      0                     0                     0                       0                      0                     0                      0                      0                         0                      0                      0                               0
       1:15              PM                        0                     0                         0                      0                      0                     0                     0                       0                      0                     0                      0                      0                         0                      0                      0                               0
       1:30              PM                        0                     5                         0                      0                      5                     0                     0                       1                      0                     1                      0                      1                         0                      0                      1                               7
       1:45              PM                        0                     2                         0                      0                      2                     0                     0                       0                      0                     0                      0                      2                         0                      0                      2                               4
       2:00              PM                        0                     4                         0                      0                      4                     0                     0                       0                      0                     0                      0                      1                         0                      0                      1                               5
       2:15              PM                        0                     4                         0                      0                      4                     0                     0                       3                      0                     3                      0                      0                         0                      0                      0                               7
       2:30              PM                        0                     3                         0                      0                      3                     0                     0                       0                      0                     0                      0                      2                         0                      0                      2                               5
       2:45              PM                        0                   12                          0                      0                    12                      0                     0                       1                      0                     1                      0                      3                         0                      0                      3                             16
       3:00              PM                        0                   12                          0                      0                    12                      0                     0                       1                      0                     1                      0                      1                         0                      0                      1                             14
       3:15              PM                        0                   15                          0                      0                    15                      0                     0                       1                      0                     1                      0                      1                         0                      0                      1                             17
       3:30              PM                        0                     7                         0                      0                      7                     0                     0                       1                      0                     1                      0                      5                         0                      0                      5                             13
       3:45              PM                        0                     3                         0                      0                      3                     0                     0                       0                      0                     0                      0                      2                         0                      0                      2                               5
       4:00              PM                        0                     4                         0                      0                      4                     0                     0                       0                      0                     0                      0                      1                         0                      0                      1                               5
       4:15              PM                        0                     7                         0                      0                      7                     0                     0                       0                      0                     0                      0                      1                         0                      0                      1                               8
       4:30              PM                        0                     5                         0                      0                      5                     0                     0                       0                      0                     0                      0                      3                         0                      0                      3                               8
       4:45              PM                        0                     3                         0                      0                      3                     0                     0                       0                      0                     0                      0                      1                         0                      0                      1                               4
       5:00              PM                        0                     6                         0                      0                      6                     0                     0                       2                      0                     2                      0                      3                         0                      0                      3                             11
       5:15              PM                        0                     5                         0                      0                      5                     0                     0                       2                      0                     2                      0                      4                         0                      0                      4                             11
             Total                                 0                 266                           0                      0                 266                        0                     0                     34                       0                   34                       0                    76                          0                      0                    76                           376
           App             %                   0.0               100.0                          0.0                    0.0                                          0.0                  0.0                 100.0                       0.0                                          0.0               100.0                         0.0                     0.0
         Total              %                  0.0                  70.7                        0.0                    0.0                  70.7                    0.0                  0.0                     9.0                     0.0                    9.0                   0.0                 20.2                        0.0                     0.0                  20.2
   INT            ID                                      ROAD 1                                                                                                 ROAD 2                                                                       ROAD 3                                 ROAD 4                                    COMMUNITY                                                     TMC DATE
         14                          14TH STREET                                              NW                                  MISSOURI                                   AVENUE NW                                                                                                                                                                -                                          4/6/2011
