                                                                               Turning                                      Movement                                                     Count                                Report                                   -      Cars                         &           Trucks
INT            ID                                              ROAD 1                                                                                   ROAD 2                                                                               ROAD 3                                                           ROAD 4COMMUNITYTMC DATE
   142                 RHODE ISLAND AVENUE NEREED STREET                                                                                                                                       NEWASHINGTON PLACE NE                                                                                                                                                  -                           3/23/2016
                              CARS
                              NB                                                                                          EB                                                                                        SB                                                                                         WB
        Start                    Left            Thru              Right                Ped                NB              Left           Thru               Right               Ped                 EB               Left           Thru               Right               Ped                 SB                Left              Thru              Right                Ped                 WB                Interval
      Time                                                                                             Total                                                                                     Total                                                                                       Total                                                                                          Total                    Total
 7:00             AM               43                  8                13                  9               64                 9           132                   49                 16             190                    4                6                  9                24                19                 48               482                     9               28               539                      812
 7:15             AM               50                10                 29                  9               89                 3           139                   56                 34             198                    9                6                13                 20                28                 66               409                   11                13               486                      801
 7:30             AM               55                12                 29                15                96                 1           159                   67                 25             227                    4                7                15                 20                26                 91               417                     6               17               514                      863
 7:45             AM               58                12                 24                14                94                 7           171                   56                 30             234                    6              11                   7                13                24                 87               374                     7                 9              468                      820
 8:00             AM               64                  4                16                11                84                 4           136                   52                 22             192                    2                6                  5                11                13                 60               400                     5               14               465                      754
 8:15             AM               68                 11                43                10             122                   2           125                   53                 14             180                    4                7                  6                10                17                 66               406                     9               12               481                      800
 8:30             AM               46                  6                38                12                90                 3           134                   54                 20             191                    4                4                  9                17                17                 50               325                   12                18               387                      685
 8:45             AM               55                  7                35                10                97                 5           142                   49                 14             196                    3                2                  8                15                13                 52               318                   10                12               380                      686
 9:00             AM               58                  3                31                10                92                 7           151                   67                 13             225                    3                7                  3                15                13                 40               280                     3               16               323                      653
 9:15             AM               54                  5                51                11              110                  5           139                   55                 13             199                    4                5                  7                  9               16                 39               213                     5               13               257                      582
 9:30             AM               65                  6                37                11             108                   8           142                   76                 12             226                    2                5                 11                12                18                 39               218                     4               16               261                      613
 9:45             AM               68                  5                48                  8            121                   7           158                   46                 21             211                    0                4                  6                  8               10                 45               185                     3               13               233                      575
 4:00             PM               76                12                 41                14             129                   1           271                   58                   8            330                  12                 4                  4                15                20                 43               159                   10                  3              212                      691
 4:15             PM               80                12                 56                  6            148                   6           285                   55                 22             346                    9                9                  4                  9               22                 39               173                     9               14               221                      737
 4:30             PM               80                  6                25                10              111                  6           318                   50                 11             374                    9                7                  8                23                24                 49               177                     3                 9              229                      738
 4:45             PM               60                23                 47                14             130                   8           283                   43                   8            334                    5              10                   3                21                18                 48               155                     3                 6              206                      688
 5:00             PM               72                  6                52                  3            130                   2           370                   67                 11             439                    6                4                  6                16                16                 43               187                     4                 1              234                      819
 5:15             PM               77                  4                28                11             109                   4           336                   61                   9            401                    5              19                   4                  5               28                 41               157                     2                 3              200                      738
 5:30             PM               92                 11                31                21             134                   3           285                   50                 21             338                    1                3                  5                16                  9                60               165                     0                 2              225                      706
 5:45             PM               86                  6                26                12              118                  2           325                   58                   6            385                    3                8                  6                10                17                 53               152                     1                 2              206                      726
       Total                   1307                169                700               221            2176                  93          4201                1122                330             5416                   95             134                139                289               368              1059               5352                  116               221              6527                   14487
    App             %           60.1                7.8              32.2              10.2                                 1.7            77.6               20.7                6.1                               25.8             36.4                37.8              78.5                                  16.2               82.0                  1.8                3.4
   Total              %           9.0               1.2                4.8               1.5             15.0               0.6            29.0                 7.7               2.3             37.4                0.7              0.9                  1.0               2.0               2.5                7.3              36.9                  0.8                1.5            45.1
INT            ID                                              ROAD 1                                                                                   ROAD 2                                                                               ROAD 3                                                           ROAD 4COMMUNITYTMC DATE
   142                 RHODE ISLAND AVENUE NEREED STREET                                                                                                                                       NEWASHINGTON PLACE NE                                                                                                                                                  -                           3/23/2016
                    TRUCKS
                    NB                                                                                                EB                                                                                              SB                                                                                              WB
  Start             Left            Thru              Right                    Ped                     NB              Left          Thru              Right                   Ped                      EB             Left          Thru              Right                   Ped                     SB              Left            Thru             Right                    Ped                     WB              Interval
 Time                                                                                               Total                                                                                           Total                                                                                           Total                                                                                             Total                 Total
  7:00                   0               0                   0                      9                     0                0               0                 0                    16                      0                0               0                 0                    24                      0                 0                0                 0                    28                      0                     0
    AM
  7:15                   0               0                   0                      9                     0                0               0                 0                    34                      0                0               0                 0                    20                      0                 0                0                 0                    13                      0                     0
    AM
  7:30                   0               0                   0                    15                      0                0               0                 0                    25                      0                0               0                 0                    20                      0                 0                0                 0                    17                      0                     0
    AM
  7:45                   0               0                   0                    14                      0                0               0                 0                    30                      0                0               0                 0                    13                      0                 0                0                 0                      9                     0                     0
    AM
  8:00                   0               0                   0                    11                      0                0               0                 0                    22                      0                0               0                 0                    11                      0                 0                0                 0                    14                      0                     0
    AM
  8:15                   0               1                   0                    10                      1                0               0                 0                    14                      0                0               0                 0                    10                      0                 0                0                 0                    12                      0                     1
    AM
  8:30                   0               0                   0                    12                      0                0               0                 0                    20                      0                0               0                 0                    17                      0                 0                0                 0                    18                      0                     0
    AM
  8:45                   0               0                   0                    10                      0                0               0                 0                    14                      0                0               0                 0                    15                      0                 0                0                 0                    12                      0                     0
    AM
  9:00                   0               2                   0                    10                      2                0               0                 0                    13                      0                0               0                 0                    15                      0                 0                0                 0                    16                      0                     2
    AM
  9:15                   0               1                   0                    11                      1                0               0                 0                    13                      0                0               0                 0                      9                     0                 0                0                 0                    13                      0                     1
    AM
  9:30                   0               2                   0                    11                      2                0               0                 0                    12                      0                0               0                 0                    12                      0                 0                0                 0                    16                      0                     2
    AM
  9:45                   0               0                   0                      8                     0                0               0                 0                    21                      0                0               0                 0                      8                     0                 0                0                 0                    13                      0                     0
    AM
  4:00                   0               0                   0                    14                      0                0               0                 0                      8                     0                0               0                 0                    15                      0                 0                0                 0                      3                     0                     0
    PM
  4:15                   0               0                   0                      6                     0                0               0                 0                    22                      0                0               0                 0                      9                     0                 0                0                 0                    14                      0                     0
    PM
  4:30                   0               0                   0                    10                      0                0               0                 0                    11                      0                0               0                 0                    23                      0                 0                0                 0                      9                     0                     0
    PM
  4:45                   0               0                   0                    14                      0                0               0                 0                      8                     0                0               0                 0                    21                      0                 0                0                 0                      6                     0                     0
    PM
  5:00                   0               0                   0                      3                     0                0               0                 0                    11                      0                0               0                 0                    16                      0                 0                0                 0                      1                     0                     0
    PM
  5:15                   0               0                   0                    11                      0                0               0                 0                      9                     0                0               0                 0                      5                     0                 0                0                 0                      3                     0                     0
    PM
  5:30                   0               0                   0                    21                      0                0               0                 0                    21                      0                0               0                 0                    16                      0                 0                0                 0                      2                     0                     0
    PM
  5:45                   0               0                   0                    12                      0                0               0                 0                      6                     0                0               0                 0                    10                      0                 0                0                 0                     2                      0                     0
    PM
 Total                   0               6                   0                 221                        6                0               0                 0                  330                       0                0               0                 0                  289                       0                 0                0                 0                 221                        0                     6
   App               0.0          100.0                   0.0            3,683.3                                        0.0             0.0               0.0                    0.0                                   0.0             0.0                0.0                   0.0                                      0.0             0.0                0.0                   0.0
       %
 Total               0.0          100.0                   0.0            3,683.3100.0                                   0.0             0.0               0.0            5,500.0                       0.0             0.0             0.0                0.0            4,816.7                       0.0               0.0             0.0                0.0            3,683.3                      0.0
       %
INT            ID                                              ROAD 1                                                                                   ROAD 2                                                                               ROAD 3                                                           ROAD 4COMMUNITYTMC DATE
   142                 RHODE ISLAND AVENUE NEREED STREET                                                                                                                                       NEWASHINGTON PLACE NE                                                                                                                                                  -                           3/23/2016
