                                                                               Turning                                      Movement                                                     Count                                Report                                   -      Cars                         &           Trucks
  INT            ID                                                                  ROAD 1                                                                                                   ROAD 2                                             ROAD 3                                ROAD 4                                  COMMUNITY                                                      TMC DATE
      143                                 NORTH CAPITOL                                                        STREET                            NW                                E STREET                                 NE                                                                                                                          -                                      3/17/2016
                              CARS
                              NB                                                                                       EB                                                                                         SB                                                                                           WB
        Start                  Left           Thru              Right                Ped                NB               Left           Thru              Right                Ped                 EB              Left           Thru              Right                 Ped                   SB               Left             Thru               Right                 Ped                 WB                Interval
      Time                                                                                          Total                                                                                      Total                                                                                        Total                                                                                            Total                   Total
 7:00             AM                6           104                     4              34              114                 35              15                    0               41                50                  0             72                  59                  33               131                  15                 38                   5                 67                  58                    353
 7:15             AM                2           105                  10                33              117                 49              18                    4               31                71                  7             75                  42                  29               124                    4                45                   3                 48                  52                    364
 7:30             AM                5           147                     8              33              160                 33              27                    4               25                64                  1             85                  34                  25               120                  10                 51                   4                 65                  65                    409
 7:45             AM                2           121                     1              49              124                 31              30                  11                30                72                  2           106                   44                  51               152                  14                 52                  11                 55                  77                    425
 8:00             AM                5           105                     2              51              112                 14              29                  11                19                54                  2             55                  89                  47               146                    8                42                   7                 51                  57                    369
 8:15             AM                7           137                     6              58              150                 16              32                  12                53                60                  0           101                   53                  70               154                  16                 84                   8                 92                108                     472
 8:30             AM                4             37                    3              16                44                14              14                    5               16                33                  1             31                  17                  21                 49                   2                24                   0                 18                  26                    152
 8:45             AM                3           103                  11                31              117                   9             14                    3               42                26                  6             86                  50                  44               142                  12                 37                   3                 66                  52                    337
 9:00             AM                5           135                     2            108               142                 33              22                    2               81                57                  2           153                   73                113                228                  14                 74                   5                 96                  93                    520
 9:15             AM                7           102                     6              60              115                 18              19                    2               66                39                  2             89                  36                  62               127                  22                 44                   3                 68                  69                    350
 9:30             AM             10             125                     6              61              141                 27              21                  10                36                58                  4             97                  51                  53               152                  14                 40                   6                 49                  60                    411
 9:45             AM                4            112                    0              48              116                 36              28                    4               41                68                  3             88                  49                  58               140                  16                 41                   2                 58                  59                    383
 4:00             PM                4             90                    3              38                97                51              45                  24                30              120                   3            112                  61                  81               176                  18                 61                   6                 79                  85                    478
 4:15             PM                1             86                    2              25                89                41              55                  18                20              114                   0             98                  39                  56               137                  20                 45                   4                 52                  69                    409
 4:30             PM                1           121                     1              26              123                 59              51                  19                37              129                   2           122                   49                  63               173                  42                 54                   8                 47                104                     529
 4:45             PM                4           101                     2              40              107                 40              39                  20                30                99                  1             95                  26                  78               122                  21                 34                 10                  70                  65                    393
 5:00             PM                8             90                    2              54              100                 49              54                  21                47              124                   5            117                  30                111                152                  22                 49                   4                 75                  75                    451
 5:15             PM             10             132                     6              49              148                 69              80                  34                45              183                   3           124                   35                  87               162                  18                 59                 10                  63                  87                    580
 5:30             PM                7            111                    6              18              124                 47              47                  20                26              114                   3           104                   30                  86               137                  20                 50                   6                 75                  76                    451
 5:45             PM                2             94                    1              31                97                48              56                  10                33              114                   5             96                  36                  35               137                  24                 49                   9                 54                  82                    430
 6:00             PM                0           132                     1              26              133                 54              46                  17                60              117                   0            116                  34                  91               150                  25                 45                   5                 67                  75                    475
 6:15             PM                8           100                     4              11              112                 48              47                  11                17              106                   3           102                   44                  72               149                  23                 41                   5                 54                  69                    436
 6:30             PM                3             92                    0              15                95                65              53                  11                32              129                   4           102                   46                  52               152                  25                 56                   6                 47                  87                    463
 6:45             PM                5             83                    0                 9              88                39              38                  18                19                95                  4             66                  35                  36               105                  15                 48                   7                 27                  70                    358
       Total                    113           2565                   87              924            2765                 925             880                 291               877             2096                  63          2292               1062                 1454               3417                 420             1163                  137               1443               1720                    9998
    App             %            4.1           92.8                 3.1             33.4                               44.1             42.0                13.9              41.8                                  1.8           67.1                31.1               42.6                                   24.4              67.6                  8.0               83.9
   Total              %          1.1           25.7                 0.9               9.2             27.7               9.3               8.8                2.9               8.8             21.0                0.6           22.9                10.6               14.5                34.2                 4.2              11.6                 1.4               14.4               17.2
  INT            ID                                                                  ROAD 1                                                                                                   ROAD 2                                             ROAD 3                                ROAD 4                                  COMMUNITY                                                      TMC DATE
      143                                 NORTH CAPITOL                                                        STREET                            NW                                E STREET                                 NE                                                                                                                          -                                      3/17/2016
                      TRUCKS
                      NB                                                                                        EB                                                                                              SB                                                                                              WB
   Start               Left          Thru              Right                Ped                  NB             Left           Thru              Right                   Ped                      EB             Left          Thru             Right                    Ped                     SB              Left            Thru             Right                    Ped                     WB             Interval
  Time                                                                                        Total                                                                                           Total                                                                                           Total                                                                                             Total                 Total
   7:00                    0               7                 2                34                    9                5               0                 0                    41                      5                0               1                 2                    33                      3                0                 3                 2                    67                      5                   22
     AM
   7:15                    0               5                 0                33                    5                2               0                 1                    31                      3                1               2                 1                    29                      4                1                 2                 1                    48                      4                   16
     AM
   7:30                    0               4                 1                33                    5                5               0                 1                    25                      6                0               4                 3                    25                      7                1                 3                 2                    65                      6                   24
     AM
   7:45                    0               3                 1                49                    4                3               0                 0                    30                      3                0               2                 2                    51                      4                1                 3                 2                    55                      6                   17
     AM
   8:00                    0               9                 0                51                    9                4               1                 1                    19                      6                0               2                 4                    47                      6                0                 2                 1                    51                      3                   24
     AM
   8:15                    0               9                 1                58                  10                 3               1                 1                    53                      5                0               4                 1                    70                      5                4                 3                 3                    92                    10                    30
     AM
   8:30                    0               1                 0                16                    1                2               0                 0                    16                      2                0               2                 1                    21                      3                0                 0                 0                    18                      0                     6
     AM
   8:45                    0               4                 1                31                    5                1               1                 0                    42                      2                1               0                 1                    44                      2                1                 3                 3                    66                      7                   16
     AM
   9:00                    0               4                 0              108                     4                2               1                 0                    81                      3                0               2                 1                  113                       3                0                 6                 3                    96                      9                   19
     AM
   9:15                    1               8                 1                60                  10                 0               1                 0                    66                      1                0               4                 1                    62                      5                0                 0                 0                    68                      0                   16
     AM
   9:30                    0               4                 2                61                    6                4               0                 0                    36                      4                0               2                 2                    53                      4                2                 2                 3                    49                      7                   21
     AM
   9:45                    0               4                 1                48                    5                0               2                 0                    41                      2                0               4                 1                    58                      5                0                 1                 2                    58                      3                   15
     AM
   4:00                    0               9                 1                38                  10                 2               3                 0                    30                      5                0               2                 0                    81                      2                2                 1                 2                    79                      5                   22
     PM
   4:15                    0               6                 0                25                    6                2               1                 1                    20                      4                0               1                 0                    56                      1                3                 0                 1                    52                      4                   15
     PM
   4:30                    0               8                 1                26                    9                2               2                 0                    37                      4                0               5                 0                    63                      5                1                 1                 0                    47                      2                   20
     PM
   4:45                    0               2                 1                40                    3                0               2                 0                    30                      2                0               3                 1                    78                      4                0                 1                 0                    70                      1                   10
     PM
   5:00                    0               4                 0                54                    4                3               2                 0                    47                      5                0               5                 0                  111                       5                2                 2                 2                    75                      6                   20
     PM
   5:15                    0             15                  2                49                  17                 2               1                 0                    45                      3                1               1                 2                    87                      4                1                 3                 1                    63                      5                   29
     PM
   5:30                    0               3                 1                18                    4                0               0                 0                    26                      0                0               0                 0                    86                      0                1                 1                 2                    75                      4                     8
     PM
   5:45                    0               3                 1                31                    4                3               0                 1                    33                      4                0               2                 0                    35                      2                1                 0                 2                    54                      3                   13
     PM
   6:00                    0               4                 0                26                    4                2               2                 1                    60                      5                0               2                 1                    91                      3                0                 0                 3                    67                      3                   15
     PM
   6:15                    0               1                 2                 11                   3                1               0                 0                    17                      1                0               3                 0                    72                      3                0                 0                 2                    54                      2                     9
     PM
   6:30                    0               2                 2                15                    4                1               0                 0                    32                      1                0               1                 0                    52                      1                0                 0                 3                    47                      3                     9
     PM
   6:45                    0               0                 1                   9                  1                1               0                 0                    19                      1                0               1                 2                    36                      3                0                 0                 1                    27                      1                     6
     PM
  Total                    1           119                 22               924                 142               50               20                  7                  877                     77                 3             55                26                1454                       84               21                37                41                1443                       99                  402
App             %0.7                 83.8               15.5             650.7                                 64.926.0                             9.1            1,139.0                                       3.6           65.5               31.0             1,731.0                                      21.2             37.4               41.4             1,457.6
  Total                 0.2          29.6                 5.5            229.9                35.3             12.4              5.0                1.7               218.2                    19.2              0.7           13.7                 6.5               361.7                   20.9                 5.2             9.2              10.2                359.0                   24.6
        %
  INT            ID                                                                  ROAD 1                                                                                                   ROAD 2                                             ROAD 3                                ROAD 4                                  COMMUNITY                                                      TMC DATE
      143                                 NORTH CAPITOL                                                        STREET                            NW                                E STREET                                 NE                                                                                                                          -                                      3/17/2016
