                                                                               Turning                                      Movement                                                     Count                                Report                                   -      Cars                         &           Trucks
  INT            ID                                                               ROAD 1                                                                                                         ROAD 2                                                   ROAD 3                              ROAD 4                                COMMUNITY                                                  TMC DATE
      144                            MASSACHUSETTS                                                               AVENUE NE                                                    10TH STREET                                              NE                                                                                                                   -                                   1/26/2017
                                   CARS
                                   NB                                                                                       EB                                                                                        SB                                                                                        WB
          Start                     Left            Thru              Right               Ped                NB              Left           Thru               Right               Ped                 EB              Left           Thru               Right               Ped                 SB               Left             Thru               Right                Ped                WB                Interval
        Time                                                                                              Total                                                                                     Total                                                                                     Total                                                                                        Total                     Total
   6:00             AM                   0               5                   0                 1                5                1                9                  0                  2               10                 1                2                  0                  4                 3                 0                  9                  0                  3                  9                      27
   6:15             AM                   1               4                   0                 6                5                0              13                   0                  0               13                 1                2                  0                  1                 3                 0                16                   0                  5                16                       37
   6:30             AM                   2               5                   0                 6                7                0              14                   2                  3               16                 0                7                  1                  8                 8                 1                29                   1                  1                31                       62
   6:45             AM                   1             10                    0                 5              11                 1              22                   0                  0               23                 0              17                   0                  7               17                  0                32                   2                  2                34                       85
   7:00             AM                   1             14                    0                 4              15                 1              19                   2                  2               22                 2              11                   1                  9               14                  2                51                   0                  4                53                     104
   7:15             AM                   6             19                    1              10                26                 2              25                   2                  0               29                 0              17                   0                  6               17                  1                84                   1                  6                86                     158
   7:30             AM                   2             14                    0                 4              16                 1              25                   4                  6               30                 2              18                   0                  8               20                  0                93                   3                  3                96                     162
   7:45             AM                   2             20                    2              11                24                 0              31                   3                  2               34                 4              18                   0                  3               22                  1              101                    1                  2             103                       183
   8:00             AM                   4             22                    0                 8              26                 2              35                   3                  4               40                 0              25                   1                14                26                  1                96                   5                  5             102                       194
   8:15             AM                   5             28                    0              15                33                 1              30                   2                  3               33                 4              27                   0                15                31                  2              117                    1                 11             120                       217
   8:30             AM                   2             44                    0              10                46                 0              29                   4                  4               33                 0              33                   0                11                33                  3                97                   9                  8             109                       221
   8:45             AM                   8             29                    0                 6              37                 8              28                   4                  3               40                 3              44                   1                12                48                  1                83                   0                  1                84                     209
   9:00             AM                   2             29                    0                 7              31                 3              22                   0                  2               25                 8              39                   0                12                47                  0                54                   1                  5                55                     158
   9:15             AM                   4             23                    2                 5              29                 1              34                   2                  5               37                 3              19                   0                  3               22                  0                63                   2                  4                65                     153
   9:30             AM                   3             19                    0                 6              22                 1              20                   0                  1               21                 2              16                   0                  2               18                  0                43                   1                  4                44                     105
   9:45             AM                   1             23                    0                 0              24                 0              17                   2                  1               19                 1              20                   0                  5               21                  0                34                   2                  2                36                     100
 11:00               AM                  4             18                    0                 2              22                 3              18                   1                  2               22                 2              10                   1                14                13                  1                17                   0                  0                18                       75
 11:15               AM                  3             12                    0                 2              15                 4              32                   1                  0               37                 3              18                   0                  0               21                  0                20                   4                  0                24                       97
 11:30               AM                  1             16                    1                 3              18                 0              29                   1                  1               30                 3                9                  0                  1               12                  1                14                   3                  1                18                       78
 11:45               AM                  4             21                    1                 5              26                 2              24                   4                  1               30                 3              12                   0                10                15                  1                24                   0                  5                25                       96
 12:00                 PM                1             12                    0                 8              13                 3              31                   3                  4               37                 3              14                   0                  3               17                  0                32                   7                  1                39                     106
 12:15                 PM                3             17                    1                 4              21                 2              35                   3                  8               40                 3              24                   0                  3               27                  0                22                   1                  2                23                     111
 12:30                 PM                2             19                    0              12                21                 2              41                   4                  1               47                 3                7                  0                  1               10                  1                22                   1                  4                24                     102
 12:45                 PM                4             19                    3                 6              26                 0              42                   4                  4               46                 1              19                   0                  3               20                  1                18                   3                  0                22                     114
   1:00              PM                  3             15                    2                 9              20                 0              37                   5                  0               42                 1              12                   0                  6               13                  1                24                   5                  3                30                     105
   1:15              PM                  5             24                    0                 3              29                 3              38                   3                  0               44                 2              20                   0                  7               22                  2                21                   2                  2                25                     120
   1:30              PM                  2             32                    0                 3              34                 0              43                   6                  2               49                 2              13                   0                  1               15                  0                19                   1                  1                20                     118
   1:45              PM                  1             35                    0                 8              36                 2              36                   4                  2               42                 5              18                   0                  1               23                  0                20                   1                  1                21                     122
   4:00              PM                  1             25                    0                 4              26                 6              78                   7                  2               91                 1              34                   0                  2               35                  0                21                   1                  1                22                     174
   4:15              PM                  3             26                    0                 6              29                 3              90                 10                   4             103                  5              29                   0                  1               34                  1                38                   2                  4                41                     207
   4:30              PM                  2             22                    2                 6              26                 1              88                   9                  4               98                 0              36                   0                  2               36                  0                31                   4                  2                35                     195
   4:45              PM                  2             48                    0                 9              50                 7           109                   10                   4             126                  1              38                   0                  3               39                  0                30                   3                  8                33                     248
   5:00              PM                  9             30                    0                 6              39                 5              97                   9                  4             111                  2              35                   0                  5               37                  0                33                   2                  4                35                     222
   5:15              PM                  2             45                    0              18                47                 4              91                 13                   1             108                  0              31                   0                  2               31                  3                32                   4                  3                39                     225
   5:30              PM                  5             32                    0              10                37                 7              91                   2                  2             100                  2              45                   0                  5               47                  1                37                   2                  4                40                     224
   5:45              PM                  0             41                    1              14                42               10               95                 14                   4             119                  1              33                   0                  7               34                  1                39                   1                  4                41                     236
   6:00              PM                  1             45                    2              12                48                 3              83                   3                  3               89                 2              34                   1                  4               37                  2                33                   7                  6                42                     216
   6:15              PM                  3             45                    1              14                49                 8              78                   7                  5               93                 5              25                   0                  5               30                  0                27                   2                  8                29                     201
   6:30              PM                  3             22                    1                 7              26                 4              68                 10                   9               82                 2              26                   1                14                29                  0                33                   2                  6                35                     172
   6:45              PM                  1             19                    2              12                22                 2              85                   8                  1               95                 1              27                   0                  7               28                  1                33                   4                  6                38                     183
         Total                      109              948                  22              287            1079                103           1832                  171                106            2106                  84            884                     7              227               975                 29            1642                    91               142             1762                      5922
      App             %            10.1             87.9                 2.0             26.6                                 4.9            87.0                 8.1               5.0                                 8.6            90.7                 0.7             23.3                                   1.6             93.2                  5.2                8.1
     Total              %            1.8            16.0                 0.4               4.8             18.2               1.7            30.9                 2.9               1.8             35.6                1.4            14.9                 0.1               3.8             16.5                 0.5             27.7                  1.5                2.4             29.8
  INT            ID                                                               ROAD 1                                                                                                         ROAD 2                                                   ROAD 3                              ROAD 4                                COMMUNITY                                                  TMC DATE
      144                            MASSACHUSETTS                                                               AVENUE NE                                                    10TH STREET                                              NE                                                                                                                   -                                   1/26/2017
                             TRUCKS
                             NB                                                                                              EB                                                                                        SB                                                                                             WB
       Start                  Left           Thru             Right                    Ped                     NB             Left           Thru             Right                Ped                  EB             Left           Thru             Right                    Ped                     SB              Left            Thru             Right                 Ped                 WB              Interval
     Time                                                                                                  Total                                                                                     Total                                                                                          Total                                                                                       Total                 Total
6:00             AM               0               0                 0                      1                      0               0               0                 0                   2                  0                0              1                 0                      4                      1                0                0                 0                   3                  0                      1
6:15             AM               0               0                 0                      6                      0               0               0                 0                   0                  0                0              0                 0                      1                      0                0                0                 0                   5                  0                      0
6:30             AM               1               0                 0                      6                      1               0               2                 0                   3                  2                0              0                 0                      8                      0                0                2                 0                   1                  2                      5
6:45             AM               0               0                 0                      5                      0               0               0                 0                   0                  0                0              0                 0                      7                      0                0                1                 0                   2                  1                      1
7:00             AM               0               0                 0                      4                      0               0               1                 0                   2                  1                0              0                 0                      9                      0                0                1                 0                   4                  1                      2
7:15             AM               0               0                 0                    10                       0               0               1                 0                   0                  1                0              0                 0                      6                      0                0                1                 0                   6                  1                      2
7:30             AM               0               0                 0                      4                      0               0               2                 0                   6                  2                0              0                 0                      8                      0                0                2                 0                   3                  2                      4
7:45             AM               0               1                 0                    11                       1               1               3                 0                   2                  4                0              1                 0                      3                      1                0                1                 0                   2                  1                      7
8:00             AM               1               1                 0                      8                      2               0               2                 0                   4                  2                0              0                 0                    14                       0                0                1                 0                   5                  1                      5
8:15             AM               0               0                 0                    15                       0               0               2                 0                   3                  2                0              1                 0                    15                       1                0                0                 0                 11                   0                      3
8:30             AM               0               0                 0                    10                       0               0               1                 0                   4                  1                0              2                 0                    11                       2                0                2                 0                   8                  2                      5
8:45             AM               0               0                 0                      6                      0               0               3                 0                   3                  3                0              0                 0                    12                       0                0                3                 0                   1                  3                      6
9:00             AM               0               0                 0                      7                      0               0               1                 0                   2                  1                0              1                 0                    12                       1                0                0                 1                   5                  1                      3
9:15             AM               0               0                 0                      5                      0               0               1                 0                   5                  1                0              0                 0                      3                      0                0                3                 0                   4                  3                      4
9:30             AM               0               0                 0                      6                      0               0               1                 0                   1                  1                0              0                 0                      2                      0                0                1                 0                   4                  1                      2
9:45             AM               0               0                 0                      0                      0               0               3                 0                   1                  3                0              0                 0                      5                      0                0                2                 1                   2                  3                      6
     11:00                        0               0                 0                      2                      0               0               2                 0                   2                  2                0              0                 0                    14                       0                0                3                 1                   0                  4                      6
         AM
     11:15                        0               0                 0                      2                      0               0               2                 0                   0                  2                1              0                 0                      0                      1                0                1                 0                   0                  1                      4
         AM
     11:30                        0               1                 0                      3                      1               0               2                 0                   1                  2                0              0                 0                      1                      0                0                1                 0                   1                  1                      4
         AM
     11:45                        0               0                 0                      5                      0               0               1                 0                   1                  1                0              2                 0                    10                       2                0                2                 2                   5                  4                      7
         AM
    12:00                         0               0                 0                      8                      0               0               3                 0                   4                  3                0              0                 0                      3                      0                0                1                 1                   1                  2                      5
         PM
    12:15                         0               1                 0                      4                      1               0               2                 0                   8                  2                0              0                 0                      3                      0                0                1                 0                   2                  1                      4
         PM
    12:30                         0               0                 0                    12                       0               0               0                 0                   1                  0                0              0                 0                      1                      0                0                2                 0                   4                  2                      2
         PM
    12:45                         0               1                 0                      6                      1               0               2                 0                   4                  2                0              0                 0                      3                      0                0                1                 0                   0                  1                      4
         PM
1:00             PM               0               0                 0                      9                      0               0               0                 0                   0                  0                0              0                 0                      6                      0                0                2                 0                   3                  2                      2
1:15             PM               0               2                 0                      3                      2               1               2                 0                   0                  3                0              0                 0                      7                      0                0                1                 0                   2                  1                      6
1:30             PM               0               1                 0                      3                      1               0               5                 0                   2                  5                0              0                 0                      1                      0                0                2                 0                   1                  2                      8
1:45             PM               0               1                 0                      8                      1               0               2                 0                   2                  2                0              1                 0                      1                      1                0                1                 0                   1                  1                      5
4:00             PM               1               0                 0                      4                      1               0               0                 0                   2                  0                0              0                 0                      2                      0                0                1                 0                   1                  1                      2
4:15             PM               0               2                 0                      6                      2               0               5                 0                   4                  5                0              1                 0                      1                      1                0                2                 0                   4                  2                   10
4:30             PM               0               0                 0                      6                      0               0               2                 0                   4                  2                0              0                 0                      2                      0                0                1                 0                   2                  1                      3
4:45             PM               0               0                 0                      9                      0               0               1                 0                   4                  1                0              0                 0                      3                      0                0                3                 0                   8                  3                      4
5:00             PM               0               0                 0                      6                      0               0               3                 0                   4                  3                0              0                 0                      5                      0                0                1                 0                   4                  1                      4
5:15             PM               0               0                 0                    18                       0               0               0                 0                   1                  0                0              0                 0                      2                      0                0                2                 0                   3                  2                      2
5:30             PM               0               1                 0                    10                       1               0               1                 0                   2                  1                0              0                 0                      5                      0                0                2                 0                   4                  2                      4
5:45             PM               0               0                 0                    14                       0               0               0                 0                   4                  0                0              0                 0                      7                      0                0                0                 0                   4                  0                      0
6:00             PM               0               0                 0                    12                       0               0               2                 0                   3                  2                0              0                 0                      4                      0                0                0                 0                   6                  0                      2
6:15             PM               0               0                 0                    14                       0               0               2                 0                   5                  2                0              0                 0                      5                      0                0                0                 0                   8                  0                      2
6:30             PM               0               0                 0                      7                      0               0               1                 0                   9                  1                0              0                 0                    14                       0                0                3                 0                   6                  3                      4
6:45             PM               0               0                 0                    12                       0               0               3                 0                   1                  3                0              0                 0                      7                      0                0                0                 0                   6                  0                      3
      Total                       3             12                  0                  287                      15                2             66                  0              106                   68                 1            10                  0                  227                      11                 0              53                  6              142                   59                  153
   App             %         20.080.0                             0.0            1,913.3                                       2.9          97.1                 0.0            155.9                                   9.1           90.9                 0.0            2,063.6                                        0.0            89.8              10.2              240.7
  Total              %         2.0             7.8                0.0               187.6                     9.8              1.3          43.1                 0.0               69.3              44.4               0.7             6.5                0.0               148.4                     7.2               0.0            34.6                3.9               92.8              38.6
  INT            ID                                                               ROAD 1                                                                                                         ROAD 2                                                   ROAD 3                              ROAD 4                                COMMUNITY                                                  TMC DATE
      144                            MASSACHUSETTS                                                               AVENUE NE                                                    10TH STREET                                              NE                                                                                                                   -                                   1/26/2017
