                                                                               Turning                                      Movement                                                     Count                                Report                                   -      Cars                         &           Trucks
  INT            ID                                                                ROAD 1                                                                                                          ROAD 2                                                     ROAD 3                             ROAD 4                               COMMUNITY                                                TMC DATE
     151                           MASSACHUSETTS                                                               AVENUE NW                                                       36TH STREET                                              NW                                                                                                                   -                                     4/6/2016
                                   CARS
                                   NB                                                                                       EB                                                                                        SB                                                                                        WB
          Start                     Left            Thru              Right               Ped                NB              Left           Thru               Right               Ped                 EB              Left           Thru               Right               Ped                 SB               Left             Thru               Right                Ped                WB                Interval
        Time                                                                                              Total                                                                                     Total                                                                                     Total                                                                                         Total                    Total
   7:00             AM                   1               0                   0                 0                1              12            257                     0                  0             269                  0                0                  0                  0                 0                 2              143                    2                  1              147                      417
   7:15             AM                   0               0                   0                 0                0              21            305                     0                  2             326                  0                0                  0                  0                 0                 3              169                    4                  3              176                      502
   7:30             AM                   4               0                   1                 0                5              29            344                     1                  3             374                  0                0                  0                  0                 0                 4              188                    2                  3              194                      573
   7:45             AM                   7               0                   0                 0                7              32            352                     1                  3             385                  0                0                  0                  0                 0               10               214                    3                  3              227                      619
   8:00             AM                   4               0                   1                 0                5              20            398                     2                  5             420                  0                0                  0                  0                 0               12               201                    0                  4              213                      638
   8:15             AM                   1               0                   0                 0                1              25            348                     1                  3             374                  0                0                  0                  0                 0               13               182                    3                  4              198                      573
   8:30             AM                   1               0                   0                 1                1              27            359                     0                  7             386                  0                0                  0                  0                 0               10               197                    6                  4              213                      600
   8:45             AM                   0               1                   0                 0                1              22            318                     3                  4             343                  0                0                  0                  0                 0                 7              176                    1                  9              184                      528
 11:00               AM                  0               0                   0                 0                0              16            198                     1                  3             215                  0                0                  0                  0                 0                 2              149                    1                  0              152                      367
 11:15               AM                  1               1                   0                 1                2                8           203                     3                  0             214                  0                0                  0                  0                 0                 2              140                    1                  3              143                      359
 11:30               AM                  1               0                   0                 0                1              12            198                     1                  0             211                  0                0                  0                  0                 0                 2              165                    1                  0              168                      380
 11:45               AM                  2               0                   0                 3                2                8           152                     1                  4             161                  0                0                  0                  0                 0                 0              171                    0                13               171                      334
 12:00                 PM                1               0                   0                 0                1              14            183                     3                  5             200                  0                0                  0                  1                 0                 0              193                    0                  7              193                      394
 12:15                 PM                0               0                   0                 4                0              13            156                     1                  7             170                  0                0                  0                  1                 0                 2              176                    5                  5              183                      353
 12:30                 PM                1               0                   2                 0                3              16            156                     4                  5             176                  0                0                  0                  0                 0                 4              156                    1                  3              161                      340
 12:45                 PM                0               0                   0                 1                0              23            178                     2                  5             203                  0                0                  0                  0                 0                 2              165                    2                10               169                      372
   4:00              PM                  0               0                   0                 0                0              23            204                     4                  1             231                  0                0                  0                  0                 0                 4              244                    2                  2              250                      481
   4:15              PM                  2               1                   0                 0                3              24            139                     1                  5             164                  0                0                  0                  0                 0                 5              327                    1                  6              333                      500
   4:30              PM                  2               0                   0                 1                2              28            159                     1                  4             188                  0                0                  0                  0                 0                 2              318                    4                  3              324                      514
   4:45              PM                  0               0                   1                 1                1              19            162                     0                  4             181                  0                0                  0                  4                 0                 3              380                    2                10               385                      567
   5:00              PM                  0               0                   0                 0                0              19            163                     1                  2             183                  0                0                  0                  1                 0                 3              401                    3                14               407                      590
   5:15              PM                  1               0                   0                 3                1              16            177                     3                  3             196                  0                0                  0                  3                 0                 4              335                    3                10               342                      539
   5:30              PM                  0               0                   0                 0                0              23            166                     0                  4             189                  0                0                  0                  2                 0                 4              348                    6                13               358                      547
   5:45              PM                  0               1                   0                 2                1              23            194                     4                  3             221                  0                0                  0                  0                 0                 2              352                    3                  4              357                      579
         Total                        29                 4                   5              17                38             473           5469                    38                 82           5980                    0                0                  0                12                  0             102              5490                   56               134             5648                   11666
      App             %            76.3             10.5               13.2              44.7                                 7.9            91.5                 0.6               1.4                                 0.0              0.0                0.0               0.0                                  1.8             97.2                   1.0               2.4
     Total              %            0.2              0.0                0.0               0.1               0.3              4.1            46.9                 0.3               0.7             51.3                0.0              0.0                0.0               0.1               0.0                0.9             47.1                   0.5               1.1             48.4
  INT            ID                                                                ROAD 1                                                                                                          ROAD 2                                                     ROAD 3                             ROAD 4                               COMMUNITY                                                TMC DATE
     151                           MASSACHUSETTS                                                               AVENUE NW                                                       36TH STREET                                              NW                                                                                                                   -                                     4/6/2016
                                   TRUCKS
                                   NB                                                                                       EB                                                                                        SB                                                                                        WB
          Start                     Left            Thru              Right               Ped                NB              Left           Thru               Right               Ped                 EB              Left           Thru               Right               Ped                 SB               Left             Thru               Right                Ped                WB                Interval
         Time                                                                                             Total                                                                                     Total                                                                                     Total                                                                                        Total                     Total
   7:00             AM                   0               0                   0                 0                0                1                6                  0                  0                 7                0                0                  0                  0                 0                 0                  9                  0                  1                  9                      16
   7:15             AM                   0               0                   0                 0                0                0                7                  0                  2                 7                0                0                  0                  0                 0                 0                  9                  0                  3                  9                      16
   7:30             AM                   0               0                   0                 0                0                0                6                  0                  3                 6                0                0                  0                  0                 0                 0                  4                  0                  3                  4                      10
   7:45             AM                   0               0                   0                 0                0                1                7                  0                  3                 8                0                0                  0                  0                 0                 0                  7                  0                  3                  7                      15
   8:00             AM                   0               0                   0                 0                0                1                7                  0                  5                 8                0                0                  0                  0                 0                 0                  9                  0                  4                  9                      17
   8:15             AM                   0               0                   0                 0                0                0                8                  0                  3                 8                0                0                  0                  0                 0                 0                11                   0                  4                11                       19
   8:30             AM                   0               0                   0                 1                0                1                5                  0                  7                 6                0                0                  0                  0                 0                 0                  3                  3                  4                  6                      12
   8:45             AM                   0               0                   0                 0                0                0                6                  0                  4                 6                0                0                  0                  0                 0                 0                  7                  1                  9                  8                      14
  11:00               AM                 0               0                   0                 0                0                1                2                  0                  3                 3                0                0                  0                  0                 0                 0                  6                  0                  0                  6                        9
  11:15               AM                 0               0                   0                 1                0                1                8                  0                  0                 9                0                0                  0                  0                 0                 0                  4                  0                  3                  4                      13
  11:30               AM                 0               0                   0                 0                0                2                5                  0                  0                 7                0                0                  0                  0                 0                 0                  6                  0                  0                  6                      13
  11:45               AM                 0               0                   0                 3                0                1                8                  0                  4                 9                0                0                  0                  0                 0                 0                  3                  0                13                   3                      12
 12:00                 PM                0               0                   0                 0                0                2                1                  0                  5                 3                0                0                  0                  1                 0                 0                  6                  1                  7                  7                      10
 12:15                 PM                0               0                   0                 4                0                1                3                  0                  7                 4                0                0                  0                  1                 0                 0                  3                  0                  5                  3                        7
 12:30                 PM                0               0                   0                 0                0                0                4                  0                  5                 4                0                0                  0                  0                 0                 0                  8                  0                  3                  8                      12
 12:45                 PM                0               0                   0                 1                0                0                4                  0                  5                 4                0                0                  0                  0                 0                 0                  8                  0                10                   8                      12
   4:00              PM                  0               0                   0                 0                0                0                6                  0                  1                 6                0                0                  0                  0                 0                 0                  8                  0                  2                  8                      14
   4:15              PM                  0               0                   0                 0                0                1                9                  0                  5               10                 0                0                  0                  0                 0                 0                  6                  0                  6                  6                      16
   4:30              PM                  0               0                   0                 1                0                1                8                  1                  4               10                 0                0                  0                  0                 0                 0                  7                  1                  3                  8                      18
   4:45              PM                  0               0                   0                 1                0                0                8                  0                  4                 8                0                0                  0                  4                 0                 0                  4                  0                10                   4                      12
   5:00              PM                  0               0                   0                 0                0                0                5                  0                  2                 5                0                0                  0                  1                 0                 0                  3                  0                14                   3                        8
   5:15              PM                  0               0                   0                 3                0                0                8                  0                  3                 8                0                0                  0                  3                 0                 0                  0                  0                10                   0                        8
   5:30              PM                  0               0                   0                 0                0                0                1                  0                  4                 1                0                0                  0                  2                 0                 0                  8                  0                13                   8                        9
   5:45              PM                  0               0                   0                 2                0                1                3                  0                  3                 4                0                0                  0                  0                 0                 0                  3                  0                  4                  3                        7
         Total                           0               0                   0              17                  0              15            135                     1                82              151                  0                0                  0                12                  0                 0              142                    6              134               148                       299
       App             %              0.0             0.0                0.0               0.0                                9.9            89.4                 0.7             54.3                                  0.0              0.0                0.0               0.0                                  0.0             95.9                  4.1              90.5
     Total              %             0.0             0.0                0.0               5.7               0.0              5.0            45.2                 0.3             27.4              50.5                0.0              0.0                0.0               4.0               0.0                0.0             47.5                  2.0              44.8              49.5
  INT            ID                                                                ROAD 1                                                                                                          ROAD 2                                                     ROAD 3                             ROAD 4                               COMMUNITY                                                TMC DATE
     151                           MASSACHUSETTS                                                               AVENUE NW                                                       36TH STREET                                              NW                                                                                                                   -                                     4/6/2016
