                                                                               Turning                                      Movement                                                     Count                                Report                                   -      Cars                         &           Trucks
  INT            ID                                              ROAD 1                                                                                                        ROAD 2                                                                    ROAD 3                              ROAD 4                                COMMUNITY                                                   TMC DATE
      152                         SAVANNAH STREET                                                                   SE                         RIDGECREST                                            COURT                          SE                                                                                                                     -                                    4/15/2016
                              CARS
                              NB                                                                                        EB                                                                                         SB                                                                                          WB
        Start                  Left           Thru               Right               Ped                  NB              Left           Thru               Right               Ped                 EB               Left            Thru              Right                Ped                 SB               Left             Thru               Right                Ped                WB                 Interval
      Time                                                                                            Total                                                                                      Total                                                                                       Total                                                                                        Total                     Total
 7:00             AM                0               0                   0                 4                 0               10                 9                  0                  0               19                  2                0                 12                  0                14                  0                21                   2                  6                23                        56
 7:15             AM                0               0                   0                 1                 0                 5                9                  0                  0               14                  4                0                 14                  0                18                  0                29                   5                  4                34                        66
 7:30             AM                0               0                   0                 0                 0                 4              11                   0                  0               15                  2                0                   7                 0                  9                 0                32                   0                  2                32                        56
 7:45             AM                0               0                   0                 0                 0                 9              18                   0                  0               27                  1                0                 11                  0                12                  0                61                   2                  8                63                     102
 8:00             AM                0               0                   0                 4                 0                 3              14                   0                  0               17                  9                0                   9                 6                18                  0                51                   4                  6                55                        90
 8:15             AM                0               0                   0                 3                 0                 2              14                   0                  0               16                  0                0                   7                 2                  7                 0                29                   1                  8                30                        53
 8:30             AM                0               0                   0                 1                 0                 4              17                   0                  0               21                  3                0                   8                 1                11                  0                20                   5                  0                25                        57
 8:45             AM                0               0                   0                 2                 0                 1              11                   0                  0               12                  1                0                   3                 0                  4                 0                16                   3                 11                19                        35
 9:00             AM                0               0                   0                 0                 0               10               16                   0                  0               26                  0                0                   3                 0                  3                 0                17                   1                  3                18                        47
 9:15             AM                0               0                   0                 0                 0                 6              15                   0                  0               21                  2                0                   7                 0                  9                 0                14                   4                  2                18                        48
 9:30             AM                0               0                   0                 0                 0                 2                7                  0                  0                 9                 1                0                   1                 0                  2                 0                11                   3                  4                14                        25
 9:45             AM                0               0                   0                 0                 0                 6                8                  0                  0               14                  1                0                   5                 0                  6                 0                13                   2                  3                15                        35
 4:00             PM                0               0                   0                 1                 0                 5              17                   0                  0               22                  2                0                   4                 0                  6                 0                23                   1                  8                24                        52
 4:15             PM                0               0                   0                 0                 0               10               19                   0                  0               29                  3                0                 10                  0                13                  0                15                   4                  5                19                        61
 4:30             PM                0               0                   0                 0                 0               13               21                   0                  0               34                  6                0                   7                 0                13                  0                20                   5                  9                25                        72
 4:45             PM                0               0                   0                 3                 0                 5              23                   0                  0               28                  4                0                   8                 0                12                  0                24                   4                12                 28                        68
 5:00             PM                0               0                   0                 1                 0               10               25                   0                  0               35                  3                0                   9                 3                12                  0                14                   7                  3                21                        68
 5:15             PM                0               0                   0                 0                 0                 9              17                   0                  0               26                  3                0                 16                  0                19                  0                14                   2                  3                16                        61
 5:30             PM                0               0                   0                 0                 0               13               20                   0                  0               33                  3                0                   7                 1                10                  0                21                   5                  6                26                        69
 5:45             PM                0               0                   0                 0                 0               12               23                   0                  0               35                  4                0                   5                 1                  9                 0                21                  11                  5                32                        76
 6:00             PM                0               0                   0                 2                 0                 3              14                   0                  0               17                  8                0                 11                  1                19                  0                21                   5                  1                26                        62
 6:15             PM                0               0                   0                 0                 0                 7              15                   0                  0               22                  6                0                   3                 1                  9                 0                18                   7                  1                25                        56
 6:30             PM                0               0                   0                 1                 0                 8              11                   0                  0               19                  6                0                 12                  1                18                  0                17                   7                  7                24                        61
 6:45             PM                0               0                   0                 0                 0               10               26                   0                  0               36                  5                0                   4                 0                  9                 0                26                 10                   7                36                        81
       Total                        0               0                   0               23                  0             167              380                    0                  0             547                 79                 0              183                  17               262                   0              548                100                124               648                     1457
    App             %            0.0             0.0                 0.0               0.0                               30.5             69.5                 0.0               0.0                               30.2                0.0               69.8                6.5                                  0.0             84.6                15.4               19.1
   Total              %          0.0             0.0                 0.0               1.6               0.0             11.5             26.1                 0.0               0.0             37.5                5.4               0.0               12.6                1.2             18.0                 0.0             37.6                  6.9                8.5              44.5
  INT            ID                                              ROAD 1                                                                                                        ROAD 2                                                                    ROAD 3                              ROAD 4                                COMMUNITY                                                   TMC DATE
      152                         SAVANNAH STREET                                                                   SE                         RIDGECREST                                            COURT                          SE                                                                                                                     -                                    4/15/2016
                              TRUCKS
                              NB                                                                                       EB                                                                                        SB                                                                                         WB
        Start                  Left           Thru              Right                Ped                NB               Left           Thru              Right               Ped                 EB               Left           Thru              Right                Ped                 SB               Left             Thru               Right                  Ped                   WB                Interval
      Time                                                                                          Total                                                                                     Total                                                                                      Total                                                                                              Total                    Total
 7:00             AM                0               0                   0                 4                0                 1               0                   0                 0                 1                 0               0                   0                  0                 0                 0                  0                  0                    6                    0                        1
 7:15             AM                0               0                   0                 1                0                 1               0                   0                 0                 1                 1               0                   2                  0                 3                 0                  1                  0                    4                    1                        5
 7:30             AM                0               0                   0                 0                0                 0               0                   0                 0                 0                 0               0                   1                  0                 1                 0                  1                  0                    2                    1                        2
 7:45             AM                0               0                   0                 0                0                 0               0                   0                 0                 0                 1               0                   1                  0                 2                 0                  0                  0                    8                    0                        2
 8:00             AM                0               0                   0                 4                0                 0               0                   0                 0                 0                 0               0                   0                  6                 0                 0                  1                  0                    6                    1                        1
 8:15             AM                0               0                   0                 3                0                 0               0                   0                 0                 0                 0               0                   0                  2                 0                 0                  0                  0                    8                    0                        0
 8:30             AM                0               0                   0                 1                0                 0               0                   0                 0                 0                 0               0                   0                  1                 0                 0                  0                  0                    0                    0                        0
 8:45             AM                0               0                   0                 2                0                 0               0                   0                 0                 0                 0               0                   2                  0                 2                 0                  0                  0                   11                    0                        2
 9:00             AM                0               0                   0                 0                0                 0               0                   0                 0                 0                 1               0                   1                  0                 2                 0                  0                  0                    3                    0                        2
 9:15             AM                0               0                   0                 0                0                 0               0                   0                 0                 0                 0               0                   0                  0                 0                 0                  0                  0                    2                    0                        0
 9:30             AM                0               0                   0                 0                0                 0               0                   0                 0                 0                 0               0                   0                  0                 0                 0                  1                  0                    4                    1                        1
 9:45             AM                0               0                   0                 0                0                 0               0                   0                 0                 0                 0               0                   0                  0                 0                 0                  1                  0                    3                    1                        1
 4:00             PM                0               0                   0                 1                0                 2               0                   0                 0                 2                 0               0                   2                  0                 2                 0                  0                  0                    8                    0                        4
 4:15             PM                0               0                   0                 0                0                 0               0                   0                 0                 0                 1               0                   3                  0                 4                 0                  0                  2                    5                    2                        6
 4:30             PM                0               0                   0                 0                0                 1               1                   0                 0                 2                 0               0                   0                  0                 0                 0                  0                  0                    9                    0                        2
 4:45             PM                0               0                   0                 3                0                 1               1                   0                 0                 2                 1               0                   2                  0                 3                 0                  1                  2                  12                     3                        8
 5:00             PM                0               0                   0                 1                0                 0               0                   0                 0                 0                 0               0                   0                  3                 0                 0                  0                  0                    3                    0                        0
 5:15             PM                0               0                   0                 0                0                 1               0                   0                 0                 1                 0               0                   1                  0                 1                 0                  0                  0                    3                    0                        2
 5:30             PM                0               0                   0                 0                0                 1               0                   0                 0                 1                 0               0                   2                  1                 2                 0                  0                  0                    6                    0                        3
 5:45             PM                0               0                   0                 0                0                 0               1                   0                 0                 1                 0               0                   0                  1                 0                 0                  0                  0                    5                    0                        1
 6:00             PM                0               0                   0                 2                0                 1               0                   0                 0                 1                 0               0                   0                  1                 0                 0                  0                  0                    1                    0                        1
 6:15             PM                0               0                   0                 0                0                 1               0                   0                 0                 1                 1               0                   0                  1                 1                 0                  0                  0                    1                    0                        2
 6:30             PM                0               0                   0                 1                0                 1               0                   0                 0                 1                 1               0                   0                  1                 1                 0                  1                  1                    7                    2                        4
 6:45             PM                0               0                   0                 0                0                 0               1                   0                 0                 1                 0               0                   0                  0                 0                 0                  1                  0                    7                    1                        2
       Total                        0               0                   0              23                  0               11                4                   0                 0               15                  7               0                 17                17                24                   0                  8                  5                124                    13                       52
    App             %            0.0             0.0                0.0               0.0                              73.3             26.7                 0.0               0.0                               29.2                0.0              70.8              70.8                                   0.0             61.5                38.5               953.8
   Total              %          0.0             0.0                0.0             44.2                0.0            21.2                7.7               0.0               0.0             28.8              13.5                0.0              32.7              32.7              46.2                 0.0             15.4                  9.6              238.5                 25.0
  INT            ID                                              ROAD 1                                                                                                        ROAD 2                                                                    ROAD 3                              ROAD 4                                COMMUNITY                                                   TMC DATE
      152                         SAVANNAH STREET                                                                   SE                         RIDGECREST                                            COURT                          SE                                                                                                                     -                                    4/15/2016
