                                                                               Turning                                      Movement                                                     Count                                Report                                   -      Cars                         &           Trucks
   INT            ID                                        ROAD 1                                                                                             ROAD 2                                                                   ROAD 3                                  ROAD 4                                     COMMUNITY                                                        TMC DATE
       154                              18TH STREET                                              NW                                  SWANN STREET                                                        NW                                                                                                                                        -                                         5/13/2016
                               CARS
                               NB                                                                                        EB                                                                                         SB                                                                                         WB
        Start                   Left           Thru               Right               Ped                 NB              Left            Thru               Right               Ped                 EB              Left            Thru              Right                Ped                 SB                Left             Thru               Right                Ped                WB                 Interval
       Time                                                                                            Total                                                                                     Total                                                                                       Total                                                                                         Total                     Total
 7:00             AM                2              27                   0                15                29                 0                 0                  0                  1                 0                0              40                    3               13                 43                   0                  1                  2                  1                  3                      75
 7:15             AM                3              22                   0                17                25                 0                 0                  0                  3                 0                0              44                    2               23                 46                   2                  0                  3                  3                  5                      76
 7:30             AM                4              35                   0                15                39                 0                 0                  0                  4                 0                0              45                    7               31                 52                   2                  2                  8                  2               12                      103
 7:45             AM                3              43                   0                28                46                 0                 0                  0                  4                 0                0              51                    3               45                 54                   2                  2                  2                  5                  6                    106
 8:00             AM                2              37                   0                25                39                 0                 0                  0                  5                 0                0              48                    2               30                 50                   2                  1                  5                  2                  8                      97
 8:15             AM                1              28                   0                32                29                 0                 0                  0                  6                 0                0              66                    7               53                 73                   4                  0                  4                  2                  8                    110
 8:30             AM                4              42                   0                54                46                 0                 0                  0                12                  0                0              63                    1               72                 64                   2                  4                  2                  4                  8                    118
 8:45             AM                5              33                   0                51                38                 0                 0                  0                16                  0                0              87                    6               76                 93                   2                  3                  4                  6                  9                    140
 9:00             AM                3              22                   0                41                25                 0                 0                  0                  3                 0                0              88                    6               35                 94                   1                  2                  5                  7                  8                    127
 9:15             AM                4              35                   0                34                39                 0                 0                  0                  3                 0                0              94                    5               26                 99                   2                  3                  3                  6                  8                    146
 9:30             AM                4              28                   0                19                32                 0                 0                  0                  5                 0                0              65                    8               26                 73                   1                  1                  3                  1                  5                    110
 9:45             AM                2              47                   0                30                49                 0                 0                  0                11                  0                0              70                    5               28                 75                   0                  2                  8                  6               10                      134
 4:00             PM                3              48                   0                22                51                 0                 0                  0                  5                 0                0              65                    7               10                 72                   2                  1                  4                  5                  7                    130
 4:15             PM                1              52                   0                20                53                 0                 0                  0                  3                 0                0              46                    2               23                 48                   1                  2                  7                  7               10                       111
 4:30             PM                5              46                   0                21                51                 0                 0                  0                  3                 0                0              54                  11                15                 65                   3                  0                  5                  7                  8                    124
 4:45             PM                4              56                   0                28                60                 0                 0                  0                10                  0                0              44                    3               27                 47                   3                  0                  2                  2                  5                    112
 5:00             PM                4              45                   0                27                49                 0                 0                  0                  8                 0                0              53                    5               52                 58                   0                  1                  2                  5                  3                    110
 5:15             PM                7              54                   0                45                61                 0                 0                  0                  6                 0                0              54                    8               41                 62                   3                  3                  4                  4               10                      133
 5:30             PM                9              62                   0                48                71                 0                 0                  0                13                  0                0              56                    2               46                 58                   2                  3                  6                  0                11                     140
 5:45             PM                6              61                   0                68                67                 0                 0                  0                  5                 0                0              61                    5               59                 66                   0                  0                  3                  8                  3                    136
 6:00             PM                3              50                   0                81                53                 0                 0                  0                  8                 0                0              70                    7               73                 77                   4                  7                  4                  8               15                      145
 6:15             PM                6              63                   0                73                69                 0                 0                  0                12                  0                0              60                    9               74                 69                   1                10                   6                13                17                      155
 6:30             PM                8              45                   0                55                53                 0                 0                  0                  7                 0                0              44                    4               48                 48                   3                  9                  3                  7               15                      116
 6:45             PM               11              73                   0                72                84                 0                 0                  0                  9                 0                0              66                    8               60                 74                   5                  8                  2                  6               15                      173
       Total                    104           1054                      0              921             1158                   0                 0                  0             162                    0                0          1434                 126                986              1560                   47                 65                 97               117               209                     2927
     App            %            9.0            91.0                 0.0             79.5                                  0.0              0.0                 0.0               0.0                                 0.0            91.9                  8.1             63.2                                  22.5              31.1                46.4               56.0
   Total              %          3.6            36.0                 0.0             31.5              39.6                0.0              0.0                 0.0               5.5               0.0               0.0            49.0                  4.3             33.7              53.3                  1.6               2.2                 3.3                4.0                7.1
   INT            ID                                        ROAD 1                                                                                             ROAD 2                                                                   ROAD 3                                  ROAD 4                                     COMMUNITY                                                        TMC DATE
       154                              18TH STREET                                              NW                                  SWANN STREET                                                        NW                                                                                                                                        -                                         5/13/2016
                       TRUCKS
                       NB                                                                                              EB                                                                                       SB                                                                                              WB
    Start               Left          Thru             Right                    Ped                     NB              Left          Thru             Right                 Ped                  EB             Left          Thru             Right                    Ped                     SB              Left            Thru             Right                    Ped                     WB              Interval
  Time                                                                                               Total                                                                                    Total                                                                                           Total                                                                                             Total                 Total
   7:00                     0               1                 0                    15                      1                0               0                 0                  1                  0                0               1                 0                    13                      1                0                 0                 0                      1                     0                      2
      AM
   7:15                     0               2                 0                    17                      2                0               0                 0                  3                  0                0               0                 0                    23                      0                0                 0                 0                      3                     0                      2
      AM
   7:30                     0               2                 0                    15                      2                0               0                 0                  4                  0                0               0                 0                    31                      0                0                 0                 0                      2                     0                      2
      AM
   7:45                     0               1                 0                    28                      1                0               0                 0                  4                  0                0               1                 0                    45                      1                0                 0                 0                      5                     0                      2
      AM
   8:00                     0               0                 0                    25                      0                0               0                 0                  5                  0                0               0                 0                    30                      0                0                 0                 0                      2                     0                      0
      AM
   8:15                     0               0                 0                    32                      0                0               0                 0                  6                  0                0               0                 0                    53                      0                0                 0                 0                      2                     0                      0
      AM
   8:30                     0               0                 0                    54                      0                0               0                 0                12                   0                0               1                 0                    72                      1                0                 0                 0                      4                     0                      1
      AM
   8:45                     0               0                 0                    51                      0                0               0                 0                16                   0                0               2                 0                    76                      2                0                 0                 1                      6                     1                      3
      AM
   9:00                     0               1                 0                    41                      1                0               0                 0                  3                  0                0               0                 0                    35                      0                0                 0                 1                      7                     1                      2
      AM
   9:15                     1               3                 0                    34                      4                0               0                 0                  3                  0                0               1                 0                    26                      1                0                 0                 0                      6                     0                      5
      AM
   9:30                     0               0                 0                    19                      0                0               0                 0                  5                  0                0               1                 0                    26                      1                0                 0                 1                      1                     1                      2
      AM
   9:45                     0               1                 0                    30                      1                0               0                 0                 11                  0                0               0                 0                    28                      0                0                 0                 0                      6                     0                      1
      AM
   4:00                     0               1                 0                    22                      1                0               0                 0                  5                  0                0               2                 0                    10                      2                0                 0                 0                      5                     0                      3
      PM
   4:15                     0               2                 0                    20                      2                0               0                 0                  3                  0                0               0                 0                    23                      0                0                 0                 0                      7                     0                      2
      PM
   4:30                     0               0                 0                    21                      0                0               0                 0                  3                  0                0               0                 0                    15                      0                0                 0                 0                      7                     0                      0
      PM
   4:45                     0               1                 0                    28                      1                0               0                 0                10                   0                0               0                 0                    27                      0                0                 0                 0                      2                     0                      1
      PM
   5:00                     0               1                 0                    27                      1                0               0                 0                  8                  0                0               0                 0                    52                      0                0                 0                 0                      5                     0                      1
      PM
   5:15                     0               1                 0                    45                      1                0               0                 0                  6                  0                0               0                 0                    41                      0                0                 0                 1                      4                     1                      2
      PM
   5:30                     0               0                 0                    48                      0                0               0                 0                13                   0                0               0                 0                    46                      0                0                 0                 0                      0                     0                      0
      PM
   5:45                     0               1                 0                    68                      1                0               0                 0                  5                  0                0               0                 0                    59                      0                0                 0                 0                      8                     0                      1
      PM
   6:00                     0               0                 0                    81                      0                0               0                 0                  8                  0                0               0                 0                    73                      0                0                 0                 0                      8                     0                      0
      PM
   6:15                     0               0                 0                    73                      0                0               0                 0                12                   0                0               0                 1                    74                      1                0                 0                 0                    13                      0                      1
      PM
   6:30                     0               1                 0                    55                      1                0               0                 0                  7                  0                0               0                 0                    48                      0                0                 0                 0                      7                     0                      1
      PM
   6:45                     0               0                 0                    72                      0                0               0                 0                  9                  0                0               0                 0                    60                      0                0                 0                 0                      6                     0                     0
      PM
   Total                    1             19                  0                  921                     20                 0               0                 0              162                    0                0               9                 1                  986                     10                 0                 0                 4                 117                        4                   34
App             %       5.0           95.0                 0.0            4,605.0                                       0.0             0.0                0.0                0.0                                0.0           90.0               10.0             9,860.0                                         0.0             0.0           100.02,925.0
   Total                2.9           55.9                 0.0            2,708.8                    58.8               0.0             0.0                0.0            476.5                  0.0             0.0           26.5                 2.9            2,900.0                    29.4                 0.0             0.0              11.8                344.1                    11.8
        %
   INT            ID                                        ROAD 1                                                                                             ROAD 2                                                                   ROAD 3                                  ROAD 4                                     COMMUNITY                                                        TMC DATE
       154                              18TH STREET                                              NW                                  SWANN STREET                                                        NW                                                                                                                                        -                                         5/13/2016
