                                                                               Turning                                      Movement                                                     Count                                Report                                   -      Cars                         &           Trucks
   INT            ID                                        ROAD 1                                                                                            ROAD 2                                                                   ROAD 3                                  ROAD 4                                      COMMUNITY                                                        TMC DATE
         16                             14TH STREET                                              NW                                  MILITARY ROAD NW                                                                                                                                                                                              -                                         3/29/2011
                                   CARS
                                   NB                                                                                       EB                                                                                        SB                                                                                        WB
          Start                     Left            Thru              Right               Ped                NB              Left           Thru               Right               Ped                 EB              Left           Thru               Right               Ped                 SB               Left             Thru               Right                Ped                WB                Interval
        Time                                                                                              Total                                                                                     Total                                                                                     Total                                                                                         Total                    Total
   6:00             AM                   0             13                    0                 0              13                 0              23                   1                  2               24                 2                5                  0                  0                 7                 1                61                   0                  0                62                     106
   6:15             AM                   2             22                    1                 0              25                 0              14                   3                  2               17                 6              34                   4                  1               44                  2              139                    0                  5              141                      227
   6:30             AM                20               15                    0                 0              35                 2              63                   6                  1               71                 5              40                 30                   0               75                  0              200                    0                  6              200                      381
   6:45             AM                16               19                    0                 0              35                 4              96                   6                  1             106                10               48                 22                 10                80                  6              198                    2                15               206                      427
   7:00             AM                12               26                    0                 0              38                 0           101                     0                  3             101                  3              73                 38                   5             114                   4              216                    2                20               222                      475
   7:15             AM                11               25                    0                 0              36                 5           123                     0                  1             128                  6              72                 71                   3             149                   0              309                    0                19               309                      622
   7:30             AM                14               23                    1                 0              38                 6           159                     0                  0             165                  6              89                 63                   1             158                   2              301                    8                26               311                      672
   7:45             AM                29               21                    1                 0              51                 5           131                     3                  0             139                 11           108                   37                 17              156                   6              325                    4                37               335                      681
   8:00             AM                14               34                    2                 0              50                 6           171                     1                  0             178                  2           152                   47                 30              201                   3              245                    8                68               256                      685
   8:15             AM                29               45                    1                 0              75               10            159                     0                  2             169                  7              98                 36                   4             141                   6              286                  19                 40               311                      696
   8:30             AM                27               25                    0                 0              52               10            183                     5                  2             198                18            128                   37                   7             183                 16               246                  10                 28               272                      705
   8:45             AM                35               51                    0                 0              86                 2           162                   12                   2             176                  4              66                 31                   4             101                   6              235                    3                16               244                      607
   9:00             AM                15               34                    1                 0              50                 2           131                   14                   0             147                  1              93                 15                   2             109                   0              184                    3                  6              187                      493
   9:15             AM                18               21                    0                 0              39                 8           122                   12                   3             142                12               46                 14                   1               72                  0              195                    0                 11              195                      448
   9:30             AM                11               29                    0                 0              40                 4              96                   2                  0             102                  5              67                 23                   0               95                  1              158                    0                  0              159                      396
   9:45             AM                   7             16                    0                 0              23                 5           105                     1                  0             111                 11              67                 21                   0               99                  4              150                    0                  6              154                      387
 10:00                AM              23               27                    0                 0              50                 2            112                    4                  1             118                  5              27                 13                   2               45                  0                92                   1                  1                93                     306
 10:15                AM              13               20                    0                 0              33                 3            114                    3                  0             120                  2              35                   9                  1               46                  0              134                    0                  1              134                      333
 10:30                AM                 9             22                    0                 0              31                 3            116                  10                   0             129                  4              17                   2                  1               23                  0              117                    1                  0              118                      301
 10:45                AM                 8             21                    0                 0              29                 2            110                    5                  1             117                  3              16                   3                  1               22                  0              115                    0                  0              115                      283
 11:00               AM                  0               0                   0                 0                0                0                0                  0                  0                 0                0                0                  0                  0                 0                 0                  0                  0                  0                  0                        0
 11:15               AM                  0               0                   0                 0                0                0                0                  0                  0                 0                0                0                  0                  0                 0                 0                  0                  0                  0                  0                        0
 11:30               AM                  0               0                   0                 0                0                0                0                  0                  0                 0                0                0                  0                  0                 0                 0                  0                  0                  0                  0                        0
 11:45               AM                  0               0                   0                 0                0                0                0                  0                  0                 0                0                0                  0                  0                 0                 0                  0                  0                  0                  0                        0
 12:00                 PM                0               0                   0                 0                0                0                0                  0                  0                 0                0                0                  0                  0                 0                 0                  0                  0                  0                  0                        0
 12:15                 PM                0               0                   0                 0                0                0                0                  0                  0                 0                0                0                  0                  0                 0                 0                  0                  0                  0                  0                        0
 12:30                 PM                0               0                   0                 0                0                0                0                  0                  0                 0                0                0                  0                  0                 0                 0                  0                  0                  0                  0                        0
 12:45                 PM                0               0                   0                 0                0                0                0                  0                  0                 0                0                0                  0                  0                 0                 0                  0                  0                  0                  0                        0
   1:00              PM                  0               0                   0                 0                0                0                0                  0                  0                 0                0                0                  0                  0                 0                 0                  0                  0                  0                  0                        0
   1:15              PM                  0               0                   0                 0                0                0                0                  0                  0                 0                0                0                  0                  0                 0                 0                  0                  0                  0                  0                        0
   1:30              PM               14               24                    0                 0              38                 2              91                 13                   1             106                  5              25                   8                  2               38                  3                99                   8                  3              110                      292
   1:45              PM               21               48                    2                 3              71               20               99                   5                  0             124                  6              40                  11                  3               57                  3              114                    1                10               118                      370
   2:00              PM               10               39                    4                 0              53                 7            117                    5                  0             129                  4              27                   8                  0               39                  1                94                   5                  1              100                      321
   2:15              PM                  8             28                    1                 0              37                 9           126                   10                   0             145                10               24                   7                  0               41                  2              105                    8                  2              115                      338
   2:30              PM               20               43                    0                 1              63                 8            116                  12                   3             136                  1              38                 14                   0               53                  1              155                    6                  7              162                      414
   2:45              PM               11               45                    3                 0              59               10            131                   16                   0             157                  2              20                  11                  2               33                  4              158                    4                  4              166                      415
   3:00              PM               15               26                    1                 0              42                 7           101                   25                   0             133                  4              37                   3                  0               44                  5              155                  10                  11              170                      389
   3:15              PM                  0             51                    5                 0              56                 7           108                   19                   1             134                  3              38                   3                11                44                  9              115                  18                 22               142                      376
   3:30              PM                  4             66                    1                 0              71               24             115                  22                   0             161                  2              28                   5                  6               35                  6              130                    9                19               145                      412
   3:45              PM                  6             26                    0                 0              32                 2              49                 18                   0               69                 3              30                   2                  0               35                  1              118                  14                   8              133                      269
   4:00              PM                  7             12                    0                 0              19                 0              99                 33                   1             132                  3              17                   2                  6               22                  1              136                    6                21               143                      316
   4:15              PM                  8             39                    1                 0              48                 4           104                   14                   0             122                10               40                   6                  5               56                  2              151                  22                 14               175                      401
   4:30              PM               11               41                    0                 0              52                 2            112                  32                   1             146                  4              71                   2                  3               77                  2              158                  14                 17               174                      449
   4:45              PM               12               38                    1                 0              51                 0            118                  30                   0             148                  1              40                   1                14                42                  3              137                    8                24               148                      389
   5:00              PM               12               24                    1                 0              37                 6           141                   32                   0             179                  3              71                   4                  1               78                  7              178                  12                 10               197                      491
   5:15              PM                  3             48                    0                 0              51               17            130                   21                   0             168                  2              52                   3                  6               57                  6              142                    9                12               157                      433
   5:30              PM                  8             36                    0                 0              44               12            123                   23                   1             158                  3              62                   3                  4               68                  3              156                    7                19               166                      436
   5:45              PM                  5             30                    0                 0              35               13            124                   20                   1             157                  3              60                   3                  3               66                  4              150                    6                15               160                      418
   6:00              PM                  4             28                    1                 0              33               12            120                   21                   0             153                  2              57                   2                  1               61                  3              148                    4                14               155                      402
   6:15              PM                  2             23                    0                 0              25                11           121                   18                   1             150                  1              52                   2                  1               55                  2              142                    2                 11              146                      376
         Total                      494            1224                   28                   4         1746                252           4536                  477                  31           5265                195            2110                 616                158            2921                 125              6647                 234                549             7006                   16938
      App             %            28.3             70.1                 1.6               0.2                                4.8            86.2                 9.1               0.6                                 6.7            72.2               21.1                5.4                                  1.8             94.9                   3.3               7.8
     Total              %            2.9              7.2                0.2               0.0             10.3               1.5            26.8                 2.8               0.2             31.1                1.2            12.5                 3.6               0.9             17.2                 0.7             39.2                   1.4               3.2             41.4
   INT            ID                                        ROAD 1                                                                                            ROAD 2                                                                   ROAD 3                                  ROAD 4                                      COMMUNITY                                                        TMC DATE
         16                             14TH STREET                                              NW                                  MILITARY ROAD NW                                                                                                                                                                                              -                                         3/29/2011
                                   TRUCKS
                                   NB                                                                                       EB                                                                                       SB                                                                                        WB
          Start                     Left            Thru              Right               Ped                NB              Left           Thru              Right               Ped                 EB              Left           Thru              Right                Ped                 SB               Left              Thru                Right                Ped                WB                Interval
        Time                                                                                              Total                                                                                   Total                                                                                     Total                                                                                            Total                   Total
   6:00             AM                   0               9                   0                 0                9                0                0                  0                 0                0                 0               0                   0                 0                 0                  0                   0                    0                 0                  0                       9
   6:15             AM                   3               6                   0                 0                9                0                2                  1                 0                3                 0               0                   0                 0                 0                  0                   0                    0                 0                  0                     12
   6:30             AM                10                 1                   0                 0              11                 0                2                  0                 0                2                 0               0                   0                 0                 0                  0                   0                    0                 0                  0                     13
   6:45             AM                   6               3                   0                 0                9                0                2                  0                 0                2                 0               0                   0                 0                 0                  0                   2                    0                 0                  2                     13
   7:00             AM                   7               0                   0                 0                7                0                2                  0                 0                2                 0               0                   0                 0                 0                  0                   1                    0                 0                  1                     10
   7:15             AM                   6               2                   0                 0                8                0                3                  0                 0                3                 0               1                   0                 0                 1                  0                   2                    0                 0                  2                     14
   7:30             AM                11                 4                   0                 0              15                 0                2                  0                 0                2                 0               0                   0                 0                 0                  0                   3                    0                 0                  3                     20
   7:45             AM                10                 3                   0                 0              13                 0                1                  1                 0                2                 0               0                   0                 0                 0                  0                   0                    0                 0                  0                     15
   8:00             AM                   9               3                   1                 0              13                 0                1                  1                 0                2                 0               0                   0                 0                 0                  0                   6                    0                 0                  6                     21
   8:15             AM                11                 3                   0                 0              14                 0                4                  0                 0                4                 0               0                   0                 0                 0                  0                   3                    0                 0                  3                     21
   8:30             AM                11                 0                   0                 0              11                 1                4                  1                 0                6                 0               0                   0                 0                 0                  0                   2                    0                 0                  2                     19
   8:45             AM                   4               0                   0                 0                4                0                8                  0                 0                8                 0               1                   1                 0                 2                  0                   8                    0                 0                  8                     22
   9:00             AM                   9               2                   0                 0              11                 0                2                  0                 0                2                 0               0                   0                 0                 0                  0                   9                    0                 0                  9                     22
   9:15             AM                   2               0                   0                 0                2                0                5                  1                 0                6                 0               2                   0                 0                 2                  0                   0                    0                 0                  0                     10
   9:30             AM                   1               2                   0                 0                3                0                3                  0                 0                3                 0               0                   0                 0                 0                  0                   3                    0                 0                  3                       9
   9:45             AM                   3               2                   0                 0                5                0                4                  0                 0                4                 0               1                   0                 0                 1                  0                   2                    0                 0                  2                     12
 10:00                AM                 1               1                   0                 0                2                0                1                  0                 0                1                 0               1                   0                 0                 1                  0                   2                    0                 0                  2                       6
 10:15                AM                 0               0                   0                 0                0                0                3                  0                 0                3                 0               0                   0                 0                 0                  0                   2                    0                 0                  2                       5
 10:30                AM                 1               1                   0                 0                2                0                1                  0                 0                1                 0               0                   0                 0                 0                  0                   0                    0                 0                  0                       3
 10:45                AM                 1               0                   0                 0                1                0                0                  0                 0                0                 0               0                   0                 0                 0                  0                   0                    0                 0                  0                       1
 11:00               AM                  0               0                   0                 0                0                0                0                  0                 0                0                 0               0                   0                 0                 0                  0                   0                    0                 0                  0                       0
 11:15               AM                  0               0                   0                 0                0                0                0                  0                 0                0                 0               0                   0                 0                 0                  0                   0                    0                 0                  0                       0
 11:30               AM                  0               0                   0                 0                0                0                0                  0                 0                0                 0               0                   0                 0                 0                  0                   0                    0                 0                  0                       0
 11:45               AM                  0               0                   0                 0                0                0                0                  0                 0                0                 0               0                   0                 0                 0                  0                   0                    0                 0                  0                       0
 12:00                 PM                0               0                   0                 0                0                0                0                  0                 0                0                 0               0                   0                 0                 0                  0                   0                    0                 0                  0                       0
 12:15                 PM                0               0                   0                 0                0                0                0                  0                 0                0                 0               0                   0                 0                 0                  0                   0                    0                 0                  0                       0
 12:30                 PM                0               0                   0                 0                0                0                0                  0                 0                0                 0               0                   0                 0                 0                  0                   0                    0                 0                  0                       0
 12:45                 PM                0               0                   0                 0                0                0                0                  0                 0                0                 0               0                   0                 0                 0                  0                   0                    0                 0                  0                       0
   1:00              PM                  0               0                   0                 0                0                0                0                  0                 0                0                 0               0                   0                 0                 0                  0                   0                    0                 0                  0                       0
   1:15              PM                  0               0                   0                 0                0                0                0                  0                 0                0                 0               0                   0                 0                 0                  0                   0                    0                 0                  0                       0
   1:30              PM                  3               0                   0                 0                3                0                3                  0                 0                3                 0               0                   0                 0                 0                  0                   5                    0                 0                  5                      11
   1:45              PM                  0               0                   0                 0                0                0                0                  0                 0                0                 0               0                   1                 0                 1                  0                   4                    0                 0                  4                       5
   2:00              PM                  0               0                   0                 0                0                0                4                  0                 0                4                 0               1                   0                 0                 1                  0                   5                    0                 0                  5                     10
   2:15              PM                  1               1                   0                 0                2                0                0                  0                 0                0                 0               0                   0                 0                 0                  0                   0                    0                 0                  0                       2
   2:30              PM                  2               1                   0                 0                3                0                5                  1                 0                6                 0               0                   0                 0                 0                  0                   0                    0                 0                  0                       9
   2:45              PM                  1               1                   0                 0                2                1                2                  0                 1                3                 0               0                   0                 0                 0                  0                   1                    0                 0                  1                       6
   3:00              PM                  9               0                   0                 0                9                0                0                  1                 0                1                 0               0                   0                 0                 0                  0                   2                    0                 0                  2                     12
   3:15              PM                  2               4                   0                 0                6                0                3                  1                 0                4                 0               0                   0                 0                 0                  0                   1                    0                 0                  1                      11
   3:30              PM                  4               2                   0                 0                6                0                1                  1                 0                2                 0               0                   0                 0                 0                  0                   0                    0                 0                  0                       8
   3:45              PM                  1               1                   0                 0                2                0                1                  0                 0                1                 0               0                   0                 0                 0                  0                   0                    0                 0                  0                       3
   4:00              PM                  1               3                   0                 0                4                0                1                  0                 0                1                 0               0                   0                 0                 0                  0                   0                    0                 0                  0                       5
   4:15              PM                  2               0                   0                 0                2                0                4                  2                 0                6                 0               0                   0                 0                 0                  0                   0                    0                 0                  0                       8
   4:30              PM                  1               3                   0                 0                4                0                3                  1                 0                4                 0               1                   0                 0                 1                  0                   1                    0                 0                  1                     10
   4:45              PM                  1               3                   0                 0                4                0                1                  5                 0                6                 0               0                   0                 0                 0                  0                   0                    0                 0                  0                     10
   5:00              PM                  3               2                   0                 0                5                0                1                  0                 0                1                 0               1                   0                 0                 1                  0                   0                    0                 0                  0                       7
   5:15              PM                  3               3                   0                 0                6                1                2                  0                 0                3                 0               0                   0                 0                 0                  0                   0                    0                 0                  0                       9
   5:30              PM                  3               2                   0                 0                5                0                1                  2                 0                3                 0               0                   0                 0                 0                  0                   0                    0                 0                  0                       8
   5:45              PM                  2               1                   0                 0                3                1                0                  0                 0                1                 0               0                   0                 0                 0                  0                   0                    0                 0                  0                       4
   6:00              PM                  1               2                   0                 0                3                1                2                  1                 0                4                 0               0                   0                 0                 0                  0                   0                    0                 0                  0                       7
   6:15              PM                  1               2                   0                 0                3                0                0                  0                 0                0                 1               1                   0                 0                 2                  0                   0                    0                 0                  0                       5
         Total                      147                73                    1                 0            221                  5              84                 20                  1            109                   1             10                    2                 0               13                   0                64                      0                 0                64                    407
      App             %            66.5             33.0                 0.5               0.0                                4.6            77.1              18.3                 0.9                                7.7           76.9                15.4                0.0                                  0.0            100.0                     0.0               0.0
     Total              %          36.1             17.9                 0.2               0.0             54.3               1.2            20.6                 4.9               0.2            26.8                0.2             2.5                 0.5               0.0               3.2                0.0               15.7                   0.0               0.0             15.7
   INT            ID                                        ROAD 1                                                                                            ROAD 2                                                                   ROAD 3                                  ROAD 4                                      COMMUNITY                                                        TMC DATE
         16                             14TH STREET                                              NW                                  MILITARY ROAD NW                                                                                                                                                                                              -                                         3/29/2011
