                                                                               Turning                                      Movement                                                     Count                                Report                                   -      Cars                         &           Trucks
    INT            ID                                 ROAD 1                                                                                 ROAD 2                                                                   ROAD 3                                      ROAD 4                                          COMMUNITY                                                              TMC DATE
        163                                I   STREET                            NW                                      19TH STREET                                              NW                                                                                                                                                      -                                               5/18/2016
                                  CARS
                                  NB                                                                                        EB                                                                                        SB                                                                                         WB
         Start                     Left          Thru              Right                 Ped                 NB              Left          Thru              Right                 Ped                 EB              Left           Thru              Right                Ped                  SB               Left            Thru              Right                 Ped                 WB                Interval
        Time                                                                                             Total                                                                                     Total                                                                                      Total                                                                                         Total                    Total
  7:00             AM                  0               0                  0                35                   0                0               0                  0                20                   0                0             73                    6               42                 79                 48                83                   0                44               131                      210
  7:15             AM                  0               0                  0                43                   0                0               0                  0                42                   0                0             84                  11                39                 95                 41                63                   0                43               104                      199
  7:30             AM                  0               0                  0                48                   0                0               0                  0                32                   0                0             98                  12                57                110                 41                75                   0                56               116                      226
  7:45             AM                  0               0                  0                43                   0                0               0                  0                42                   0                0           122                   13                61               135                  44                93                   0                54               137                      272
  8:00             AM                  0               0                  0                52                   0                0               0                  0                64                   0                0            116                  15                94               131                  55                83                   0                81               138                      269
  8:15             AM                  0               0                  0                85                   0                0               0                  0                83                   0                0           127                   17                79               144                  64              102                    0              107                166                      310
  8:30             AM                  0               0                  0              108                    0                0               0                  0                96                   0                0            117                  16              159                133                  58              118                    0              167                176                      309
  8:45             AM                  0               0                  0              104                    0                0               0                  0                66                   0                0           122                   17              129                139                  50                64                   0                91               114                      253
  9:00             AM                  0               0                  0              100                    0                0               0                  0                99                   0                0             88                  11              136                  99                 64                74                   0              102                138                      237
  9:15             AM                  0               0                  0              125                    0                0               0                  0                62                   0                0           102                   25                93               127                  66                95                   0               110               161                      288
  9:30             AM                  0               0                  0                77                   0                0               0                  0                84                   0                0            118                  20                54               138                  59                55                   0                84               114                      252
  9:45             AM                  0               0                  0                80                   0                0               0                  0                46                   0                0             90                  18                80               108                  52                76                   0                61               128                      236
 11:00               AM                0               0                  0                51                   0                0               0                  0                31                   0                0             84                  29                41                113                 55                86                   0                48               141                      254
 11:15               AM                0               0                  0                54                   0                0               0                  0                42                   0                0             92                  26                39                118                 52                71                   0                55               123                      241
 11:30               AM                0               0                  0                73                   0                0               0                  0                37                   0                0           102                   21                65               123                  47                86                   0                62               133                      256
 11:45               AM                0               0                  0              107                    0                0               0                  0                46                   0                0           104                   20                81               124                  40              104                    0              129                144                      268
12:00                 PM               0               0                  0              200                    0                0               0                  0                97                   0                0             92                  13              124                105                  56                96                   0              155                152                      257
12:15                 PM               0               0                  0              170                    0                0               0                  0              117                    0                0             92                  19              168                 111                 61              102                    0              158                163                      274
12:30                 PM               0               0                  0              195                    0                0               0                  0              131                    0                0             98                  19              176                 117                 57              115                    0              159                172                      289
12:45                 PM               0               0                  0              226                    0                0               0                  0              144                    0                0             93                  14              176                107                  53                94                   0              173                147                      254
  1:00              PM                 0               0                  0              167                    0                0               0                  0              221                    0                0            110                  22              167                132                  63                99                   0              251                162                      294
  1:15              PM                 0               0                  0              105                    0                0               0                  0              107                    0                0           103                   15              107                 118                 55              104                    0              154                159                      277
  1:30              PM                 0               0                  0              235                    0                0               0                  0              217                    0                0           106                   20              256                126                  65                71                   0              185                136                      262
  1:45              PM                 0               0                  0              125                    0                0               0                  0                73                   0                0             99                  17                63                116                 67                80                   0               115               147                      263
  4:00              PM                 0               0                  0                45                   0                0               0                  0                86                   0                0           180                   19                65               199                  94              115                    0              107                209                      408
  4:15              PM                 0               0                  0                87                   0                0               0                  0                63                   0                0           175                   27               118               202                  93                89                   0                60               182                      384
  4:30              PM                 0               0                  0              193                    0                0               0                  0              111                    0                0           201                   20              121                221                110                 87                   0              151                197                      418
  4:45              PM                 0               0                  0              120                    0                0               0                  0                48                   0                0           217                   11                79               228                  88                67                   0              186                155                      383
  5:00              PM                 0               0                  0              194                    0                0               0                  0              147                    0                0           247                   25              188                272                107               113                    0              323                220                      492
  5:15              PM                 0               0                  0              154                    0                0               0                  0              162                    0                0           210                   22              141                232                103                 72                   0              188                175                      407
  5:30              PM                 0               0                  0              213                    0                0               0                  0              176                    0                0           255                   28              199                283                107               121                    0              226                228                      511
  5:45              PM                 0               0                  0              186                    0                0               0                  0                59                   0                0           228                   25              151                253                  92              103                    0              149                195                      448
  6:00              PM                 0               0                  0              180                    0                0               0                  0                36                   0                0           248                   23               117               271                  93              107                    0              206                200                      471
  6:15              PM                 0               0                  0              123                    0                0               0                  0                70                   0                0           190                   20              127                210                108               120                    0              157                228                      438
  6:30              PM                 0               0                  0              173                    0                0               0                  0                69                   0                0           177                   24              147                201                105               112                    0              155                217                      418
  6:45              PM                 0               0                  0              105                    0                0               0                  0                38                   0                0           167                   15                78               182                116               123                    0              131                239                      421
        Total                          0               0                  0           4381                      0                0               0                  0           3064                      0                0         4927                  675             4017               5602               25293318                                   0            4683               5847                   11449
      App             %            0.0              0.0                0.0                0.0                                0.0              0.0                0.0                0.0                                 0.0           88.0               12.0                71.7                                 43.3              56.7                 0.0              80.1
    Total              %           0.0              0.0                0.0              38.3                 0.0             0.0              0.0                0.0              26.8                 0.0              0.0           43.0                 5.9               35.1              48.9               22.1              29.0                 0.0              40.9               51.1
    INT            ID                                 ROAD 1                                                                                 ROAD 2                                                                   ROAD 3                                      ROAD 4                                          COMMUNITY                                                              TMC DATE
        163                                I   STREET                            NW                                      19TH STREET                                              NW                                                                                                                                                      -                                               5/18/2016
                                 TRUCKS
                                 NB                                                                                        EB                                                                                       SB                                                                                              WB
         Start                    Left          Thru              Right                Ped                  NB             Left           Thru             Right                 Ped                 EB              Left          Thru             Right                    Ped                     SB              Left            Thru             Right                 Ped                  WB               Interval
       Time                                                                                              Total                                                                                    Total                                                                                           Total                                                                                       Total                  Total
  7:00             AM                 0               0                 0                35                    0               0               0                 0                 20                   0                0            13                   0                   42                     13               15               19                  0                 44                  34                      47
  7:15             AM                 0               0                 0                43                    0               0               0                 0                 42                   0                0            11                   0                   39                     11                11              18                  0                 43                  29                      40
  7:30             AM                 0               0                 0                48                    0               0               0                 0                 32                   0                0            10                   1                   57                     11               12                 9                 0                 56                  21                      32
  7:45             AM                 0               0                 0                43                    0               0               0                 0                 42                   0                0               8                 0                   61                       8              19               25                  0                 54                  44                      52
  8:00             AM                 0               0                 0                52                    0               0               0                 0                 64                   0                0               5                 2                   94                       7              17                 8                 0                 81                  25                      32
  8:15             AM                 0               0                 0                85                    0               0               0                 0                 83                   0                0            12                   0                   79                     12                 9              14                  0               107                   23                      35
  8:30             AM                 0               0                 0              108                     0               0               0                 0                 96                   0                0               8                 0                 159                        8                9              13                  0               167                   22                      30
  8:45             AM                 0               0                 0              104                     0               0               0                 0                 66                   0                0            11                   1                 129                      12                 7              10                  0                 91                  17                      29
  9:00             AM                 0               0                 0              100                     0               0               0                 0                 99                   0                0            11                   0                 136                      11                 9              14                  0               102                   23                      34
  9:15             AM                 0               0                 0              125                     0               0               0                 0                 62                   0                0               9                 1                   93                     10                 6              17                  0               110                   23                      33
  9:30             AM                 0               0                 0                77                    0               0               0                 0                 84                   0                0               6                 1                   54                       7                5              12                  0                 84                  17                      24
  9:45             AM                 0               0                 0                80                    0               0               0                 0                 46                   0                0               3                 1                   80                       4                7              14                  0                 61                  21                      25
11:00               AM                0               0                 0                51                    0               0               0                 0                 31                   0                0               2                 1                   41                       3                3                6                 0                 48                    9                     12
11:15               AM                0               0                 0                54                    0               0               0                 0                 42                   0                0               2                 1                   39                       3                5                9                 0                 55                  14                      17
11:30               AM                0               0                 0                73                    0               0               0                 0                 37                   0                0               2                 0                   65                       2                8                4                 0                 62                  12                      14
11:45               AM                0               0                 0              107                     0               0               0                 0                 46                   0                0               1                 1                   81                       2                7                7                 0               129                   14                      16
12:00                 PM              0               0                 0              200                     0               0               0                 0                 97                   0                0               4                 0                 124                        4                6                9                 0               155                   15                      19
12:15                 PM              0               0                 0              170                     0               0               0                 0               117                    0                0               6                 2                 168                        8                4                5                 0               158                     9                     17
12:30                 PM              0               0                 0              195                     0               0               0                 0              131                     0                0               1                 1                 176                        2                5                6                 0               159                    11                     13
12:45                 PM              0               0                 0              226                     0               0               0                 0              144                     0                0               4                 2                 176                        6                4                7                 0               173                    11                     17
  1:00              PM                0               0                 0              167                     0               0               0                 0              221                     0                0               1                 2                 167                        3                2                8                 0               251                   10                      13
  1:15              PM                0               0                 0              105                     0               0               0                 0              107                     0                0               2                 2                 107                        4                1                4                 0               154                     5                       9
  1:30              PM                0               0                 0              235                     0               0               0                 0              217                     0                0               2                 0                 256                        2                4                5                 0               185                     9                     11
  1:45              PM                0               0                 0              125                     0               0               0                 0                 73                   0                0               5                 0                   63                       5                5                4                 0               115                     9                     14
  4:00              PM                0               0                 0                45                    0               0               0                 0                 86                   0                0               2                 0                   65                       2                7              16                  0               107                   23                      25
  4:15              PM                0               0                 0                87                    0               0               0                 0                 63                   0                0               7                 1                 118                        8                2              15                  0                 60                  17                      25
  4:30              PM                0               0                 0              193                     0               0               0                 0               111                    0                0               7                 0                 121                        7                4              14                  0               151                   18                      25
  4:45              PM                0               0                 0              120                     0               0               0                 0                 48                   0                0               7                 1                   79                       8                7                8                 0               186                   15                      23
  5:00              PM                0               0                 0              194                     0               0               0                 0              147                     0                0               4                 0                 188                        4                7              15                  0               323                   22                      26
  5:15              PM                0               0                 0              154                     0               0               0                 0              162                     0                0               6                 0                 141                        6                5                9                 0               188                   14                      20
  5:30              PM                0               0                 0              213                     0               0               0                 0              176                     0                0               6                 2                 199                        8                1              12                  0               226                   13                      21
  5:45              PM                0               0                 0              186                     0               0               0                 0                 59                   0                0               4                 1                 151                        5                5              16                  0               149                   21                      26
  6:00              PM                0               0                 0              180                     0               0               0                 0                 36                   0                0               4                 0                 117                        4                5              12                  0               206                   17                      21
  6:15              PM                0               0                 0              123                     0               0               0                 0                 70                   0                0               4                 0                 127                        4                4                9                 0               157                   13                      17
  6:30              PM                0               0                 0              173                     0               0               0                 0                 69                   0                0               1                 0                 147                        1                1                8                 0               155                     9                     10
  6:45              PM                0               0                 0              105                     0               0               0                 0                 38                   0                0               4                 0                   78                       4                2                6                 0               131                     8                     12
        Total                         0               0                 0            4381                      0               0               0                 0            3064                      0                0          195                 24                 4017                     219              230              387                   0             4683                  617                     836
     App             %             0.0            0.0                0.0                 0.0                                0.0             0.0               0.0                 0.0                                0.0           89.0               11.0             1,834.2                                      37.3             62.7                 0.0            759.0
    Total              %           0.0            0.0                0.0            524.0                  0.0              0.0             0.0               0.0             366.5                  0.0             0.0           23.3                 2.9               480.5                   26.2              27.5             46.3                 0.0            560.2                 73.8
    INT            ID                                 ROAD 1                                                                                 ROAD 2                                                                   ROAD 3                                      ROAD 4                                          COMMUNITY                                                              TMC DATE
        163                                I   STREET                            NW                                      19TH STREET                                              NW                                                                                                                                                      -                                               5/18/2016
