                                                                               Turning                                      Movement                                                     Count                                Report                                   -      Cars                         &           Trucks
  INT            ID                                                     ROAD 1                                                                                                  ROAD 2                                                         ROAD 3                                ROAD 4                                   COMMUNITY                                                      TMC DATE
      167                               NEW                   YORK AVENUE NW                                                                                15TH STREET                                              NW                                                                                                                               -                                       5/19/2016
                                  CARS
                                  NB                                                                                       EB                                                                                        SB                                                                                        WB
         Start                     Left          Thru             Right                Ped                 NB              Left           Thru              Right                Ped                 EB              Left            Thru               Right               Ped                SB                Left            Thru              Right                  Ped                   WB               Interval
        Time                                                                                            Total                                                                                     Total                                                                                     Total                                                                                            Total                   Total
  7:00             AM                  0             79                25                   0             104                  0               0                   0                 0                  0                0               25                    0                 0              25                 10                  0                  7                 47                   17                     146
  7:15             AM                  0             85                22                   8             107                  0               0                   0               14                   0                0               22                    0                 0              22                   8                 0                  9                 51                   17                     146
  7:30             AM                  0          149                  33                 19              182                  0               0                   0               36                   0                0               52                    0                 0              52                 14                  0                16                  66                   30                     264
  7:45             AM                  0          136                  34                   9             170                  0               0                   0               42                   0                0               52                    0                 0              52                   9                 0                13                124                    22                     244
  8:00             AM                  0          169                  29                 17              198                  0               0                   0               64                   0                0               44                    0                 0              44                 12                  0                15                  91                   27                     269
  8:15             AM                  0          193                  37                 32              230                  0               0                   0               57                   0                0               61                    0                 0              61                 22                  0                24                137                    46                     337
  8:30             AM                  0          176                  45                 39              221                  0               0                   0               86                   0                0               53                    0                 0              53                 23                  0                28                146                    51                     325
  8:45             AM                  0          189                  26                 41              215                  0               0                   0               91                   0                0               50                    0                 0              50                 26                  0                25                239                    51                     316
  9:00             AM                  0          155                  29                 53              184                  0               0                   0             140                    0                0               50                    0                 0              50                 17                  0                43                159                    60                     294
  9:15             AM                  0          202                  28                 38              230                  0               0                   0              111                   0                0               54                    0                 0              54                 26                  0                45                152                    71                     355
  9:30             AM                  0          248                  38                 31              286                  0               0                   0               74                   0                0               49                    0                 0              49                   7                 0                38                  94                   45                     380
  9:45             AM                  0          206                  38                 40              244                  0               0                   0               19                   0                0               53                    0                 0              53                 22                  0                49                295                    71                     368
 11:00               AM                0          137                  24                 23              161                  0               0                   0               65                   0                0               63                    0                 0              63                 17                  0                39                261                    56                     280
 11:15               AM                0          112                  25                 55              137                  0               0                   0               72                   0                0               68                    0                 0              68                 19                  0                32                171                    51                     256
 11:30               AM                0          125                  24                 30              149                  0               0                   0             128                    0                0            102                      0                 0            102                  25                  0                35                138                    60                     311
 11:45               AM                0           111                 30                 42              141                  0               0                   0             130                    0                0               72                    0                 0              72                 23                  0                22                192                    45                     258
12:00                 PM               0          140                  34                 68              174                  0               0                   0             234                    0                0               73                    0                 0              73                 31                  0                39                166                    70                     317
12:15                 PM               0          136                  41                 46              177                  0               0                   0             192                    0                0               71                    0                 0              71                 33                  0                30                189                    63                     311
12:30                 PM               0          143                  32                 32              175                  0               0                   0             130                    0                0               89                    0                 0              89                 27                  0                38                170                    65                     329
12:45                 PM               0          135                  29                 79              164                  0               0                   0               93                   0                0               58                    0                 0              58                 19                  0                21                 211                   40                     262
  1:00              PM                 0          124                  12                 75              136                  0               0                   0             154                    0                0               68                    0                 0              68                 24                  0                29                 111                   53                     257
  1:15              PM                 0          106                  17                 88              123                  0               0                   0               91                   0                0               69                    0                 0              69                 25                  0                29                215                    54                     246
  1:30              PM                 0          131                  19                 94              150                  0               0                   0               77                   0                0               78                    0                 0              78                 18                  0                22                235                    40                     268
  1:45              PM                 0          113                  16                 70              129                  0               0                   0             156                    0                0               82                    0                 0              82                 20                  0                16                157                    36                     247
  4:00              PM                 0          132                  27                 42              159                  0               0                   0             107                    0                0               82                    0                 0              82                 53                  0                19                124                    72                     313
  4:15              PM                 0          102                  36                 38              138                  0               0                   0               45                   0                0               83                    0                 0              83                 43                  0                20                242                    63                     284
  4:30              PM                 0          109                  28                 48              137                  0               0                   0               93                   0                0               90                    0                 0              90                 47                  0                20                188                    67                     294
  4:45              PM                 0             89                24                 93               113                 0               0                   0             130                    0                0               79                    0                 0              79                 41                  0                25                281                    66                     258
  5:00              PM                 0             39                23                 42                62                 0               0                   0             205                    0                0               42                    0                 0              42                 53                  0                31                127                    84                     188
  5:15              PM                 0          101                  24                 85              125                  0               0                   0               81                   0                0               72                    0                 0              72                 77                  0                41                  57                 118                      315
  5:30              PM                 0          121                  20                 63              141                  0               0                   0               99                   0                0               73                    0                 0              73                 52                  0                35                104                    87                     301
  5:45              PM                 0          101                  22                 64              123                  0               0                   0               52                   0                0               63                    0                 0              63                 32                  0                46                223                    78                     264
  6:00              PM                 0             90                27                 59               117                 0               0                   0               62                   0                0               65                    0                 0              65                 43                  0                40                250                    83                     265
  6:15              PM                 0             98                22                 69              120                  0               0                   0              311                   0                0               76                    0                 0              76                 40                  0                49                150                    89                     285
  6:30              PM                 0          125                  32                 48              157                  0               0                   0             130                    0                0               79                    0                 0              79                 22                  0                36                  97                   58                     294
  6:45              PM                 0          129                  29                 56              158                  0               0                   0             151                    0                0               80                    0                 0              80                 26                  0                29                190                    55                     293
        Total                          0        4736               1001               17365737                                 0               0                   0           3722                     0                0          2342                       0                 0          2342              1006                     0            1055                5850                 2061                  10140
      App             %            0.0           82.6               17.4              30.3                                  0.0             0.0                0.0                 0.0                                0.0          100.0                   0.0               0.0                                48.8                0.0              51.2              283.8
    Total              %           0.0           46.7                 9.9             17.1               56.6               0.0             0.0                0.0              36.7                 0.0              0.0            23.1                  0.0               0.0             23.1                 9.9               0.0              10.4                57.7                 20.3
  INT            ID                                                     ROAD 1                                                                                                  ROAD 2                                                         ROAD 3                                ROAD 4                                   COMMUNITY                                                      TMC DATE
      167                               NEW                   YORK AVENUE NW                                                                                15TH STREET                                              NW                                                                                                                               -                                       5/19/2016
                                 TRUCKS
                                 NB                                                                                        EB                                                                                       SB                                                                                     WB
         Start                    Left          Thru              Right                Ped                  NB             Left           Thru             Right                 Ped                 EB              Left           Thru              Right               Ped                SB             Left            Thru             Right                      Ped                       WB              Interval
       Time                                                                                              Total                                                                                    Total                                                                                  Total                                                                                                 Total                  Total
  7:00             AM                 0               5                 2                  0                   7               0               0                 0                   0                  0                0               2                   0                0                2                 2                0                 1                      47                         3                   12
  7:15             AM                 0               4                 1                  8                   5               0               0                 0                 14                   0                0               2                   0                0                2                 0                0                 1                      51                         1                      8
  7:30             AM                 0               7                 2                19                    9               0               0                 0                 36                   0                0               3                   0                0                3                 0                0                 1                      66                         1                   13
  7:45             AM                 0               4                 1                  9                   5               0               0                 0                 42                   0                0               2                   0                0                2                 3                0                 0                    124                          3                   10
  8:00             AM                 0               3                 0                17                    3               0               0                 0                 64                   0                0               5                   0                0                5                 1                0                 2                      91                         3                   11
  8:15             AM                 0               7                 4                32                  11                0               0                 0                 57                   0                0               3                   0                0                3                 1                0                 0                    137                          1                   15
  8:30             AM                 0               4                 3                39                    7               0               0                 0                 86                   0                0               3                   0                0                3                 0                0                 0                    146                          0                   10
  8:45             AM                 0             12                  7                41                  19                0               0                 0                 91                   0                0               6                   0                0                6                 0                0                 2                    239                          2                   27
  9:00             AM                 0               6                 7                53                  13                0               0                 0              140                     0                0               2                   0                0                2                 1                0                 0                    159                          1                   16
  9:15             AM                 0               3                 7                38                  10                0               0                 0               111                    0                0               0                   0                0                0                 0                0                 0                    152                          0                   10
  9:30             AM                 0               4                 4                31                    8               0               0                 0                 74                   0                0               5                   0                0                5                 3                0                 2                      94                         5                   18
  9:45             AM                 0               4                 7                40                  11                0               0                 0                 19                   0                0               5                   0                0                5                 1                0                 2                    295                          3                   19
11:00               AM                0               7                 6                23                  13                0               0                 0                 65                   0                0               2                   0                0                2                 1                0                 3                    261                          4                   19
11:15               AM                0               5               14                 55                  19                0               0                 0                 72                   0                0               2                   0                0                2                 0                0                 1                    171                          1                   22
11:30               AM                0             10                  8                30                  18                0               0                 0              128                     0                0               1                   0                0                1                 1                0                 0                    138                          1                   20
11:45               AM                0               0                 3                42                    3               0               0                 0              130                     0                0               2                   0                0                2                 0                0                 0                    192                          0                      5
12:00                 PM              0               6                 2                68                    8               0               0                 0              234                     0                0               3                   0                0                3                 0                0                 0                    166                          0                   11
12:15                 PM              0               4                 2                46                    6               0               0                 0              192                     0                0               1                   0                0                1                 0                0                 0                    189                          0                      7
12:30                 PM              0               6                 5                32                  11                0               0                 0              130                     0                0               6                   0                0                6                 0                0                 1                    170                          1                   18
12:45                 PM              0               3                 4                79                    7               0               0                 0                 93                   0                0               1                   0                0                1                 0                0                 1                    211                          1                      9
  1:00              PM                0               7                 3                75                  10                0               0                 0              154                     0                0               4                   0                0                4                 2                0                 1                    111                          3                   17
  1:15              PM                0               5                 5                88                  10                0               0                 0                 91                   0                0               2                   0                0                2                 0                0                 1                    215                          1                   13
  1:30              PM                0               4                 1                94                    5               0               0                 0                 77                   0                0               2                   0                0                2                 1                0                 1                    235                          2                      9
  1:45              PM                0               4                 8                70                  12                0               0                 0              156                     0                0               7                   0                0                7                 0                0                 2                    157                          2                   21
  4:00              PM                0               2                 2                42                    4               0               0                 0              107                     0                0             12                    0                0              12                  2                0                 0                    124                          2                   18
  4:15              PM                0               5                 2                38                    7               0               0                 0                 45                   0                0               6                   0                0                6                 0                0                 1                    242                          1                   14
  4:30              PM                0               9                 4                48                  13                0               0                 0                 93                   0                0               4                   0                0                4                 1                0                 0                    188                          1                   18
  4:45              PM                0               5                 9                93                  14                0               0                 0              130                     0                0               6                   0                0                6                 1                0                 0                    281                          1                   21
  5:00              PM                0               2                 9                42                  11                0               0                 0              205                     0                0               4                   0                0                4                 0                0                 0                    127                          0                   15
  5:15              PM                0               5               13                 85                  18                0               0                 0                 81                   0                0               6                   0                0                6                 0                0                 1                      57                         1                   25
  5:30              PM                0               3                 7                63                  10                0               0                 0                 99                   0                0               0                   0                0                0                 1                0                 0                    104                          1                   11
  5:45              PM                0               9                 5                64                  14                0               0                 0                 52                   0                0               1                   0                0                1                 3                0                 2                    223                          5                   20
  6:00              PM                0               4                 7                59                  11                0               0                 0                 62                   0                0               6                   0                0                6                 0                0                 1                    250                          1                   18
  6:15              PM                0               2                 9                69                  11                0               0                 0               311                    0                0               3                   0                0                3                 0                0                 1                    150                          1                   15
  6:30              PM                0               1                 3                48                    4               0               0                 0              130                     0                0               6                   0                0                6                 0                0                 0                      97                         0                   10
  6:45              PM                0               1                 3                56                    4               0               0                 0              151                     0                0               3                   0                0                3                 0                0                 1                    190                          1                      8
        Total                         0           172               179              1736                  351                 0               0                 0            3722                      0                0           128                     0                0            128                25                  0               29                   5850                        54                   533
     App             %             0.0          49.0               51.0             494.6                                   0.0             0.0               0.0                 0.0                                0.0          100.0                   0.0              0.0                              46.3              0.0              53.7             10,833.3
    Total              %           0.0          32.3               33.6             325.7                65.9               0.0             0.0               0.0             698.3                  0.0             0.0            24.0                  0.0              0.0            24.0                4.7             0.0                5.4              1,097.6                       10.1
  INT            ID                                                     ROAD 1                                                                                                  ROAD 2                                                         ROAD 3                                ROAD 4                                   COMMUNITY                                                      TMC DATE
      167                               NEW                   YORK AVENUE NW                                                                                15TH STREET                                              NW                                                                                                                               -                                       5/19/2016
