                                                                               Turning                                      Movement                                                     Count                                Report                                   -      Cars                         &           Trucks
    INT            ID                                              ROAD 1                                                                                  ROAD 2                                                     ROAD 3                                      ROAD 4                                          COMMUNITY                                                              TMC DATE
        168                                    13TH STREET                                              NW                                      I   STREET                            NW                                                                                                                                                  -                                               5/19/2016
                                  CARS
                                  NB                                                                                          EB                                                                                        SB                                                                                        WB
         Start                     Left            Thru              Right                 Ped                 NB              Left          Thru              Right                 Ped                 EB              Left          Thru              Right                 Ped                 SB               Left            Thru              Right                 Ped                 WB               Interval
        Time                                                                                               Total                                                                                     Total                                                                                     Total                                                                                         Total                   Total
  7:00             AM                12                48                   0                28                 60                 0               0                  0                22                   0                0             88                 25                 20               113                   4            101                   12                 27               117                     290
  7:15             AM                20                66                   0                47                 86                 0               0                  0                13                   0                0           108                  33                 26              141                    4            129                   17                 32               150                     377
  7:30             AM                29                79                   0                50              108                   0               0                  0                41                   0                0           138                  35                 40              173                    7            132                     7                43               146                     427
  7:45             AM                16                76                   0                56                 92                 0               0                  0                45                   0                0           141                  36                 51              177                    8            146                   13                 37               167                     436
  8:00             AM                31                77                   0                75              108                   0               0                  0                64                   0                0           163                  51                 65              214                    8            155                   12                 52               175                     497
  8:15             AM                28                96                   0                79              124                   0               0                  0                84                   0                0           214                  37                 66              251                    8            134                   15                 92               157                     532
  8:30             AM                35                98                   0              123               133                   0               0                  0                77                   0                0           216                  31                 77              247                  10             123                   16              103                 149                     529
  8:45             AM                35              113                    0              141               148                   0               0                  0                79                   0                0           240                  41                 99              281                  12             138                   10                 80               160                     589
  9:00             AM                46              117                    0                90              163                   0               0                  0                83                   0                0           191                  29                 77              220                  11             147                   22               114                180                     563
  9:15             AM                30              120                    0                66              150                   0               0                  0                61                   0                0           172                  24                 62              196                  14             133                   14                 91               161                     507
  9:30             AM                39              118                    0                89              157                   0               0                  0                79                   0                0           153                  20                 79              173                  11             144                     9                69               164                     494
  9:45             AM                35              118                    0                57              153                   0               0                  0                69                   0                0           139                  23                 65              162                    7            159                   23                 73               189                     504
 11:00               AM              42              107                    0                50              149                   0               0                  0                51                   0                0           120                  20                 39              140                    9            120                     9                55               138                     427
 11:15               AM              33              109                    0                31              142                   0               0                  0                56                   0                0           121                  18                 48              139                  15              116                  10                 48               141                     422
 11:30               AM              32                95                   0                64              127                   0               0                  0                48                   0                0           131                  15                 50              146                    6              95                  11                 57               112                     385
 11:45               AM              43              104                    0                78              147                   0               0                  0                72                   0                0           116                  19                 94              135                    9             113                    9                71               131                     413
12:00                 PM             36                98                   0                59              134                   0               0                  0                61                   0                0           125                  31                 46              156                  12             124                   17                 60               153                     443
12:15                 PM             31              120                    0                55              151                   0               0                  0                69                   0                0           136                  19                 44              155                  12              114                  11                 98               137                     443
12:30                 PM             43              131                    0                52              174                   0               0                  0                83                   0                0           133                  23                 41              156                  10              113                  11              105                 134                     464
12:45                 PM             44              107                    0                72              151                   0               0                  0                66                   0                0           120                  20                 75              140                  14             125                     8                88               147                     438
  1:00              PM               36              109                    0                50              145                   0               0                  0                93                   0                0           118                  24                 51              142                  22             138                   10                 90               170                     457
  1:15              PM               31                80                   0                45               111                  0               0                  0                71                   0                0           124                  23                 46              147                    6            103                     7                68               116                     374
  1:30              PM               46              102                    0                77              148                   0               0                  0                97                   0                0           124                  24                 65              148                  12              114                  15                 85               141                     437
  1:45              PM               31                97                   0                74              128                   0               0                  0                70                   0                0           122                  21                 69              143                  14              114                  16                 72               144                     415
  4:00              PM               37              124                    0                38              161                   0               0                  0                59                   0                0           163                  38                 26              201                  17             130                   15                 62               162                     524
  4:15              PM               43                93                   0                23              136                   0               0                  0                57                   0                0           161                  36                 17              197                  18             130                   17                 39               165                     498
  4:30              PM               32              144                    0                24              176                   0               0                  0                40                   0                0           155                  29                 17              184                  24             125                   12                 61               161                     521
  4:45              PM               47              144                    0                38              191                   0               0                  0                60                   0                0           158                  19                 39              177                  21             141                   27                 53               189                     557
  5:00              PM               41              173                    0                34              214                   0               0                  0              109                    0                0           138                  29                 59              167                  22             136                   25              102                 183                     564
  5:15              PM               41              206                    0                83              247                   0               0                  0              139                    0                0           179                  41                 38              220                  26             125                   32              123                 183                     650
  5:30              PM               34              208                    0                84              242                   0               0                  0              125                    0                0           172                  19                 49              191                  33               96                  30              150                 159                     592
  5:45              PM               42              213                    0                51              255                   0               0                  0              121                    0                0           182                  32                 58              214                  25              116                  38                 92               179                     648
  6:00              PM               53              170                    0                81              223                   0               0                  0              105                    0                0           137                  29                 69              166                  34             123                   33              107                 190                     579
  6:15              PM               37              181                    0                56              218                   0               0                  0                99                   0                0           174                  33                 64              207                  25              117                  30                 97               172                     597
  6:30              PM               51              186                    0                34              237                   0               0                  0                66                   0                0           144                  25                 41              169                    9             115                  19                 42               143                     549
  6:45              PM               49              139                    0                45              188                   0               0                  0                71                   0                0           142                  32                 71              174                  15              117                  17                 60               149                     511
        Total                     13114366                                  0            2199              5677                    0               0                  0            2605                     0                0        5358                1004               1943              6362                 514            4501                  599             2698                5614                  17653
      App             %            23.1             76.9                 0.0              38.7                                 0.0              0.0                0.0                0.0                                0.0            84.2               15.8               30.5                                   9.2             80.2              10.7                48.1
    Total              %             7.4            24.7                 0.0              12.5               32.2              0.0              0.0                0.0              14.8                 0.0             0.0            30.4                 5.7              11.0               36.0                2.9             25.5                3.4               15.3              31.8
    INT            ID                                              ROAD 1                                                                                  ROAD 2                                                     ROAD 3                                      ROAD 4                                          COMMUNITY                                                              TMC DATE
        168                                    13TH STREET                                              NW                                      I   STREET                            NW                                                                                                                                                  -                                               5/19/2016
                                 TRUCKS
                                 NB                                                                                               EB                                                                                       SB                                                                                       WB
         Start                    Left           Thru             Right                    Ped                     NB             Left           Thru             Right                 Ped                  EB             Left          Thru             Right                 Ped                  SB              Left            Thru             Right                Ped                  WB               Interval
       Time                                                                                                     Total                                                                                    Total                                                                                    Total                                                                                       Total                  Total
  7:00             AM                 2                4                 0                    28                      6                0              0                 0                 22                   0                0               1                 4                20                    5                0              12                  1                27                  13                      24
  7:15             AM                 3                2                 0                    47                      5                0              0                 0                 13                   0                0               3                 3                26                    6                0                8                 2                32                  10                      21
  7:30             AM                 0                4                 0                    50                      4                0              0                 0                 41                   0                0               9                 6                40                 15                  2                5                 0                43                    7                     26
  7:45             AM                 0                4                 0                    56                      4                0              0                 0                 45                   0                0               8                 3                51                 11                  0              12                  1                37                  13                      28
  8:00             AM                 2                2                 0                    75                      4                0              0                 0                 64                   0                0               6                 1                65                    7                1                7                 0                52                    8                     19
  8:15             AM                 4                3                 0                    79                      7                0              0                 0                 84                   0                0               7                 3                66                 10                  0                5                 0                92                    5                     22
  8:30             AM                 4                2                 0                 123                        6                0              0                 0                 77                   0                0               7                 5                77                 12                  0              14                  1              103                   15                      33
  8:45             AM                 4                6                 0                 141                      10                 0              0                 0                 79                   0                0             11                  3                99                 14                  0                8                 1                80                    9                     33
  9:00             AM                 3                2                 0                    90                      5                0              0                 0                 83                   0                0               6                 6                77                 12                  0              12                  1               114                  13                      30
  9:15             AM                 0                0                 0                    66                      0                0              0                 0                 61                   0                0               0                 0                62                    0                0                0                 0                91                    0                       0
  9:30             AM                 2                8                 0                    89                    10                 0              0                 0                 79                   0                0               9                 3                79                 12                  1              11                  1                69                  13                      35
  9:45             AM                 2                6                 0                    57                      8                0              0                 0                 69                   0                0               6                 2                65                    8                0                7                 0                73                    7                     23
11:00               AM                2                2                 0                    50                      4                0              0                 0                 51                   0                0               5                 5                39                 10                  0                8                 0                55                    8                     22
11:15               AM                3                4                 0                    31                      7                0              0                 0                 56                   0                0               5                 3                48                    8                0                4                 2                48                    6                     21
11:30               AM                1                2                 0                    64                      3                0              0                 0                 48                   0                0               3                 4                50                    7                0              13                  1                57                  14                      24
11:45               AM                1                2                 0                    78                      3                0              0                 0                 72                   0                0               3                 2                94                    5                0                8                 0                71                    8                     16
12:00                 PM              0                1                 0                    59                      1                0              0                 0                 61                   0                0               2                 1                46                    3                0                8                 0                60                    8                     12
12:15                 PM              3                4                 0                    55                      7                0              0                 0                 69                   0                0               4                 3                44                    7                0                4                 0                98                    4                     18
12:30                 PM              3                5                 0                    52                      8                0              0                 0                 83                   0                0               3                 1                41                    4                0                3                 0              105                     3                     15
12:45                 PM              2                3                 0                    72                      5                0              0                 0                 66                   0                0               4                 4                75                    8                1                8                 0                88                    9                     22
  1:00              PM                0                4                 0                    50                      4                0              0                 0                 93                   0                0               7                 4                51                 11                  1              11                  0                90                  12                      27
  1:15              PM                0                4                 0                    45                      4                0              0                 0                 71                   0                0               4                 5                46                    9                0                2                 0                68                    2                     15
  1:30              PM                2                1                 0                    77                      3                0              0                 0                 97                   0                0               4                 4                65                    8                0                9                 0                85                    9                     20
  1:45              PM                1                5                 0                    74                      6                0              0                 0                 70                   0                0               2                 2                69                    4                1                5                 0                72                    6                     16
  4:00              PM                2                2                 0                    38                      4                0              0                 0                 59                   0                0               9                 3                26                 12                  0                8                 2                62                  10                      26
  4:15              PM                3                2                 0                    23                      5                0              0                 0                 57                   0                0               6                 4                17                 10                  1                5                 2                39                    8                     23
  4:30              PM                4                3                 0                    24                      7                0              0                 0                 40                   0                0               8                 3                17                 11                  0                8                 2                61                  10                      28
  4:45              PM                1                2                 0                    38                      3                0              0                 0                 60                   0                0               5                 4                39                    9                0                4                 1                53                    5                     17
  5:00              PM                2                4                 0                    34                      6                0              0                 0               109                    0                0             10                  4                59                 14                  0                4                 1              102                     5                     25
  5:15              PM                1                3                 0                    83                      4                0              0                 0               139                    0                0               5                 4                38                    9                0              10                  1              123                    11                     24
  5:30              PM                7                5                 0                    84                    12                 0              0                 0               125                    0                0             10                  7                49                 17                  0                3                 1              150                     4                     33
  5:45              PM                5                2                 0                    51                      7                0              0                 0               121                    0                0               2                 5                58                    7                0                4                 1                92                    5                     19
  6:00              PM                3                3                 0                    81                      6                0              0                 0               105                    0                0               9                 5                69                 14                  2                7                 1              107                   10                      30
  6:15              PM                3                4                 0                    56                      7                0              0                 0                 99                   0                0               3                 4                64                    7                0                3                 3                97                    6                     20
  6:30              PM                2                2                 0                    34                      4                0              0                 0                 66                   0                0               5                 4                41                    9                0              12                  0                42                  12                      25
  6:45              PM                1                2                 0                    45                      3                0              0                 0                 71                   0                0               4                 5                71                    9                0                5                 1                60                    6                     18
        Total                       78            114                    0               2199                     192                  0              0                 0            2605                      0                0          195               129               1943                 324                 10             257                 27             2698                  294                     810
     App             %           40.659.4                             0.0            1,145.3                                       0.0             0.0                0.0                0.0                                0.0           60.2               39.8             599.7                                    3.4           87.4                 9.2            917.7
    Total              %           9.6           14.1                 0.0               271.5                   23.7               0.0             0.0                0.0            321.6                  0.0             0.0           24.1               15.9             239.9                40.0                1.2           31.7                 3.3            333.1                 36.3
    INT            ID                                              ROAD 1                                                                                  ROAD 2                                                     ROAD 3                                      ROAD 4                                          COMMUNITY                                                              TMC DATE
        168                                    13TH STREET                                              NW                                      I   STREET                            NW                                                                                                                                                  -                                               5/19/2016
