                                                                               Turning                                      Movement                                                     Count                                Report                                   -      Cars                         &           Trucks
  INT            ID                                               ROAD 1                                                                                                  ROAD 2                                                                ROAD 3                                ROAD 4                                  COMMUNITY                                                      TMC DATE
        17                            OREGON AVENUE NW                                                                                           MILITARY ROAD NW                                                                                                                                                                                      -                                      3/29/2011
                                   CARS
                                   NB                                                                                      EB                                                                                        SB                                                                                         WB
          Start                     Left           Thru              Right               Ped                NB              Left           Thru               Right               Ped                 EB               Left           Thru               Right               Ped                 SB               Left             Thru               Right                Ped                WB                Interval
        Time                                                                                             Total                                                                                     Total                                                                                      Total                                                                                         Total                    Total
   6:00             AM                  0               2                   0                 0                2                1              49                   0                  0               50                  6              10                   2                  0               18                  4              102                    8                  0              114                      184
   6:15             AM                  0               1                   0                 0                1                0              47                   0                  0               47                  9                6                  2                  0               17                12               163                    5                  0              180                      245
   6:30             AM                  0               2                   1                 0                3                1              60                   0                  0               61                13                 8                  0                  0               21                  9              257                  14                   0              280                      365
   6:45             AM                  0               2                   1                 0                3                2            118                    0                  0             120                 13               15                   2                  0               30                12               290                  15                   0              317                      470
   7:00             AM                  2               2                   0                 0                4                3            130                    0                  2             133                 20               14                   3                  2               37                20               284                  19                   1              323                      497
   7:15             AM                  2               1                   2                 0                5                7            168                    0                  0             175                 26               32                   7                  0               65                26               316                  25                   0              367                      612
   7:30             AM                  0               3                 10                  0              13                 9            203                    0                  0             212                 45               43                 13                   1             101                 39               402                  28                   0              469                      795
   7:45             AM                  0               6                   5                 0               11              14             214                    0                  0             228                 43               43                 19                   0             105                 50               372                  44                   0              466                      810
   8:00             AM                  0             10                  10                  0              20               14             190                    0                  0             204                 49               50                   7                  0             106                 36               300                  24                   0              360                      690
   8:15             AM                  0               3                   0                 0                3                0            151                    0                  0             151                 25               69                   4                  1               98                51               382                    3                  0              436                      688
   8:30             AM                  0               6                 12                  1              18                 2            184                    0                  0             186                 33               59                   8                  0             100                 60               297                  10                   1              367                      671
   8:45             AM                  0               4                 18                  0              22                 0            176                    0                  0             176                 17               44                   2                  0               63                65               342                  15                   0              422                      683
   9:00             AM                  0               5                 15                  0              20                 5            162                    0                  0             167                 24               29                   7                  0               60                33               261                    9                  1              303                      550
   9:15             AM                  1               2                 13                  1              16                 1            144                    0                  0             145                 23               28                   4                  0               55                21               209                   11                  0              241                      457
   9:30             AM                  1               1                   8                 0              10                 1            115                    0                  0             116                 18               22                   2                  0               42                15               216                    8                  0              239                      407
   9:45             AM                  0               4                   2                 1                6                0            104                    0                  0             104                 13               16                   1                  0               30                14               160                  10                   0              184                      324
 10:00                AM                0               7                   2                 0                9                0            117                    0                  0             117                 10               16                   1                  0               27                12               145                    5                  0              162                      315
 10:15                AM                0               4                   4                 0                8                2              86                   0                  0               88                12                 6                  3                  0               21                15               145                    6                  0              166                      283
 10:30                AM                0               8                   6                 0              14                 3            126                    0                  0             129                 11               12                   2                  0               25                  8              143                    5                  2              156                      324
 10:45                AM                0               3                   5                 0                8                0            102                    0                  0             102                   9              10                   0                  0               19                14               155                    3                  0              172                      301
 11:00               AM                 0               0                   0                 0                0                0                0                  0                  0                 0                 0                0                  0                  0                 0                 0                  0                  0                  0                  0                        0
 11:15               AM                 0               0                   0                 0                0                0                0                  0                  0                 0                 0                0                  0                  0                 0                 0                  0                  0                  0                  0                        0
 11:30               AM                 0               0                   0                 0                0                0                0                  0                  0                 0                 0                0                  0                  0                 0                 0                  0                  0                  0                  0                        0
 11:45               AM                 0               0                   0                 0                0                0                0                  0                  0                 0                 0                0                  0                  0                 0                 0                  0                  0                  0                  0                        0
 12:00                 PM               0               0                   0                 0                0                0                0                  0                  0                 0                 0                0                  0                  0                 0                 0                  0                  0                  0                  0                        0
 12:15                 PM               0               0                   0                 0                0                0                0                  0                  0                 0                 0                0                  0                  0                 0                 0                  0                  0                  0                  0                        0
 12:30                 PM               0               0                   0                 0                0                0                0                  0                  0                 0                 0                0                  0                  0                 0                 0                  0                  0                  0                  0                        0
 12:45                 PM               0               0                   0                 0                0                0                0                  0                  0                 0                 0                0                  0                  0                 0                 0                  0                  0                  0                  0                        0
   1:00              PM                 0               0                   0                 0                0                0                0                  0                  0                 0                 0                0                  0                  0                 0                 0                  0                  0                  0                  0                        0
   1:15              PM                 0               0                   0                 0                0                0                0                  0                  0                 0                 0                0                  0                  0                 0                 0                  0                  0                  0                  0                        0
   1:30              PM                 0               6                   6                 0              12                 4            121                    0                  0             125                   4                3                  1                  0                 8                 7              148                  10                   0              165                      310
   1:45              PM                 1               9                   4                 1              14                 0            109                    0                  1             109                   7                4                  0                  0               11                  5              140                    5                  0              150                      284
   2:00              PM                 0             10                    9                 1              19                 2            133                    0                  0             135                 10                 6                  1                  0               17                  2              111                    5                  1              118                      289
   2:15              PM                 2             10                    1                 1              13                 4            163                    0                  0             167                   8                7                  5                  0               20                13               137                    5                  0              155                      355
   2:30              PM                 0             17                    2                 0              19                 1            113                    0                  0             114                   8                8                  2                  0               18                15               138                  14                   0              167                      318
   2:45              PM                 0             12                    6                 1              18                 6            145                    0                  0             151                 18               14                   8                  0               40                10               164                  17                   0              191                      400
   3:00              PM                 1               7                 16                  0              24                 2            151                    0                  1             153                 29                 8                13                   0               50                10               159                    8                  0              177                      404
   3:15              PM                 2             18                  13                  0              33                 5            220                    0                  2             225                   8              10                   5                  0               23                  5              149                    9                  1              163                      444
   3:30              PM                 0             13                  20                  3              33                 3            217                    0                  0             220                 16                 9                  5                  0               30                12               105                  14                   1              131                      414
   3:45              PM                 0             15                  23                  0              38                 8            218                    0                  0             226                 15               10                   4                  0               29                 11              116                  21                   0              148                      441
   4:00              PM                 0             17                  18                  1              35                 7            213                    0                  0             220                 24                 1                  2                  9               27                  8              106                  25                   0              139                      421
   4:15              PM                 0             17                  17                  1              34                 8            220                    0                  1             228                 10                 4                  2                  1               16                  9              123                  13                   0              145                      423
   4:30              PM                 0             23                  28                  5              51                11            199                    0                  0             210                   8                2                  0                  3               10                10               141                  16                   3              167                      438
   4:45              PM                 3             19                  16                  1              38                 2            230                    0                  3             232                 11                 5                  1                  0               17                  3              124                    4                  2              131                      418
   5:00              PM                 1             27                  25                  0              53                 7            281                    0                  3             288                   9                6                  1                  4               16                 11              138                  18                   0              167                      524
   5:15              PM                 1             23                  30                  0              54                 5            288                    0                  0             293                 13               11                   6                  0               30                  9              170                  15                   0              194                      571
   5:30              PM                 1             35                  26                  1              62                 8            255                    0                  0             263                 22               10                   2                  0               34                  8              175                  26                   0              209                      568
   5:45              PM                 1             31                  48                  1              80                 7            286                    0                  0             293                 17               10                   5                  2               32                  5              144                  12                   0              161                      566
   6:00              PM                 1             23                  24                  2              48                 6            245                    0                  1             251                 14                 3                  6                  1               23                  9              162                  18                   2              189                      511
   6:15              PM                 2             15                  23                  0              40                 4            259                    0                  1             263                 16               11                   5                  2               32                  6              163                  20                   0              189                      524
         Total                        22            423                 469                 22             914              165            6712                     0                15            6877                686             674                 163                  26           1523                 684              7754                 542                  15            8980                   18294
      App             %              2.4           46.3               51.3                2.4                                 2.4           97.6                  0.0               0.2                              45.0              44.3               10.7                1.7                                  7.6             86.3                   6.0               0.2
     Total              %            0.1              2.3               2.6               0.1               5.0               0.9           36.7                  0.0               0.1            37.6                 3.7              3.7                0.9               0.1               8.3                3.7             42.4                   3.0               0.1             49.1
  INT            ID                                               ROAD 1                                                                                                  ROAD 2                                                                ROAD 3                                ROAD 4                                  COMMUNITY                                                      TMC DATE
        17                            OREGON AVENUE NW                                                                                           MILITARY ROAD NW                                                                                                                                                                                      -                                      3/29/2011
                                   TRUCKS
                                   NB                                                                                       EB                                                                                       SB                                                                                         WB
          Start                     Left            Thru              Right               Ped                NB              Left           Thru               Right               Ped                EB               Left           Thru               Right               Ped                 SB               Left             Thru               Right                Ped                WB                Interval
        Time                                                                                              Total                                                                                    Total                                                                                      Total                                                                                        Total                     Total
   6:00             AM                   0               0                   0                 0                0                0                5                  0                  0                5                 0                0                  0                  0                 0                 0                  5                  0                  0                  5                      10
   6:15             AM                   0               0                   0                 0                0                0                3                  0                  0                3                 0                0                  0                  0                 0                 0                12                   0                  0                12                       15
   6:30             AM                   0               0                   0                 0                0                0                6                  0                  0                6                 0                0                  0                  0                 0                 0                  7                  0                  0                  7                      13
   6:45             AM                   0               0                   0                 0                0                0                9                  0                  0                9                 0                0                  0                  0                 0                 0                12                   1                  0                13                       22
   7:00             AM                   2               0                   0                 0                2                0              11                   0                  0               11                 0                0                  0                  0                 0                 0                11                   1                  0                12                       25
   7:15             AM                   0               0                   1                 0                1                0                8                  0                  0                8                 1                0                  0                  0                 1                 0                21                   3                  0                24                       34
   7:30             AM                   0               0                   0                 0                0                0              11                   0                  0               11                 1                0                  3                  0                 4                 0                15                   0                  0                15                       30
   7:45             AM                   0               0                   0                 0                0                1                6                  0                  0                7                 0                0                  1                  0                 1                 0                21                   0                  0                21                       29
   8:00             AM                   0               0                   0                 0                0                1                4                  0                  0                5                 0                1                  0                  0                 1                 0                18                   0                  0                18                       24
   8:15             AM                   0               3                   0                 0                3                0                5                  0                  0                5                 0                0                  1                  0                 1                 0                18                   0                  0                18                       27
   8:30             AM                   0               1                   0                 0                1                0              15                   0                  0              15                  0                0                  2                  0                 2                 1                15                   1                  0                17                       35
   8:45             AM                   0               0                   0                 0                0                1              24                   0                  0              25                  0                1                  1                  0                 2                 0                16                   2                  0                18                       45
   9:00             AM                   0               0                   0                 0                0                1              14                   0                  0              15                  1                0                  0                  0                 1                 0                14                   3                  0                17                       33
   9:15             AM                   0               0                   0                 0                0                0              12                   0                  0              12                  0                0                  1                  0                 1                 1                17                   1                  0                19                       32
   9:30             AM                   0               1                   0                 0                1                1                8                  0                  0                9                 1                0                  0                  0                 1                 0                19                   3                  1                22                       33
   9:45             AM                   0               1                   0                 0                1                0              11                   0                  0               11                 1                2                  2                  0                 5                 0                11                   2                  0                13                       30
 10:00                AM                 0               2                   0                 0                2                0                8                  0                  0                8                 1                1                  0                  0                 2                 0                17                   0                  0                17                       29
 10:15                AM                 0               1                   0                 0                1                0              10                   0                  0              10                  0                2                  0                  0                 2                 0                13                   0                  0                13                       26
 10:30                AM                 0               2                   0                 0                2                0              12                   0                  0              12                  1                1                  0                  0                 2                 0                11                   1                  0                12                       28
 10:45                AM                 0               0                   0                 0                0                0              17                   0                  0              17                  1                1                  0                  0                 2                 0                  2                  0                  0                  2                      21
 11:00               AM                  0               0                   0                 0                0                0                0                  0                  0                0                 0                0                  0                  0                 0                 0                  0                  0                  0                  0                        0
 11:15               AM                  0               0                   0                 0                0                0                0                  0                  0                0                 0                0                  0                  0                 0                 0                  0                  0                  0                  0                        0
 11:30               AM                  0               0                   0                 0                0                0                0                  0                  0                0                 0                0                  0                  0                 0                 0                  0                  0                  0                  0                        0
 11:45               AM                  0               0                   0                 0                0                0                0                  0                  0                0                 0                0                  0                  0                 0                 0                  0                  0                  0                  0                        0
 12:00                 PM                0               0                   0                 0                0                0                0                  0                  0                0                 0                0                  0                  0                 0                 0                  0                  0                  0                  0                        0
 12:15                 PM                0               0                   0                 0                0                0                0                  0                  0                0                 0                0                  0                  0                 0                 0                  0                  0                  0                  0                        0
 12:30                 PM                0               0                   0                 0                0                0                0                  0                  0                0                 0                0                  0                  0                 0                 0                  0                  0                  0                  0                        0
 12:45                 PM                0               0                   0                 0                0                0                0                  0                  0                0                 0                0                  0                  0                 0                 0                  0                  0                  0                  0                        0
   1:00              PM                  0               0                   0                 0                0                0                0                  0                  0                0                 0                0                  0                  0                 0                 0                  0                  0                  0                  0                        0
   1:15              PM                  0               0                   0                 0                0                0                0                  0                  0                0                 0                0                  0                  0                 0                 0                  0                  0                  0                  0                        0
   1:30              PM                  0               0                   0                 0                0                0              10                   0                  0              10                  0                1                  0                  0                 1                 0                11                   0                  0                11                       22
   1:45              PM                  0               0                   0                 0                0                1              12                   0                  0              13                  0                0                  0                  0                 0                 0                  5                  0                  0                  5                      18
   2:00              PM                  0               0                   0                 0                0                0                7                  0                  0                7                 1                0                  0                  0                 1                 0                10                   0                  0                10                       18
   2:15              PM                  0               0                   0                 0                0                0              14                   0                  0              14                  1                1                  0                  0                 2                 0                10                   0                  0                10                       26
   2:30              PM                  0               0                   0                 0                0                0              17                   0                  0              17                  1                1                  0                  0                 2                 0                10                   1                  0                11                       30
   2:45              PM                  0               0                   0                 0                0                0              12                   0                  0              12                  2                0                  0                  0                 2                 0                15                   2                  0                17                       31
   3:00              PM                  0               0                   0                 0                0                0              23                   0                  0              23                  1                0                  0                  0                 1                 0                16                   0                  0                16                       40
   3:15              PM                  0               0                   0                 0                0                0              12                   0                  0              12                  0                0                  0                  0                 0                 0                  5                  1                  0                  6                      18
   3:30              PM                  0               0                   0                 0                0                0              32                   0                  0              32                  1                0                  0                  0                 1                 0                  5                  1                  0                  6                      39
   3:45              PM                  0               0                   0                 0                0                0              18                   0                  0              18                  3                0                  1                  0                 4                 0                  2                  0                  0                  2                      24
   4:00              PM                  0               0                   0                 0                0                0              18                   0                  0              18                  1                0                  0                  0                 1                 0                12                   0                  0                12                       31
   4:15              PM                  0               0                   0                 0                0                1              11                   0                  0              12                  1                0                  0                  0                 1                 0                  4                  0                  0                  4                      17
   4:30              PM                  0               0                   0                 0                0                0              11                   0                  0               11                 2                0                  0                  0                 2                 0                  2                  0                  0                  2                      15
   4:45              PM                  0               0                   0                 0                0                0              10                   0                  0              10                  0                0                  0                  0                 0                 0                  2                  0                  0                  2                      12
   5:00              PM                  0               0                   0                 0                0                0                8                  0                  0                8                 0                0                  0                  0                 0                 0                  1                  0                  0                  1                        9
   5:15              PM                  0               0                   0                 0                0                0                7                  0                  0                7                 0                0                  0                  0                 0                 0                  1                  0                  0                  1                        8
   5:30              PM                  0               0                   0                 0                0                0                9                  0                  0                9                 0                0                  0                  0                 0                 0                  5                  0                  0                  5                      14
   5:45              PM                  0               0                   0                 0                0                0                9                  0                  0                9                 0                0                  0                  0                 0                 0                  0                  0                  0                  0                        9
   6:00              PM                  0               0                   0                 0                0                0                9                  0                  0                9                 0                0                  0                  0                 0                 0                  1                  0                  0                  1                      10
   6:15              PM                  0               0                   0                 0                0                0                8                  0                  0                8                 0                0                  0                  0                 0                 0                  2                  0                  0                  2                      10
         Total                           2              11                   1                 0              14                 7           456                     0                  0            463                 22               12                 12                   0               46                  2              394                  23                   1             419                       942
      App             %            14.3             78.6                 7.1               0.0                                1.5            98.5                 0.0               0.0                              47.8              26.1               26.1                0.0                                  0.5             94.0                  5.5                0.2
     Total              %            0.2              1.2                0.1               0.0               1.5              0.7            48.4                 0.0               0.0             49.2                2.3              1.3                1.3               0.0               4.9                0.2             41.8                  2.4                0.1             44.5
  INT            ID                                               ROAD 1                                                                                                  ROAD 2                                                                ROAD 3                                ROAD 4                                  COMMUNITY                                                      TMC DATE
        17                            OREGON AVENUE NW                                                                                           MILITARY ROAD NW                                                                                                                                                                                      -                                      3/29/2011
