                                                                               Turning                                      Movement                                                     Count                                Report                                   -      Cars                         &           Trucks
  INT            ID                                     ROAD 1                                                                                                  ROAD 2                                                                         ROAD 3                                ROAD 4                                   COMMUNITY                                                      TMC DATE
      171                           12TH STREET                                              NW                                 NEW                   YORK AVENUE NW                                                                                                                                                                                  -                                       5/19/2016
                                  CARS
                                  NB                                                                                        EB                                                                                         SB                                                                                        WB
         Start                     Left          Thru              Right                 Ped                 NB              Left           Thru              Right                Ped                  EB             Left            Thru              Right                Ped                 SB                Left            Thru              Right                Ped                  WB               Interval
        Time                                                                                             Total                                                                                      Total                                                                                      Total                                                                                         Total                   Total
  7:00             AM                10           245                   15                 17              270                 15              64                    0               20                 79                  0               0                   0               36                   0                  0              31                    1               12                  32                    381
  7:15             AM                  8          256                   25                 32              289                 27              54                    0               24                 81                  0               0                   0               30                   0                  0              21                    6                  8                27                    397
  7:30             AM                  5          234                   20                 39              259                 18              46                    0               34                 64                  0               0                   0               43                   0                  0              21                    5               25                  26                    349
  7:45             AM                  5          255                   18                 65              278                 20              51                    0               28                 71                  0               0                   0               67                   0                  0              21                    3                  7                24                    373
  8:00             AM                  0          215                   19                 60              234                 16              56                    0               42                 72                  0               0                   0               58                   0                  0              31                    7               14                  38                    344
  8:15             AM                  5          228                   16                 88              249                 22              78                    0               52               100                   0               0                   0               66                   0                  0              33                    5               29                  38                    387
  8:30             AM                11           208                   18                 92              237                 41              75                    0               46                116                  0               0                   0             101                    0                  0              47                  14                28                  61                    414
  8:45             AM                  4          231                   22               130               257                 20              89                    0               76               109                   0               0                   0              110                   0                  0              35                  18                14                  53                    419
  9:00             AM                10           206                   34               112               250                 20              53                    0               62                 73                  0               0                   0              112                   0                  0              54                    5                  9                59                    382
  9:15             AM                  6          253                   26                 93              285                 23              54                    0               45                 77                  0               0                   0               84                   0                  0              52                  14                23                  66                    428
  9:30             AM                  9          234                   12                 66              255                 13              65                    0               31                 78                  0               0                   0               46                   0                  0              49                    9               22                  58                    391
  9:45             AM                  5          212                   16                 31              233                 24              79                    0               46               103                   0               0                   0               38                   0                  0              62                    7               13                  69                    405
 11:00               AM                5          147                   18                 77              170                 14              93                    0               33               107                   0               0                   0               44                   0                  0              46                    4               28                  50                    327
 11:15               AM              13           159                   24                 67              196                 19              86                    0               15               105                   0               0                   0               43                   0                  0              53                    3               14                  56                    357
 11:30               AM                1          131                   32                 70              164                 14              64                    0               44                 78                  0               0                   0               74                   0                  0              21                    0               46                  21                    263
 11:45               AM              10           160                   34                 80              204                 11              78                    0               77                 89                  0               0                   0              116                   0                  0              48                    5               36                  53                    346
12:00                 PM               2          147                   29               132               178                 21              82                    0               77               103                   0               0                   0             101                    0                  0              40                    3               39                  43                    324
12:15                 PM               4          132                   28               189               164                 16             113                    0               78               129                   0               0                   0              116                   0                  0              38                    3               37                  41                    334
12:30                 PM               5          128                   33               100               166                 17            100                     0               60                117                  0               0                   0             164                    0                  0              45                    7               25                  52                    335
12:45                 PM               4          156                   25               144               185                 22              89                    0               87                111                  0               0                   0             125                    0                  0              35                    6               39                  41                    337
  1:00              PM                 3          151                   34               178               188                 14              85                    0             123                  99                  0               0                   0             146                    0                  0              33                    2               54                  35                    322
  1:15              PM                 8          162                   30               120               200                 12              71                    0               87                 83                  0               0                   0             125                    0                  0              30                    3               35                  33                    316
  1:30              PM                 4          187                   34               127               225                 13              72                    0             139                  85                  0               0                   0             121                    0                  0              32                    6               24                  38                    348
  1:45              PM                 5          196                   31               118               232                 25              86                    0               64                111                  0               0                   0               83                   0                  0              28                    7               24                  35                    378
  4:00              PM                 4          222                   32                 60              258                 15              87                    0               69               102                   0               0                   0               71                   0                  0              39                    6               13                  45                    405
  4:15              PM                 4          258                   23               102               285                 12            106                     0               52                118                  0               0                   0               64                   0                  0              29                    8               20                  37                    440
  4:30              PM                 5          259                   36                 60              300                   7           109                     0               67                116                  0               0                   0               99                   0                  0              28                    5               19                  33                    449
  4:45              PM                 6          268                   21               106               295                 21             116                    0               43               137                   0               0                   0               55                   0                  0              41                    6               18                  47                    479
  5:00              PM               15           270                   41               135               326                   7             91                    0               58                 98                  0               0                   0             136                    0                  0              42                  12                45                  54                    478
  5:15              PM               14           279                   35               118               328                 14              99                    0               37                113                  0               0                   0             107                    0                  0              44                    3               58                  47                    488
  5:30              PM                 9          302                   29               126               340                 19            106                     0               75               125                   0               0                   0             120                    0                  0              35                  12                52                  47                    512
  5:45              PM                 8          283                   33               134               324                 18              92                    0               45                110                  0               0                   0             137                    0                  0              38                    7               49                  45                    479
  6:00              PM               12           252                   33               115               297                 11              81                    0               58                 92                  0               0                   0              114                   0                  0              37                  12                34                  49                    438
  6:15              PM               10           280                   36               130               326                 13              93                    0               84               106                   0               0                   0               92                   0                  0              34                    7               33                  41                    473
  6:30              PM                 7          235                   27                 80              269                 24              96                    0               43               120                   0               0                   0               64                   0                  0              29                    0               50                  29                    418
  6:45              PM                 9          227                   18                 62              254                 22              93                    0               56                115                  0               0                   0               78                   0                  0              26                    7               47                  33                    402
        Total                      2457768                            957             3455               8970                640           2952                      0           2077               3592                    0               0                   0           3186                     0                  0          1328                  228             1043                1556                  14118
      App             %            2.7            86.6              10.7                38.5                                17.8            82.2                 0.0               57.8                                  0.0             0.0                0.0                0.0                                   0.0            85.3               14.7                67.0
    Total              %           1.7            55.0                 6.8              24.5               63.5               4.5           20.9                 0.0               14.7              25.4                0.0             0.0                0.0              22.6                 0.0                0.0               9.4               1.6                 7.4              11.0
  INT            ID                                     ROAD 1                                                                                                  ROAD 2                                                                         ROAD 3                                ROAD 4                                   COMMUNITY                                                      TMC DATE
      171                           12TH STREET                                              NW                                 NEW                   YORK AVENUE NW                                                                                                                                                                                  -                                       5/19/2016
                                             TRUCKS
                                             NB                                                                                                               EB                                                                                                                WB
               Start                            Left               Thru                   Right                     Ped                     NB                    Left                Thru                   Right                    Ped                      EB                    Left                 Thru                     Right                     Ped                     WB                      Interval
             Time                                                                                                                       Total                                                                                                              Total                                                                                                                  Total                          Total
        7:00             AM                         1                  25                        1                      0                    27                       2                    7                        0                      0                     9                       0                      4                        0                       0                      4                             40
        7:15             AM                         0                  20                        0                      0                    20                       1                    4                        0                      0                     5                       0                      3                        0                       0                      3                             28
        7:30             AM                         0                  18                        0                      0                    18                       0                  10                         0                      0                   10                        0                      3                        0                       0                      3                             31
        7:45             AM                         0                  19                        2                      0                    21                       2                    8                        0                      0                   10                        0                      2                        1                       0                      3                             34
        8:00             AM                         2                  24                        3                      0                    29                       1                    7                        0                      0                     8                       0                      5                        0                       0                      5                             42
        8:15             AM                         3                  18                        0                      0                    21                       4                    3                        0                      0                     7                       0                      5                        0                       0                      5                             33
        8:30             AM                         0                  28                        2                      0                    30                       0                    7                        0                      0                     7                       0                      2                        0                       0                      2                             39
        8:45             AM                         1                  20                        1                      0                    22                       2                  12                         0                      0                   14                        0                      3                        0                       0                      3                             39
        9:00             AM                         1                  21                        0                      0                    22                       1                  10                         0                      0                    11                       0                      3                        0                       0                      3                             36
        9:15             AM                         0                  20                        2                      0                    22                       1                    9                        0                      0                   10                        0                      4                        2                       0                      6                             38
        9:30             AM                         0                  21                        1                      0                    22                       2                  10                         0                      0                   12                        0                      5                        3                       0                      8                             42
        9:45             AM                         0                  13                        0                      0                    13                       0                  13                         0                      0                   13                        0                      5                        0                       0                      5                             31
      11:00               AM                        2                  20                        3                      0                    25                       4                    4                        0                      0                     8                       0                      4                        0                       0                      4                             37
      11:15               AM                        1                  18                        0                      0                    19                       2                  13                         0                      0                   15                        0                      2                        0                       0                      2                             36
      11:30               AM                        0                  19                        3                      0                    22                       1                    6                        0                      0                     7                       0                      2                        0                       0                      2                             31
      11:45               AM                        0                  14                        0                      0                    14                       0                    5                        0                      0                     5                       0                      5                        1                       0                      6                             25
      12:00                 PM                      0                  16                        3                      0                    19                       0                  10                         0                      0                   10                        0                      3                        0                       0                      3                             32
      12:15                 PM                      0                  16                        1                      0                    17                       1                    8                        0                      0                     9                       0                      6                        0                       0                      6                             32
      12:30                 PM                      0                  11                        0                      0                    11                       2                  16                         0                      0                   18                        0                      2                        0                       0                      2                             31
      12:45                 PM                      1                  11                        2                      0                    14                       1                  12                         0                      0                   13                        0                      2                        0                       0                      2                             29
        1:00              PM                        0                  14                        1                      0                    15                       3                  12                         0                      0                   15                        0                      2                        0                       0                      2                             32
        1:15              PM                        0                  14                        5                      0                    19                       3                    6                        0                      0                     9                       0                      4                        0                       0                      4                             32
        1:30              PM                        0                  16                        2                      0                    18                       0                  13                         0                      0                   13                        0                      1                        0                       0                      1                             32
        1:45              PM                        1                  11                        1                      1                    13                       1                  10                         0                      0                    11                       0                      4                        0                       0                      4                             28
        4:00              PM                        0                    7                       3                      0                    10                       1                  12                         0                      0                   13                        0                      2                        1                       0                      3                             26
        4:15              PM                        2                    8                       4                      0                    14                       0                    3                        0                      0                     3                       0                      3                        0                       0                      3                             20
        4:30              PM                        0                    9                       2                      0                    11                       3                  10                         0                      0                   13                        0                      1                        0                       0                      1                             25
        4:45              PM                        0                  10                        2                      0                    12                       1                    6                        0                      0                     7                       0                      3                        1                       0                      4                             23
        5:00              PM                        0                    4                       3                      0                      7                      0                    3                        0                      0                     3                       0                      0                        1                       0                      1                             11
        5:15              PM                        0                  14                        1                      0                    15                       1                    7                        0                      0                     8                       0                      0                        0                       0                      0                             23
        5:30              PM                        0                    4                       1                      0                      5                      1                  10                         0                      0                    11                       0                      0                        0                       0                      0                             16
        5:45              PM                        1                    8                       2                      0                    11                       1                    9                        0                      0                   10                        0                      3                        0                       0                      3                             24
        6:00              PM                        0                    6                       1                      0                      7                      1                    7                        0                      0                     8                       0                      2                        0                       0                      2                             17
        6:15              PM                        0                    3                       0                      0                      3                      1                    4                        0                      0                     5                       0                      1                        0                       0                      1                               9
        6:30              PM                        0                    5                       2                      0                      7                      2                    9                        0                      0                    11                       0                      1                        0                       0                      1                             19
        6:45              PM                        0                    9                       0                      0                      9                      0                    8                        0                      0                     8                       0                      1                        0                       0                      1                             18
              Total                               16                 514                       54                       1                 584                       46                 303                          0                      0                 349                         0                    98                       10                        0                  108                          1041
           App             %                    2.7                88.0                       9.2                    0.2                                        13.2                  86.8                      0.0                    0.0                                            0.0                  90.7                       9.3                     0.0
          Total              %                  1.5                49.4                       5.2                    0.1                  56.1                    4.4                 29.1                      0.0                    0.0                  33.5                      0.0                    9.4                      1.0                     0.0                  10.4
  INT            ID                                     ROAD 1                                                                                                  ROAD 2                                                                         ROAD 3                                ROAD 4                                   COMMUNITY                                                      TMC DATE
      171                           12TH STREET                                              NW                                 NEW                   YORK AVENUE NW                                                                                                                                                                                  -                                       5/19/2016
