                                                                               Turning                                      Movement                                                     Count                                Report                                   -      Cars                         &           Trucks
  INT            ID                                     ROAD 1                                                                                                  ROAD 2                                                                         ROAD 3                                ROAD 4                                   COMMUNITY                                                      TMC DATE
      174                           10TH STREET                                              NW                                 NEW                   YORK AVENUE NW                                                                                                                                                                                  -                                       5/19/2016
                                  CARS
                                  NB                                                                                          EB                                                                                     SB                                                                                            WB
         Start                     Left           Thru             Right                 Ped                   NB              Left          Thru              Right               Ped                EB               Left             Thru              Right                 Ped                 SB               Left            Thru              Right                 Ped                WB               Interval
        Time                                                                                               Total                                                                                   Total                                                                                        Total                                                                                        Total                    Total
  7:00             AM                11                0                  2                 17                  13                 0             69                   5              16                74                43                25                  17                 29                85                   4            121                     0                17              125                      297
  7:15             AM                  8               0                  2                 27                  10                 0             76                   4                 8              80                26                30                  23                 24                79                   3            142                     0                21              145                      314
  7:30             AM                11                0                  4                 20                  15                 0             73                   8              24                81                31                38                  20                 20                89                   5            157                     0                50              162                      347
  7:45             AM                13                0                  3                 42                  16                 0             63                   6              24                69                27                34                  22                 18                83                   6            157                     0                36              163                      331
  8:00             AM                15                0                  6                 34                  21                 0             79                   7              29                86                33                58                  21                 23               112                   1            178                     0                52              179                      398
  8:15             AM                  6               0                  5                 42                  11                 0             89                   6              26                95                37                59                  25                 39              121                    4            167                     0                60              171                      398
  8:30             AM                14                0                  5                 51                  19                 0             78                 13               21                91                28                52                  19                 53                99                   7            165                     0                52              172                      381
  8:45             AM                20                0                  9                 37                  29                 0             83                 15               38                98                38                54                  21                 44               113                   7            158                     0                62              165                      405
  9:00             AM                14                0                  7                 57                  21                 0             86                 16               38              102                 39                73                  25                 41              137                    3            188                     0                46              191                      451
  9:15             AM                15                0                10                  48                  25                 0             83                   7              23                90                42                58                  35                 72              135                    8            170                     0                51              178                      428
  9:30             AM                  9               0                  2                 24                  11                 0             55                 12                11               67                32                31                  23                 35                86                   3            149                     0                28              152                      316
  9:45             AM                19                0                  8                 43                  27                 0             84                   9              16                93                34                37                  25                 24                96                   9            196                     0                38              205                      421
 11:00               AM              11                0                10                  28                  21                 0             86                   7              15                93                48                42                  27                 25               117                   6            128                     0                19              134                      365
 11:15               AM                9               0                  5                 20                  14                 0           100                    9              13              109                 51                30                  24                 20              105                    2             119                    0                18              121                      349
 11:30               AM              24                0                18                  56                  42                 0             81                 11                  4              92                39                36                  24                 22                99                   8              85                    0                  6               93                     326
 11:45               AM              17                0                12                  34                  29                 0           101                  12               16              113                 40                38                  16                 25                94                   4            121                     0                31              125                      361
12:00                 PM             22                0                  9                 33                  31                 0           115                    9              29              124                 50                42                  24                 83               116                   4             112                    0                18               116                     387
12:15                 PM             13                0                  8                 31                  21                 0           102                  10               15              112                 48                47                  17                 25               112                   4            105                     0                33              109                      354
12:30                 PM             13                0                12                  15                  25                 0           111                  12               16              123                 34                28                  18                 25                80                   2             115                    0                29               117                     345
12:45                 PM               9               0                  5                 25                  14                 0           115                  12               24              127                 46                36                  17                 28                99                   2            103                     0                34              105                      345
  1:00              PM                 8               0                12                  26                  20                 0           102                  15               19              117                 86                48                  15                 31              149                    3            122                     0                25              125                      411
  1:15              PM               13                0                10                  32                  23                 0           113                  11               17              124                 51                44                  14                 20              109                    2             112                    0                35               114                     370
  1:30              PM               21                0                12                  35                  33                 0           106                    8              16              114                 49                42                  21                 29               112                 12             105                     0                54               117                     376
  1:45              PM               16                0                12                  30                  28                 0           108                  12               12              120                 53                47                  26                 27              126                    4              93                    0                45                97                     371
  4:00              PM               21                0                  5                 40                  26                 0           135                    8              18              143                 62                55                  26                 33              143                    4            128                     0                35              132                      444
  4:15              PM               33                0                  6                 37                  39                 0           133                  10               10              143                 87                64                  18                 23              169                    3            108                     0                28               111                     462
  4:30              PM               28                0                  9                 39                  37                 0           151                  13               32              164                 68                82                  24                 59              174                  10               70                    0                32                80                     455
  4:45              PM               24                0                13                  37                  37                 0           115                  15               13              130                 71                75                  25                 41              171                    8             117                    0                38              125                      463
  5:00              PM               22                0                10                  54                  32                 0           127                  15               30              142                 81                62                  30                 41              173                    1            128                     0                58              129                      476
  5:15              PM               21                0                11                  49                  32                 0           128                    8              31              136                 67                49                  23                 43              139                    3              84                    0                45                87                     394
  5:30              PM               24                0                12                  52                  36                 0           110                  14               28              124                 71                61                  22                 70              154                    4             116                    0                60              120                      434
  5:45              PM               21                0                13                  43                  34                 0           114                  37               20              151                 76                59                  23                 51              158                    5            109                     0                59               114                     457
  6:00              PM               22                0                15                  47                  37                 0           113                  11               23              124                 62                41                  26                 42              129                    3             119                    0                62              122                      412
  6:15              PM               16                0                  8                 45                  24                 0           135                  18               31              153                 55                60                  27                 47              142                    3            106                     0                68              109                      428
  6:30              PM               19                0                  7                 36                  26                 0           123                  13               18              136                 72                42                  17                 34              131                    5            102                     0                43              107                      400
  6:45              PM               24                0                12                  28                  36                 0           115                  12               17              127                 63                61                  19                 67              143                    2            103                     0                45              105                      411
        Total                      606                 0              309               1314                 915                   0        3657                  410              741            4067               18401740                                799             1333               4379                 164            4558                      0           1433               4722                  14083
      App             %           66.2              0.0             33.8              143.6                                    0.0            89.9               10.1              18.2                                42.0              39.7              18.2                30.4                                   3.5             96.5                0.0               30.3
    Total              %            4.3             0.0                2.2                 9.3                 6.5             0.0            26.0                 2.9               5.3            28.9               13.1              12.4                5.7                 9.5             31.1                 1.2             32.4                0.0               10.2              33.5
  INT            ID                                     ROAD 1                                                                                                  ROAD 2                                                                         ROAD 3                                ROAD 4                                   COMMUNITY                                                      TMC DATE
      174                           10TH STREET                                              NW                                 NEW                   YORK AVENUE NW                                                                                                                                                                                  -                                       5/19/2016
                                   TRUCKS
                                   NB                                                                                       EB                                                                                       SB                                                                                         WB
          Start                     Left            Thru              Right               Ped                NB              Left           Thru               Right               Ped                EB               Left           Thru               Right               Ped                 SB               Left             Thru               Right                Ped                WB                Interval
        Time                                                                                              Total                                                                                    Total                                                                                      Total                                                                                        Total                     Total
   7:00             AM                   1               0                   0                 0                1                0                1                  0                  0                1                 6                0                  1                  0                 7                 1                  7                  0                  0                  8                      17
   7:15             AM                   0               0                   0                 0                0                0                1                  0                  0                1                 3                1                  1                  0                 5                 0                12                   0                  0                12                       18
   7:30             AM                   0               0                   0                 0                0                0                4                  0                  0                4                 3                2                  1                  0                 6                 0                  8                  0                  0                  8                      18
   7:45             AM                   1               0                   0                 0                1                0                4                  0                  0                4                 3                0                  2                  0                 5                 1                14                   0                  0                15                       25
   8:00             AM                   0               0                   0                 0                0                0                2                  0                  0                2                 2                2                  1                  0                 5                 0                  7                  0                  0                  7                      14
   8:15             AM                   2               0                   0                 0                2                0                1                  0                  0                1                 3                4                  0                  0                 7                 0                  6                  0                  0                  6                      16
   8:30             AM                   1               0                   0                 0                1                0                4                  0                  0                4                 3                3                  1                  0                 7                 0                  8                  0                  0                  8                      20
   8:45             AM                   0               0                   0                 0                0                0                3                  0                  0                3                 6                3                  1                  0               10                  1                17                   0                  0                18                       31
   9:00             AM                   0               0                   0                 0                0                0                2                  0                  0                2                 2                6                  0                  0                 8                 0                16                   0                  0                16                       26
   9:15             AM                   0               0                   1                 0                1                0                7                  0                  0                7                 0                2                  1                  0                 3                 0                10                   0                  0                10                       21
   9:30             AM                   0               0                   0                 0                0                0                5                  0                  0                5                 2                4                  0                  0                 6                 0                11                   0                  0                11                       22
   9:45             AM                   0               0                   0                 0                0                0                1                  1                  0                2                 4                0                  0                  0                 4                 2                  5                  0                  0                  7                      13
 11:00               AM                  0               0                   0                 0                0                0                0                  0                  0                0                 0                3                  0                  0                 3                 0                10                   0                  0                10                       13
 11:15               AM                  0               0                   0                 0                0                0                1                  0                  0                1                 2                0                  1                  0                 3                 2                  4                  0                  0                  6                      10
 11:30               AM                  0               0                   0                 0                0                0                1                  0                  0                1                 1                2                  0                  0                 3                 1                  4                  0                  0                  5                        9
 11:45               AM                  1               0                   0                 0                1                0                0                  0                  0                0                 3                2                  1                  0                 6                 0                  7                  0                  0                  7                      14
 12:00                 PM                0               0                   0                 0                0                0                2                  0                  0                2                 5                2                  0                  0                 7                 0                  3                  0                  0                  3                      12
 12:15                 PM                2               0                   2                 0                4                0                1                  0                  0                1                 5                2                  1                  0                 8                 1                  3                  0                  0                  4                      17
 12:30                 PM                1               0                   0                 0                1                0                3                  1                  0                4                 2                1                  0                  0                 3                 1                  2                  0                  0                  3                      11
 12:45                 PM                1               0                   1                 0                2                0                1                  0                  0                1                 4                2                  0                  0                 6                 0                  7                  0                  0                  7                      16
   1:00              PM                  0               0                   0                 0                0                0                0                  0                  0                0                 3                1                  0                  0                 4                 1                  5                  0                  0                  6                      10
   1:15              PM                  0               0                   0                 0                0                0                0                  0                  0                0                 0                0                  0                  0                 0                 0                  0                  0                  0                  0                        0
   1:30              PM                  0               0                   1                 0                1                0                4                  1                  0                5                 5                0                  0                  0                 5                 0                  5                  0                  0                  5                      16
   1:45              PM                  1               0                   0                 0                1                0                1                  0                  0                1                 4                3                  1                  0                 8                 0                  9                  0                  0                  9                      19
   4:00              PM                  0               0                   0                 0                0                0                0                  0                  0                0                 3                3                  1                  0                 7                 0                  5                  0                  0                  5                      12
   4:15              PM                  0               0                   1                 0                1                0                1                  0                  0                1                 6                1                  2                  0                 9                 0                  7                  0                  0                  7                      18
   4:30              PM                  0               0                   0                 0                0                0                1                  0                  0                1                 6                1                  0                  0                 7                 1                  2                  0                  0                  3                      11
   4:45              PM                  2               0                   0                 0                2                0                3                  0                  0                3                 5                2                  0                  0                 7                 0                  2                  0                  0                  2                      14
   5:00              PM                  0               0                   0                 0                0                0                1                  0                  0                1                 8                2                  1                  0               11                  1                  6                  0                  0                  7                      19
   5:15              PM                  0               0                   0                 0                0                0                0                  0                  0                0                 2                1                  0                  0                 3                 0                  5                  0                  0                  5                        8
   5:30              PM                  0               0                   0                 0                0                0                3                  0                  0                3                 6                1                  0                  0                 7                 0                  3                  0                  0                  3                      13
   5:45              PM                  1               0                   0                 0                1                0                2                  0                  0                2                 2                0                  1                  0                 3                 0                  4                  0                  0                  4                      10
   6:00              PM                  0               0                   0                 0                0                0                0                  0                  0                0                 1                2                  0                  0                 3                 0                  6                  0                  0                  6                        9
   6:15              PM                  0               0                   0                 0                0                0                1                  0                  0                1                 3                1                  0                  0                 4                 2                  6                  0                  0                  8                      13
   6:30              PM                  4               0                   0                 0                4                0                1                  0                  0                1                 4                2                  0                  0                 6                 1                  2                  0                  0                  3                      14
   6:45              PM                  0               0                   1                 0                1                0                4                  0                  0                4                 1                1                  0                  0                 2                 0                  2                  0                  0                  2                        9
         Total                        18                 0                   7                 0              25                 0              66                   3                  0              69              118                62                 18                   0             198                 16               230                    0                  0             246                       538
      App             %            72.0               0.0              28.0                0.0                                0.0            95.7                 4.3               0.0                              59.6              31.3                 9.1               0.0                                  6.5             93.5                  0.0                0.0
     Total              %            3.3              0.0                1.3               0.0               4.6              0.0            12.3                 0.6               0.0             12.8             21.9              11.5                 3.3               0.0             36.8                 3.0             42.8                  0.0                0.0             45.7
  INT            ID                                     ROAD 1                                                                                                  ROAD 2                                                                         ROAD 3                                ROAD 4                                   COMMUNITY                                                      TMC DATE
      174                           10TH STREET                                              NW                                 NEW                   YORK AVENUE NW                                                                                                                                                                                  -                                       5/19/2016
