                                                                               Turning                                      Movement                                                     Count                                Report                                   -      Cars                         &           Trucks
  INT            ID                                                      ROAD 1                                                                                                  ROAD 2                                                          ROAD 3                                ROAD 4                                  COMMUNITY                                                      TMC DATE
      177                              FESSENDEN STREET                                                                    NW                                46TH STREET                                              NW                                                                                                                                -                                      6/21/2016
                                   CARS
                                   NB                                                                                      EB                                                                                         SB                                                                                        WB
          Start                     Left           Thru              Right               Ped                NB               Left           Thru               Right               Ped                 EB              Left           Thru               Right               Ped                 SB               Left             Thru               Right                Ped                WB                Interval
        Time                                                                                             Total                                                                                      Total                                                                                     Total                                                                                        Total                    Total
   7:00             AM                  1               9                   0                 0              10                  1                0                  0                  0                 1                0              14                   2                  4               16                  1                  3                  0                  4                  4                      31
   7:15             AM                  0             10                    0                 1              10                  1                1                  1                  0                 3                0              28                   0                  1               28                  2                  0                  0                  1                  2                      43
   7:30             AM                  0             15                    0                 0              15                  0                2                  0                  1                 2                0              33                   2                  1               35                  1                  2                  0                  1                  3                      55
   7:45             AM                  0             16                    1                 1              17                  0                6                  0                  1                 6                0              29                   2                  3               31                  1                  7                  0                  3                  8                      62
   8:00             AM                  0             26                    0                 1              26                  3                7                  2                  0               12                 1              43                   1                  0               45                  3                  7                  0                  1               10                        93
   8:15             AM                  0             23                    2                 1              25                  3                9                  2                  0               14                 0              30                   1                  1               31                  1                  7                  0                  3                  8                      78
   8:30             AM                  2             34                    0                 1              36                  5                3                  1                  0                 9                0              42                   1                  3               43                  2                  8                  2                  1               12                      100
   8:45             AM                  1             30                    1                 1              32                  9              10                   1                  1               20                 0              39                   5                  1               44                  3                  8                  0                  2               11                      107
   9:00             AM                  1             27                    0                 0              28                  8              10                   0                  1               18                 0              34                   3                  0               37                  6                  4                  1                  4               11                        94
   9:15             AM                  3             25                    0                 1              28                  5              11                   2                  1               18                 1              29                   2                  0               32                  2                  7                  1                  2               10                        88
   9:30             AM                  3             17                    0                 2              20                  6                4                  1                  2               11                 1              24                   1                  4               26                  1                  3                  1                  2                  5                      62
   9:45             AM                  0             22                    1                 1              23                  7                8                  1                  0               16                 0              22                   3                  1               25                  2                  5                  0                  1                  7                      71
 11:00               AM                 0               0                   0                 0                0                 0                0                  0                  0                 0                0                0                  0                  0                 0                 0                  0                  0                  0                  0                        0
 11:15               AM                 0               0                   0                 0                0                 0                0                  0                  0                 0                0                0                  0                  0                 0                 0                  0                  0                  0                  0                        0
 11:30               AM                 0               0                   0                 0                0                 0                0                  0                  0                 0                0                0                  0                  0                 0                 0                  0                  0                  0                  0                        0
 11:45               AM                 0               0                   0                 0                0                 0                0                  0                  0                 0                0                0                  0                  0                 0                 0                  0                  0                  0                  0                        0
 12:00                 PM               0               0                   0                 0                0                 0                0                  0                  0                 0                0                0                  0                  0                 0                 0                  0                  0                  0                  0                        0
 12:15                 PM               0               0                   0                 0                0                 0                0                  0                  0                 0                0                0                  0                  0                 0                 0                  0                  0                  0                  0                        0
 12:30                 PM               0               0                   0                 0                0                 0                0                  0                  0                 0                0                0                  0                  0                 0                 0                  0                  0                  0                  0                        0
 12:45                 PM               0               0                   0                 0                0                 0                0                  0                  0                 0                0                0                  0                  0                 0                 0                  0                  0                  0                  0                        0
   1:00              PM                 0               0                   0                 0                0                 0                0                  0                  0                 0                0                0                  0                  0                 0                 0                  0                  0                  0                  0                        0
   1:15              PM                 0               0                   0                 0                0                 0                0                  0                  0                 0                0                0                  0                  0                 0                 0                  0                  0                  0                  0                        0
   1:30              PM                 0               0                   0                 0                0                 0                0                  0                  0                 0                0                0                  0                  0                 0                 0                  0                  0                  0                  0                        0
   1:45              PM                 0               0                   0                 0                0                 0                0                  0                  0                 0                0                0                  0                  0                 0                 0                  0                  0                  0                  0                        0
   4:00              PM                 1             38                    1                 0              40                  7                3                  2                  0               12                 0              33                   1                  1               34                  0                  0                  1                  0                  1                      87
   4:15              PM                 0             19                    1                 1              20                  5                3                  2                  1               10                 2              25                   2                  2               29                  1                  0                  0                  0                  1                      60
   4:30              PM                 0             19                    0                 0              19                  0                3                  0                  0                 3                0              25                   0                  0               25                  1                  3                  3                  0                  7                      54
   4:45              PM                 1             32                    0                 1              33                  1                2                  0                  0                 3                0              15                   1                  0               16                  3                  2                  0                  2                  5                      57
   5:00              PM                 0             37                    0                 2              37                  3                2                  1                  0                 6                0              28                   0                  0               28                  0                  5                  0                  0                  5                      76
   5:15              PM                 0             38                    0                 1              38                  0                3                  3                  0                 6                1              33                   2                  2               36                  2                  2                  1                  0                  5                      85
   5:30              PM                 0             24                    1                 0              25                  0                2                  0                  0                 2                0              26                   0                  2               26                  0                  7                  1                  1                  8                      61
   5:45              PM                 0             28                    0                 0              28                  0                2                  1                  0                 3                0              25                   1                  0               26                  4                  4                  1                  1                  9                      66
   6:00              PM                 0             19                    1                 0              20                  1                4                  2                  0                 7                1              27                   2                  0               30                  1                  6                  1                  0                  8                      65
   6:15              PM                 0             21                    0                 0              21                  0                5                  0                  0                 5                1              32                   2                  1               35                  1                  4                  0                  1                  5                      66
   6:30              PM                 1             31                    0                 0              32                  1                5                  1                  0                 7                0              16                   0                  0               16                  3                  2                  1                  0                  6                      61
   6:45              PM                 1             22                    0                 2              23                  0                3                  0                  0                 3                1              24                   1                  0               26                  1                  4                  0                  1                  5                      57
         Total                        15            582                     9               17             606                 66            108                   23                   8             197                  9           676                   35                 27              720                 42              100                   14                 31              156                    1679
      App             %              2.5           96.0                 1.5               2.8                              33.5              54.8               11.7                4.1                                 1.2            93.9                 4.9               3.8                                26.9              64.1                  9.0              19.9
     Total              %            0.9           34.7                 0.5               1.0             36.1                3.9              6.4                1.4               0.5              11.7               0.5            40.3                 2.1               1.6             42.9                 2.5               6.0                 0.8                1.8               9.3
  INT            ID                                                      ROAD 1                                                                                                  ROAD 2                                                          ROAD 3                                ROAD 4                                  COMMUNITY                                                      TMC DATE
      177                              FESSENDEN STREET                                                                    NW                                46TH STREET                                              NW                                                                                                                                -                                      6/21/2016
                             TRUCKS
                             NB                                                                                         EB                                                                                        SB                                                                                         WB
       Start                  Left           Thru              Right                 Ped                  NB             Left          Thru              Right                Ped                  EB             Left           Thru               Right                 Ped                  SB               Left             Thru              Right                   Ped                     WB              Interval
     Time                                                                                             Total                                                                                     Total                                                                                      Total                                                                                                Total                 Total
7:00             AM               0               0                   0                  0                   0               0               0                 0                   0                  0                0               1                   0                  4                  1                  0                  0                 0                      4                     0                      1
7:15             AM               0               0                   0                  1                   0               0               0                 0                   0                  0                0               1                   0                  1                  1                  0                  0                 0                      1                     0                      1
7:30             AM               0               0                   0                  0                   0               0               0                 0                   1                  0                0               2                   0                  1                  2                  0                  0                 0                      1                     0                      2
7:45             AM               0               0                   0                  1                   0               0               0                 0                   1                  0                0               1                   0                  3                  1                  0                  0                 0                      3                     0                      1
8:00             AM               0               0                   0                  1                   0               0               0                 1                   0                  1                0               1                   0                  0                  1                  0                  0                 0                      1                     0                      2
8:15             AM               0               0                   0                  1                   0               0               0                 0                   0                  0                0               0                   0                  1                  0                  1                  0                 0                      3                     1                      1
8:30             AM               0               0                   0                  1                   0               0               0                 0                   0                  0                0               0                   0                  3                  0                  0                  0                 0                      1                     0                      0
8:45             AM               0               0                   0                  1                   0               0               0                 0                   1                  0                0               0                   0                  1                  0                  0                  0                 0                      2                     0                      0
9:00             AM               0               0                   0                  0                   0               0               0                 0                   1                  0                0               3                   0                  0                  3                  0                  0                 0                      4                     0                      3
9:15             AM               0               0                   0                  1                   0               0               0                 1                   1                  1                0               0                   0                  0                  0                  0                  0                 0                      2                     0                      1
9:30             AM               0               0                   0                  2                   0               0               0                 0                   2                  0                0               1                   0                  4                  1                  0                  0                 0                      2                     0                      1
9:45             AM               0               0                   0                  1                   0               0               0                 0                   0                  0                0               0                   0                  1                  0                  0                  0                 0                      1                     0                      0
     11:00                        0               0                   0                  0                   0               0               0                 0                   0                  0                0               0                   0                  0                  0                  0                  0                 0                      0                     0                      0
         AM
     11:15                        0               0                   0                  0                   0               0               0                 0                   0                  0                0               0                   0                  0                  0                  0                  0                 0                      0                     0                      0
         AM
     11:30                        0               0                   0                  0                   0               0               0                 0                   0                  0                0               0                   0                  0                  0                  0                  0                 0                      0                     0                      0
         AM
     11:45                        0               0                   0                  0                   0               0               0                 0                   0                  0                0               0                   0                  0                  0                  0                  0                 0                      0                     0                      0
         AM
    12:00                         0               0                   0                  0                   0               0               0                 0                   0                  0                0               0                   0                  0                  0                  0                  0                 0                      0                     0                      0
         PM
    12:15                         0               0                   0                  0                   0               0               0                 0                   0                  0                0               0                   0                  0                  0                  0                  0                 0                      0                     0                      0
         PM
    12:30                         0               0                   0                  0                   0               0               0                 0                   0                  0                0               0                   0                  0                  0                  0                  0                 0                      0                     0                      0
         PM
    12:45                         0               0                   0                  0                   0               0               0                 0                   0                  0                0               0                   0                  0                  0                  0                  0                 0                      0                     0                      0
         PM
1:00             PM               0               0                   0                  0                   0               0               0                 0                   0                  0                0               0                   0                  0                  0                  0                  0                 0                      0                     0                      0
1:15             PM               0               0                   0                  0                   0               0               0                 0                   0                  0                0               0                   0                  0                  0                  0                  0                 0                      0                     0                      0
1:30             PM               0               0                   0                  0                   0               0               0                 0                   0                  0                0               0                   0                  0                  0                  0                  0                 0                      0                     0                      0
1:45             PM               0               0                   0                  0                   0               0               0                 0                   0                  0                0               0                   0                  0                  0                  0                  0                 0                      0                     0                      0
4:00             PM               0               1                   0                  0                   1               0               0                 0                   0                  0                0               0                   0                  1                  0                  0                  0                 0                      0                     0                      1
4:15             PM               0               0                   0                  1                   0               0               0                 0                   1                  0                0               0                   0                  2                  0                  1                  0                 0                      0                     1                      1
4:30             PM               0               0                   0                  0                   0               0               0                 0                   0                  0                0               0                   0                  0                  0                  0                  0                 0                      0                     0                      0
4:45             PM               0               1                   0                  1                   1               0               0                 0                   0                  0                0               0                   0                  0                  0                  0                  0                 0                      2                     0                      1
5:00             PM               0               0                   0                  2                   0               0               0                 0                   0                  0                0               0                   0                  0                  0                  0                  0                 0                      0                     0                      0
5:15             PM               0               0                   0                  1                   0               0               0                 0                   0                  0                0               0                   0                  2                  0                  0                  0                 0                      0                     0                      0
5:30             PM               0               0                   0                  0                   0               0               0                 0                   0                  0                0               0                   0                  2                  0                  0                  0                 0                      1                     0                      0
5:45             PM               0               0                   0                  0                   0               0               0                 0                   0                  0                0               0                   0                  0                  0                  0                  0                 0                      1                     0                      0
6:00             PM               0               0                   0                  0                   0               0               0                 0                   0                  0                0               1                   0                  0                  1                  0                  0                 0                      0                     0                      1
6:15             PM               0               0                   0                  0                   0               0               0                 0                   0                  0                0               0                   0                  1                  0                  0                  0                 0                      1                     0                      0
6:30             PM               0               0                   0                  0                   0               0               0                 0                   0                  0                0               0                   0                  0                  0                  0                  0                 0                      0                     0                      0
6:45             PM               0               0                   0                  2                   0               0               0                 0                   0                  0                0               0                   0                  0                  0                  0                  0                 0                      1                     0                      0
      Total                       0               2                   0                17                    2               0               0                 2                   8                  2                0              11                   0                27                 11                   2                  0                 0                    31                      2                   17
   App             %          0.0          100.0                   0.0            850.0                                   0.0             0.0           100.0400.0                                                 0.0          100.0                   0.0            245.5                                 100.0                 0.0                0.0            1,550.0
  Total              %        0.0            11.8                  0.0            100.0                 11.8              0.0             0.0             11.8                47.1               11.8              0.0            64.7                  0.0            158.8                64.7               11.8                0.0                0.0               182.4                    11.8
  INT            ID                                                      ROAD 1                                                                                                  ROAD 2                                                          ROAD 3                                ROAD 4                                  COMMUNITY                                                      TMC DATE
      177                              FESSENDEN STREET                                                                    NW                                46TH STREET                                              NW                                                                                                                                -                                      6/21/2016
