                                                                               Turning                                      Movement                                                     Count                                Report                                   -      Cars                         &           Trucks
    INT            ID                                    ROAD 1                                                                                 ROAD 2                                                               ROAD 3                                      ROAD 4                                          COMMUNITY                                                               TMC DATE
        181                                 V       STREET                            NW                                      8TH STREET                                          NW                                                                                                                                                     -                                                  6/9/2016
                                   CARS
                                   NB                                                                                       EB                                                                                       SB                                                                                         WB
          Start                     Left            Thru              Right               Ped                NB               Left           Thru              Right               Ped                EB               Left           Thru               Right               Ped                 SB               Left             Thru               Right                Ped                WB                Interval
        Time                                                                                              Total                                                                                    Total                                                                                      Total                                                                                         Total                    Total
   7:00             AM                   0               4                   4                 1                8                 0               7                   1                 0                8                 0                3                  1                  2                 4                 1                19                   1                  0                21                       41
   7:15             AM                   0               1                   6                 1                7                 2             12                    0                 1              14                  1              11                   4                  8               16                  7                64                   4                  6                75                     112
   7:30             AM                   2               3                   3                 1                8                 3               4                   1                 8                8                 1                4                 11                  6               16                  7                49                   3                  1                59                       91
   7:45             AM                   0               5                   4                 0                9                 6              11                   0                 0              17                  3              13                  11                11                27                  6                56                   4                  8                66                     119
   8:00             AM                   4             14                    1                 7              19                  4               3                   3                 2              10                  1              15                 19                 11                35                14                 52                   5                  3                71                     135
   8:15             AM                   2               6                   4                 4              12                  2               6                   1                 5                9                 3              11                 19                 14                33                  8                72                   4                  6                84                     138
   8:30             AM                   2               4                   8                 4              14                  1             10                    1                 1              12                  1                9                18                 16                28                  6                60                   1                  2                67                     121
   8:45             AM                   3               9                   5                 0              17                  1              11                   5                 3              17                  1              14                   9                15                24                  5                57                   4                  7                66                     124
   9:00             AM                   3               6                10                   1              19                  1              11                   2                 0              14                  2              11                 19                   9               32                 11                61                   5                  2                77                     142
   9:15             AM                   2               1                   4                 2                7                 0               5                   1                 3                6                 2                8                  9                13                19                  3                45                   3                  1                51                       83
   9:30             AM                   5               4                   2                 1              11                  3               5                   0                 2                8                 4                5                  6                14                15                  4                44                   2                  5                50                       84
   9:45             AM                   5               3                   6                 1              14                  2             12                    0                 2              14                  0                4                  7                  5               11                  5                49                   7                  0                61                     100
 11:00               AM                  7               2                   2                 0              11                  2               7                   2                 2               11                 0                2                  5                  6                 7                 6                35                   1                  0                42                       71
 11:15               AM                  3               7                   2                 1              12                  1               7                   1                 7                9                 1                1                  3                  6                 5                 3                37                   2                  1                42                       68
 11:30               AM                  3               6                   7                 5              16                  1              11                   5                 6              17                  0                4                  3                  7                 7                 3                42                   3                  7                48                       88
 11:45               AM                  6               2                   7                 4              15                  2             12                    2                 3              16                  0                2                  4                  9                 6                 1                35                   4                  1                40                       77
 12:00                 PM                3               3                   5                 2              11                  1               8                   3                 9              12                  2                5                  6                12                13                  3                37                   1                  4                41                       77
 12:15                 PM                2               2                   3                 7                7                 3             14                    2                 8              19                  3                6                  3                  5               12                  2                27                   2                12                 31                       69
 12:30                 PM                4               5                   6                 0              15                  1             13                    1                 6              15                  2                5                  6                15                13                  6                47                   1                  2                54                       97
 12:45                 PM                6               2                   1                 2                9                 2             13                    2                 5              17                  4                4                  6                  9               14                  1                22                   6                12                 29                       69
   1:00              PM                  3               2                   6                 5              11                  8               9                   1                 3              18                  4                2                  4                  6               10                  7                42                   6                  5                55                       94
   1:15              PM                  3               3                   3                 3                9                 2              11                   5                 5              18                  4                4                  4                16                12                  3                30                   2                  4                35                       74
   1:30              PM                  4               3                   1                 4                8                 3             14                    0                 8              17                  4                1                  1                  4                 6                 2                46                   2                  9                50                       81
   1:45              PM                  2               7                   4                 4              13                  2             13                    0                 3              15                  5                5                  2                  8               12                  1                32                   2                  4                35                       75
   4:00              PM                  1               3                11                   7              15                  3               9                   3                 1              15                  6                3                  6                  7               15                  5                63                   3                  2                71                     116
   4:15              PM                  4               6                11                   2              21                  1             13                    3                 2              17                  6                7                  4                  4               17                  0                59                   4                 11                63                     118
   4:30              PM                  5               6                   8                 4              19                  1             25                    2                 4              28                  2                2                  9                  5               13                  6                49                   1                  5                56                     116
   4:45              PM                  3              11                10                   8              24                  2             14                    4                 1              20                  2                5                  5                18                12                  2                65                   3                  5                70                     126
   5:00              PM                  6             10                 11                   3              27                  2             23                    1                 3              26                  2                9                  4                20                15                  7                63                   2                  3                72                     140
   5:15              PM                  3               8                17                   6              28                  5             20                    4                 4              29                  5              12                   8                13                25                  4                48                   1                  5                53                     135
   5:30              PM                  9               8                18                   5              35                  3             28                    9                 3              40                  2                6                  5                16                13                  5                48                   4                  0                57                     145
   5:45              PM                  4              11                13                   5              28                  7             18                    4                 1              29                  0                9                  4                19                13                  5                55                   6                  4                66                     136
   6:00              PM                  9               7                   6                 7              22                  3             15                    3                 5              21                  3              11                   2                22                16                  8                52                   0                  4                60                     119
   6:15              PM                  8               5                   9                 2              22                  1             19                    5               12               25                  3                6                  4                26                13                  4                60                   5                 11                69                     129
   6:30              PM                  7               8                17                13                32                  5             18                    6                 8              29                  2                4                  4                18                10                16                 52                   5                  3                73                     144
   6:45              PM                  8             12                 11                   3              31                  9             16                    4                 4              29                  2              10                   6                44                18                  6                55                   3                 11                64                     142
         Total                      141              199                246               125               586                 95            447                   87              140              629                 83            233                 241                439               557               183              1729                  112               166             2024                      3796
      App             %            24.1             34.0               42.0              21.3                               15.1             71.1               13.8              22.3                               14.9              41.8               43.3              78.8                                   9.0             85.4                   5.5               8.2
     Total              %            3.7              5.2                6.5               3.3             15.4               2.5            11.8                 2.3               3.7             16.6                2.2              6.1                6.3              11.6             14.7                 4.8             45.5                   3.0               4.4             53.3
    INT            ID                                    ROAD 1                                                                                 ROAD 2                                                               ROAD 3                                      ROAD 4                                          COMMUNITY                                                               TMC DATE
        181                                 V       STREET                            NW                                      8TH STREET                                          NW                                                                                                                                                     -                                                  6/9/2016
                    TRUCKS
                    NB                                                                                              EB                                                                                               SB                                                                                                  WB
  Start             Left           Thru              Right                   Ped                      NB             Left           Thru             Right                    Ped                     EB             Left           Thru              Right                     Ped                        SB              Left            Thru             Right                Ped                  WB             Interval
 Time                                                                                             Total                                                                                            Total                                                                                               Total                                                                                       Total                 Total
  7:00                  1                0                 0                      1                     1                0                0                 0                      0                     0               0                0                 0                        2                        0                0                1                 0                   0                  1                     2
    AM
  7:15                  0                1                 0                      1                     1                1                0                 0                      1                     1               0                0                 0                        8                        0                0                1                 0                   6                  1                     3
    AM
  7:30                  0                0                 1                      1                     1                0                0                 0                      8                     0               0                1                 0                        6                        1                0                6                 0                   1                  6                     8
    AM
  7:45                  0                0                 0                      0                     0                0                1                 0                      0                     1               0                0                 1                      11                         1                0                2                 0                   8                  2                     4
    AM
  8:00                  0                0                 0                      7                     0                0                0                 0                      2                     0               0                0                 0                      11                         0                0                1                 0                   3                  1                     1
    AM
  8:15                  0                0                 0                      4                     0                0                0                 0                      5                     0               0                0                 0                      14                         0                0                2                 0                   6                  2                     2
    AM
  8:30                  0                0                 0                      4                     0                0                0                 0                      1                     0               0                0                 0                      16                         0                0                2                 0                   2                  2                     2
    AM
  8:45                  0                0                 0                      0                     0                0                0                 0                      3                     0               0                0                 0                      15                         0                0                0                 0                   7                  0                     0
    AM
  9:00                  0                0                 0                      1                     0                0                0                 0                      0                     0               0                0                 0                        9                        0                0                1                 0                   2                  1                     1
    AM
  9:15                  0                0                 0                      2                     0                0                2                 0                      3                     2               0                0                 0                      13                         0                0                2                 1                   1                  3                     5
    AM
  9:30                  0                0                 0                      1                     0                0                0                 0                      2                     0               1                0                 0                      14                         1                0                1                 0                   5                  1                     2
    AM
  9:45                  0                0                 0                      1                     0                0                1                 1                      2                     2               0                0                 0                        5                        0                0                1                 0                   0                  1                     3
    AM
11:00                   0                0                 2                      0                     2                0                0                 0                      2                     0               0                0                 0                        6                        0                0                0                 0                   0                  0                     2
    AM
11:15                   0                0                 1                      1                     1                0                0                 0                      7                     0               0                0                 0                        6                        0                0                1                 0                   1                  1                     2
    AM
11:30                   0                0                 0                      5                     0                0                1                 0                      6                     1               0                0                 0                        7                        0                0                2                 0                   7                  2                     3
    AM
11:45                   0                1                 0                      4                     1                0                1                 0                      3                     1               0                0                 0                        9                        0                0                0                 0                   1                  0                     2
    AM
12:00                   0                0                 0                      2                     0                0                1                 0                      9                     1               0                0                 0                      12                         0                0                1                 0                   4                  1                     2
    PM
12:15                   0                0                 0                      7                     0                0                0                 0                      8                     0               0                0                 0                        5                        0                0                0                 0                 12                   0                     0
    PM
12:30                   1                0                 0                      0                     1                0                0                 0                      6                     0               0                0                 0                      15                         0                0                0                 0                   2                  0                     1
    PM
12:45                   0                0                 1                      2                     1                0                0                 1                      5                     1               0                0                 0                        9                        0                0                3                 0                 12                   3                     5
    PM
  1:00                  0                0                 0                      5                     0                0                0                 0                      3                     0               0                0                 0                        6                        0                0                2                 0                   5                  2                     2
    PM
  1:15                  0                0                 1                      3                     1                0                1                 0                      5                     1               0                0                 0                      16                         0                0                2                 0                   4                  2                     4
    PM
  1:30                  0                1                 0                      4                     1                0                0                 0                      8                     0               0                0                 0                        4                        0                0                1                 0                   9                  1                     2
    PM
  1:45                  0                0                 0                      4                     0                0                0                 0                      3                     0               0                0                 0                        8                        0                0                1                 0                   4                  1                     1
    PM
  4:00                  0                0                 0                      7                     0                0                0                 0                      1                     0               0                0                 0                        7                        0                0                1                 0                   2                  1                     1
    PM
  4:15                  0                0                 0                      2                     0                0                0                 0                      2                     0               0                0                 0                        4                        0                0                0                 0                 11                   0                     0
    PM
  4:30                  0                0                 0                      4                     0                0                0                 0                      4                     0               0                0                 0                        5                        0                1                2                 0                   5                  3                     3
    PM
  4:45                  0                0                 0                      8                     0                0                0                 0                      1                     0               0                0                 0                      18                         0                0                0                 1                   5                  1                     1
    PM
  5:00                  0                0                 0                      3                     0                0                0                 0                      3                     0               0                0                 0                      20                         0                0                1                 0                   3                  1                     1
    PM
  5:15                  0                0                 0                      6                     0                0                1                 0                      4                     1               0                0                 0                      13                         0                0                2                 0                   5                  2                     3
    PM
  5:30                  0                0                 0                      5                     0                0                0                 0                      3                     0               0                0                 0                      16                         0                0                0                 1                   0                  1                     1
    PM
  5:45                  0                0                 0                      5                     0                0                0                 0                      1                     0               0                0                 0                      19                         0                0                1                 0                   4                  1                     1
    PM
  6:00                  0                0                 0                      7                     0                0                0                 0                      5                     0               0                0                 0                      22                         0                0                0                 0                   4                  0                     0
    PM
  6:15                  0                0                 0                      2                     0                0                0                 0                   12                       0               0                0                 0                      26                         0                0                0                 0                 11                   0                     0
    PM
  6:30                  0                0                 0                    13                      0                1                0                 0                      8                     1               0                0                 0                      18                         0                0                1                 0                   3                  1                     2
    PM
  6:45                  0                0                 0                      3                     0                0                1                 0                      4                     1               0                0                 0                      44                         0                0                2                 0                 11                   2                     3
    PM
 Total                  2                3                 6                  125                     11                 2             10                   2                 140                      14                1                1                 1                    439                          3                1              43                  3              166                   47                    75
   App             18.227.3                           54.5             1,136.4                                      14.371.4                          14.3              1,000.0                                     33.333.3                           33.3             14,633.3                                            2.1           91.5                 6.4            353.2
      %
 Total                2.7            4.0                8.0               166.7                    14.7               2.7           13.3                 2.7               186.7                   18.7                1.3            1.3                1.3                 585.3                        4.0               1.3           57.3                 4.0            221.3                62.7
      %
    INT            ID                                    ROAD 1                                                                                 ROAD 2                                                               ROAD 3                                      ROAD 4                                          COMMUNITY                                                               TMC DATE
        181                                 V       STREET                            NW                                      8TH STREET                                          NW                                                                                                                                                     -                                                  6/9/2016
