                                                                               Turning                                      Movement                                                     Count                                Report                                   -      Cars                         &           Trucks
    INT            ID                                    ROAD 1                                                                                 ROAD 2                                                               ROAD 3                                      ROAD 4                                          COMMUNITY                                                               TMC DATE
        183                                 H STREET                                  NW                                      7TH STREET                                          NW                                                                                                                                                     -                                                7/28/2016
                                  CARS
                                  NB                                                                                       EB                                                                                        SB                                                                                          WB
         Start                     Left          Thru             Right                 Ped                  NB             Left          Thru              Right                Ped                  EB             Left           Thru              Right                 Ped                   SB               Left            Thru              Right                 Ped                  WB               Interval
        Time                                                                                             Total                                                                                     Total                                                                                      Total                                                                                          Total                    Total
  7:00             AM                  1             82                  3              124                  86                 0             53                  0                84                  53                0             56                    0                 48                 56                   1              57                    0                 69                 58                     253
  7:15             AM                  0          102                    1              129                103                  0             69                  1                70                  70                0             45                    1                 55                 46                   0              70                    1               104                  71                     290
  7:30             AM                  0             88                  1              122                  89                 0             74                  2                76                  76                0             57                    0                 41                 57                   0              88                    1                 63                 89                     311
  7:45             AM                  0             92                  2              163                  94                 2             59                  0                76                  61                0             67                    0                 58                 67                   0              78                    0               100                  78                     300
  8:00             AM                  0             94                  3              183                  97                 1             86                  0                94                  87                0             55                    4                 53                 59                   0             115                    0               106                 115                     358
  8:15             AM                  0             81                  0              236                  81                 1             73                  0              168                   74                0             66                    0                 68                 66                   0              91                    0               110                  91                     312
  8:30             AM                  0             92                  0              199                  92                 0             67                  0              138                   67                0             65                    0                 72                 65                   0            123                     0               132                123                      347
  8:45             AM                  0          113                    3              213                116                  0             90                  0               119                  90                0             62                    0                 55                 62                   0             119                    1                 91               120                      388
  9:00             AM                  0          108                    1              236                109                  0             89                  0               118                  89                0             85                    1                 70                 86                   0             113                    1               125                 114                     398
  9:15             AM                  0          135                    1              193                136                  0             68                  3              136                   71                0             98                    0                 62                 98                   0             118                    1               118                 119                     424
  9:30             AM                  0             89                  1              198                  90                 0             68                  2                95                  70                1             59                    0                 44                 60                   0              84                    3               108                  87                     307
  9:45             AM                  0             92                  1              166                  93                 0             72                  0                91                  72                0             57                    0                 43                 57                   0              78                    3                 85                 81                     303
 11:00               AM                0          123                    5              135                128                  0             71                  0                71                  71                2             73                    1                 61                 76                   0              52                    5                 98                 57                     332
 11:15               AM                1          108                    3              109                112                  0             72                  0                74                  72                0             52                    0                 75                 52                   0              86                    5                 96                 91                     327
 11:30               AM                0             87                  7              180                  94                 1             66                  0              123                   67                0             64                    0               101                  64                   0              80                    2               108                  82                     307
 11:45               AM                0          101                    5              185                106                  1             58                  2              137                   61                2             50                    0               105                  52                   2              64                    0               147                  66                     285
12:00                 PM               1             95                  3              249                  99                 1             78                  3              173                   82                0             59                    0               132                  59                   0              59                    4               207                  63                     303
12:15                 PM               0             99                  3              218                102                  0             59                  0              214                   59                2             75                    0               118                  77                   0              66                    0               159                  66                     304
12:30                 PM               0          126                    1              274                127                  0             81                  1              128                   82                0             72                    1               176                  73                   0              63                    3               222                  66                     348
12:45                 PM               0          100                    7              254                107                  0             70                  2              163                   72                0             73                    0                 94                 73                   0              77                    1               108                  78                     330
  1:00              PM                 0          123                    3              212                126                  1             91                  2              161                   94                2             83                    2               166                  87                   0              60                    3               156                  63                     370
  1:15              PM                 1             69                  3              203                  73                 2             84                  2              153                   88                0             51                    0               149                  51                   1              49                    1               171                  51                     263
  1:30              PM                 0             97                  3              263                100                  1             85                  0              174                   86                0             77                    2                 84                 79                   0              67                    2               114                  69                     334
  1:45              PM                 1             60                  2              192                  63                 0             93                  0              157                   93                1             65                    2               120                  68                   0              64                    4               114                  68                     292
  4:00              PM                 0          124                    6              255                130                  0           120                   1              148                 121                 0             84                    3                 91                 87                   0              82                    2               131                  84                     422
  4:15              PM                 0          115                    6              249                121                  2             69                  0              187                   71                0             77                    1               104                  78                   0              71                    1               134                  72                     342
  4:30              PM                 1          123                    5              260                129                  0             69                  0              189                   69                0             59                    0                 79                 59                   0              60                    0                 95                 60                     317
  4:45              PM                 1          173                    3              270                177                  1             69                  2              183                   72                0             47                    1                 89                 48                   0              89                    1               101                  90                     387
  5:00              PM                 1          163                    7              295                171                  0           110                   1              249                 111                 0             84                    2               135                  86                   0              81                    1               140                  82                     450
  5:15              PM                 0          144                    3              250                147                  0           124                   0              201                 124                 0             68                    0               104                  68                   0              70                    1               157                  71                     410
  5:30              PM                 0          162                    5              280                167                  1           170                   0              218                 171                 1             85                    2                 94                 88                   0              76                    1               139                  77                     503
  5:45              PM                 0          180                    6              326                186                  2           106                   0              266                 108                 1             78                    3               107                  82                   1              81                    1               138                  83                     459
  6:00              PM                 1          181                    4              286                186                  0           119                   0              213                 119                 0             52                    2               115                  54                   0              69                    0               200                  69                     428
  6:15              PM                 0          138                    4              264                142                  1           117                   0              147                 118                 1             55                    3               116                  59                   0              69                    2               192                  71                     390
  6:30              PM                 1          148                    7              230                156                  0           147                   0              207                 147                 0             65                    2               101                  67                   0              61                    1               173                  62                     432
  6:45              PM                 0          118                    4              237                122                  1             99                  0              202                 100                 0             44                    2               112                  46                   0              53                    4               154                  57                     325
        Total                        10         4125                122               7838               4257                 19          3095                  24             5403               3138                 13          2364                    35             3297                2412                     5          2783                    56              4665               2844                  12651
      App             %            0.2           96.9                 2.9            184.1                                   0.6          98.6                 0.8            172.2                                   0.5           98.0                 1.5             136.7                                      0.2            97.9                 2.0             164.0
    Total              %           0.1           32.6                 1.0              62.0               33.6               0.2          24.5                 0.2              42.7               24.8               0.1           18.7                 0.3               26.1                19.1                 0.0            22.0                 0.4               36.9                22.5
    INT            ID                                    ROAD 1                                                                                 ROAD 2                                                               ROAD 3                                      ROAD 4                                          COMMUNITY                                                               TMC DATE
        183                                 H STREET                                  NW                                      7TH STREET                                          NW                                                                                                                                                     -                                                7/28/2016
                    TRUCKS
                    NB                                                                                             EB                                                                                              SB                                                                                             WB
  Start             Left           Thru             Right                   Ped                      NB             Left          Thru              Right                   Ped                      EB             Left          Thru             Right                    Ped                     SB              Left           Thru              Right                   Ped                     WB              Interval
 Time                                                                                            Total                                                                                           Total                                                                                          Total                                                                                             Total                 Total
  7:00                  0               7                 0                  124                        7               0             10                  0                    84                    10                 0               3                 0                   48                      3                 0              12                  0                    69                    12                     32
    AM
  7:15                  0               6                 0                  129                        6               0               8                 0                    70                      8                0               5                 0                   55                      5                 0              14                  0                  104                     14                     33
    AM
  7:30                  0               9                 0                  122                        9               0               8                 0                    76                      8                0               3                 0                   41                      3                 0                9                 1                    63                    10                     30
    AM
  7:45                  0               8                 1                  163                        9               0             15                  0                    76                    15                 0               2                 0                   58                      2                 0              13                  0                  100                     13                     39
    AM
  8:00                  0               9                 0                  183                        9               0               7                 0                    94                      7                0               4                 0                   53                      4                 0              12                  0                  106                     12                     32
    AM
  8:15                  0               9                 0                  236                        9               0               9                 0                  168                       9                0               4                 0                   68                      4                 0              12                  0                  110                     12                     34
    AM
  8:30                  0               8                 0                  199                        8               0             10                  0                  138                     10                 0               5                 0                   72                      5                 0              15                  1                  132                     16                     39
    AM
  8:45                  0               8                 0                  213                        8               0               6                 0                  119                       6                0               4                 0                   55                      4                 0              10                  0                    91                    10                     28
    AM
  9:00                  0             12                  0                  236                      12                0               7                 0                  118                       7                0               4                 0                   70                      4                 0                9                 0                  125                       9                    32
    AM
  9:15                  0             13                  0                  193                      13                0               8                 0                  136                       8                0             12                  0                   62                    12                  0              11                  0                  118                     11                     44
    AM
  9:30                  0             11                  0                  198                      11                0               4                 0                    95                      4                0               8                 0                   44                      8                 0              10                  1                  108                     11                     34
    AM
  9:45                  0             19                  0                  166                      19                0             11                  1                    91                    12                 0               8                 0                   43                      8                 0              10                  0                    85                    10                     49
    AM
11:00                   0             10                  0                  135                      10                0               8                 0                    71                      8                0               4                 0                   61                      4                 1              11                  0                    98                    12                     34
    AM
11:15                   0               9                 0                  109                        9               0               5                 0                    74                      5                0               4                 0                   75                      4                 0                7                 0                    96                      7                    25
    AM
11:30                   0             16                  0                  180                      16                0               3                 0                  123                       3                0               4                 0                 101                       4                 0                9                 0                  108                       9                    32
    AM
11:45                   0               9                 0                  185                        9               0             10                  0                  137                     10                 0               6                 0                 105                       6                 0                5                 0                  147                       5                    30
    AM
12:00                   0             14                  0                  249                      14                0               5                 0                  173                       5                0               5                 0                 132                       5                 0                7                 0                  207                       7                    31
    PM
12:15                   0               9                 0                  218                        9               0               6                 0                  214                       6                0               2                 0                  118                      2                 0                5                 0                  159                       5                    22
    PM
12:30                   0             11                  0                  274                      11                0             10                  0                  128                     10                 0               9                 1                 176                     10                  0                8                 0                  222                       8                    39
    PM
12:45                   0             10                  0                  254                      10                0               7                 0                  163                       7                0               7                 0                   94                      7                 0                6                 0                  108                       6                    30
    PM
  1:00                  0               6                 0                  212                        6               0               4                 0                  161                       4                0               6                 0                 166                       6                 0                5                 0                  156                       5                    21
    PM
  1:15                  0               7                 0                  203                        7               0               4                 0                  153                       4                0               2                 0                 149                       2                 0                5                 0                  171                       5                    18
    PM
  1:30                  0               8                 0                  263                        8               0               8                 0                  174                       8                0               5                 0                   84                      5                 0                6                 1                  114                       7                    28
    PM
  1:45                  0               5                 0                  192                        5               0             11                  0                  157                     11                 0               5                 0                 120                       5                 0              10                  0                  114                     10                     31
    PM
  4:00                  0               7                 0                  255                        7               0             11                  0                  148                     11                 0               3                 0                   91                      3                 0                8                 0                  131                       8                    29
    PM
  4:15                  0               6                 0                  249                        6               0               2                 0                  187                       2                0               2                 0                 104                       2                 0                5                 0                  134                       5                    15
    PM
  4:30                  0               8                 0                  260                        8               0               6                 0                  189                       6                0               1                 0                   79                      1                 0                7                 0                    95                      7                    22
    PM
  4:45                  0               7                 0                  270                        7               0               4                 0                  183                       4                0               1                 0                   89                      1                 0              13                  0                  101                     13                     25
    PM
  5:00                  0               6                 0                  295                        6               0               9                 1                  249                     10                 0               8                 0                 135                       8                 0                3                 0                  140                       3                    27
    PM
  5:15                  0               8                 0                  250                        8               0               8                 0                  201                       8                0               3                 0                 104                       3                 0                6                 0                  157                       6                    25
    PM
  5:30                  0               3                 0                  280                        3               0               8                 0                  218                       8                0               4                 0                   94                      4                 0                5                 0                  139                       5                    20
    PM
  5:45                  0               4                 0                  326                        4               0               5                 0                  266                       5                0               3                 0                 107                       3                 0                4                 0                  138                       4                    16
    PM
  6:00                  0               3                 1                  286                        4               0               6                 0                  213                       6                0               1                 0                  115                      1                 0                4                 0                  200                       4                    15
    PM
  6:15                  0               4                 0                  264                        4               0               8                 0                  147                       8                0               2                 0                  116                      2                 0                3                 0                  192                       3                    17
    PM
  6:30                  0               9                 0                  230                        9               0               3                 0                  207                       3                0               0                 0                 101                       0                 0                7                 0                  173                       7                    19
    PM
  6:45                  0               5                 0                  237                        5               0             12                  0                  202                     12                 0               5                 1                  112                      6                 0                4                 0                  154                       4                    27
    PM
 Total                  0           303                   2                7838                    305                  0           266                   2                5403                    268                  0           154                   2               3297                    156                   1            290                   4                4665                    295                 1024
   App               0.0           99.3                0.7             2,569.8                                       0.0          99.3                 0.7            2,016.0                                       0.0           98.7                 1.3            2,113.5                                        0.3           98.3                 1.4            1,581.4
      %
 Total               0.0           29.6                0.2               765.4                    29.8               0.0          26.0                 0.2               527.6                    26.2              0.0           15.0                 0.2               322.0                   15.2                0.1           28.3                 0.4               455.6                    28.8
      %
    INT            ID                                    ROAD 1                                                                                 ROAD 2                                                               ROAD 3                                      ROAD 4                                          COMMUNITY                                                               TMC DATE
        183                                 H STREET                                  NW                                      7TH STREET                                          NW                                                                                                                                                     -                                                7/28/2016
