                                                                               Turning                                      Movement                                                     Count                                Report                                   -      Cars                         &           Trucks
   INT            ID                                  ROAD 1                                                                                              ROAD 2                                                                         ROAD 3                                  ROAD 4                                     COMMUNITY                                                       TMC DATE
       185                            11TH PLACE SE                                                                        SAVANNAH STREET                                                                   SE                                                                                                                                     -                                          8/2/2016
                                   CARS
                                   NB                                                                                       EB                                                                                       SB                                                                                         WB
          Start                     Left            Thru              Right               Ped                NB               Left           Thru              Right               Ped                EB               Left           Thru               Right               Ped                 SB               Left             Thru               Right                Ped                WB                Interval
        Time                                                                                              Total                                                                                    Total                                                                                      Total                                                                                        Total                     Total
   7:00             AM                   0               1                   0                 0                1                 1               6                   0                 0                7                 4                0                  0                  0                 4                 0                  7                  1                  0                  8                      20
   7:15             AM                   0               1                   0                 1                1                 2               4                   0                 0                6                 0                1                  1                  0                 2                 1                  1                  1                  2                  3                      12
   7:30             AM                   1               2                   1                 0                4                 2               4                   1                 1                7                 0                0                  2                  0                 2                 0                  2                  2                  2                  4                      17
   7:45             AM                   0               2                   0                 1                2                 1               4                   0                 2                5                 1                1                  1                  1                 3                 0                  7                  3                  3                10                       20
   8:00             AM                   1               2                   0                 0                3                 5               8                   0                 1              13                  0                0                  1                  0                 1                 0                  5                  2                  2                  7                      24
   8:15             AM                   1               4                   0                 1                5                 0               9                   1                 2              10                  0                0                  1                  0                 1                 0                  6                  1                  1                  7                      23
   8:30             AM                   0               1                   0                 0                1                 2               7                   1                 0              10                  4                2                  2                  2                 8                 0                  2                  2                  1                  4                      23
   8:45             AM                   1               2                   2                 1                5                 3               8                   1                 1              12                  3                0                  4                  1                 7                 0                  3                  0                  2                  3                      27
   9:00             AM                   1               0                   1                 0                2                 0               7                   2                 1                9                 2                1                  3                  0                 6                 0                  9                  1                  2                10                       27
   9:15             AM                   0               3                   0                 1                3                 1               2                   1                 0                4                 0                4                  3                  2                 7                 0                  6                  1                  0                  7                      21
   9:30             AM                   0               1                   0                 0                1                 0               6                   1                 1                7                 0                1                  1                  0                 2                 0                  5                  0                  1                  5                      15
   9:45             AM                   2               2                   0                 1                4                 0               7                   1                 1                8                 0                1                  0                  0                 1                 0                  5                  0                  1                  5                      18
 11:00               AM                  0               1                   0                 0                1                 0               5                   4                 1                9                 0                1                  3                  1                 4                 1                  7                  0                  1                  8                      22
 11:15               AM                  0               0                   0                 0                0                 0               6                   1                 0                7                 0                2                  0                  0                 2                 0                  5                  1                  0                  6                      15
 11:30               AM                  1               0                   1                 2                2                 2               4                   0                 3                6                 1                0                  1                  0                 2                 0                  6                  3                 11                  9                      19
 11:45               AM                  0               0                   0                 0                0                 1               6                   0                 0                7                 0                0                  2                  1                 2                 2                  5                  0                  0                  7                      16
 12:00                 PM                1               4                   0                 0                5                 1               4                   1                 0                6                 0                1                  3                  0                 4                 0                  7                  2                  0                  9                      24
 12:15                 PM                0               3                   0                 0                3                 1             10                    0                 7               11                 1                2                  1                  0                 4                 0                  7                  2                  5                  9                      27
 12:30                 PM                0               1                   0                 0                1                 2               7                   0                 1                9                 0                1                  2                  0                 3                 0                  3                  0                  0                  3                      16
 12:45                 PM                1               3                   0                 0                4                 3               5                   1                 2                9                 1                4                  1                  0                 6                 0                  9                  0                  1                  9                      28
   1:00              PM                  1               1                   3                 0                5                 2               6                   1                 0                9                 1                2                  2                  0                 5                 0                  7                  0                  1                  7                      26
   1:15              PM                  0               3                   0                 2                3                 1               5                   1                 1                7                 0                4                  1                  0                 5                 0                11                   1                  2                12                       27
   1:30              PM                  1               0                   0                 0                1                 2               6                   1                 0                9                 0                2                  3                  0                 5                 1                  5                  1                  1                  7                      22
   1:45              PM                  1               1                   0                 0                2                 0               4                   0                 0                4                 0                2                  4                  0                 6                 0                  2                  2                  1                  4                      16
   4:00              PM                  0               0                   0                 1                0                 0             12                    2                 1              14                  2                1                  2                  0                 5                 0                  8                  1                  7                  9                      28
   4:15              PM                  3               3                   0                 3                6                 0               7                   3                 1              10                  1                3                  4                  0                 8                 1                  8                  3                  2                12                       36
   4:30              PM                  1               5                   0                 0                6                 3               9                   0                 0              12                  0                3                  4                  3                 7                 0                12                   1                  4                13                       38
   4:45              PM                  1               0                   1                 0                2                 2               9                   1                 0              12                  1                1                  3                  0                 5                 0                11                   0                  6                11                       30
   5:00              PM                  1               5                   0                 3                6                 0             13                    1                 0              14                  3                9                  4                  1               16                  0                  4                  0                  3                  4                      40
   5:15              PM                  1               3                   0                 0                4                 0               6                   1                 3                7                 3                3                  2                  0                 8                 1                  9                  1                  0                11                       30
   5:30              PM                  1               1                   1                 0                3                 0               8                   3                 1               11                 0                0                  2                  1                 2                 0                16                   0                  2                16                       32
   5:45              PM                  1               2                   0                 0                3                 1               8                   0                 5                9                 4                3                  4                  0               11                  1                10                   2                  1                13                       36
   6:00              PM                  0               0                   0                 4                0                 1              11                   1                 1              13                  3                3                  0                  0                 6                 1                17                   0                  8                18                       37
   6:15              PM                  3               3                   1                 0                7                 0               7                   1                 2                8                 0                5                  2                  2                 7                 0                  5                  1                  0                  6                      28
   6:30              PM                  0               5                   0                 0                5                 2             10                    2                 3              14                  0                1                  1                  1                 2                 2                  5                  2                  2                  9                      30
   6:45              PM                  0               2                   1                 0                3                 1               4                   3                 0                8                 0                3                  2                  1                 5                 0                  7                  0                  2                  7                      23
         Total                        25               67                 12                21              104                 42            244                   37                42             323                 35               67                 72                 17              174                  11              244                  37                 77              292                       893
      App             %            24.0             64.4                11.5             20.2                               13.0             75.5                11.5             13.0                               20.1              38.5               41.4                9.8                                  3.8             83.6                12.7               26.4
     Total              %            2.8              7.5                1.3               2.4             11.6               4.7            27.3                 4.1               4.7             36.2                3.9              7.5                8.1               1.9             19.5                 1.2             27.3                  4.1                8.6             32.7
   INT            ID                                  ROAD 1                                                                                              ROAD 2                                                                         ROAD 3                                  ROAD 4                                     COMMUNITY                                                       TMC DATE
       185                            11TH PLACE SE                                                                        SAVANNAH STREET                                                                   SE                                                                                                                                     -                                          8/2/2016
                                 TRUCKS
                                 NB                                                                                        EB                                                                                             SB                                                                                     WB
         Start                    Left          Thru              Right                Ped                  NB             Left           Thru             Right                   Ped                      EB             Left           Thru             Right                Ped               SB               Left            Thru              Right                 Ped                  WB               Interval
       Time                                                                                              Total                                                                                          Total                                                                                  Total                                                                                         Total                    Total
  7:00             AM                 0               0                 0                  0                   0               0               0                 0                      0                      0               1                0                 0                 0                1                 0                0                   0                   0                   0                       1
  7:15             AM                 0               1                 0                  1                   1               0               0                 0                      0                      0               0                1                 0                 0                1                 0                0                   0                   2                   0                       2
  7:30             AM                 0               1                 0                  0                   1               0               0                 0                      1                      0               0                1                 0                 0                1                 0                0                   0                   2                   0                       2
  7:45             AM                 0               0                 0                  1                   0               0               0                 0                      2                      0               1                1                 0                 1                2                 0                0                   0                   3                   0                       2
  8:00             AM                 0               1                 0                  0                   1               0               0                 0                      1                      0               0                0                 0                 0                0                 0                0                   0                   2                   0                       1
  8:15             AM                 0               1                 0                  1                   1               0               0                 0                      2                      0               0                1                 0                 0                1                 0                0                   0                   1                   0                       2
  8:30             AM                 0               1                 0                  0                   1               0               0                 0                      0                      0               0                1                 0                 2                1                 0                0                   0                   1                   0                       2
  8:45             AM                 0               1                 0                  1                   1               0               0                 0                      1                      0               0                1                 0                 1                1                 0                0                   0                   2                   0                       2
  9:00             AM                 1               1                 0                  0                   2               0               0                 0                      1                      0               0                1                 0                 0                1                 0                0                   0                   2                   0                       3
  9:15             AM                 0               0                 0                  1                   0               0               0                 1                      0                      1               0                0                 0                 2                0                 0                0                   0                   0                   0                       1
  9:30             AM                 0               1                 0                  0                   1               0               0                 0                      1                      0               0                1                 0                 0                1                 0                0                   0                   1                   0                       2
  9:45             AM                 0               1                 0                  1                   1               0               0                 0                      1                      0               0                0                 0                 0                0                 0                0                   0                   1                   0                       1
11:00               AM                0               0                 0                  0                   0               0               0                 0                      1                      0               0                0                 0                 1                0                 0                0                   0                   1                   0                       0
11:15               AM                0               1                 0                  0                   1               0               0                 0                      0                      0               0                1                 0                 0                1                 0                0                   0                   0                   0                       2
11:30               AM                0               0                 0                  2                   0               0               0                 0                      3                      0               0                0                 0                 0                0                 0                0                   0                 11                    0                       0
11:45               AM                0               0                 0                  0                   0               0               0                 0                      0                      0               0                1                 1                 1                2                 0                0                   0                   0                   0                       2
12:00                 PM              0               0                 0                  0                   0               0               0                 0                      0                      0               0                0                 0                 0                0                 0                0                   0                   0                   0                       0
12:15                 PM              0               0                 0                  0                   0               0               0                 0                      7                      0               0                0                 0                 0                0                 0                0                   0                   5                   0                       0
12:30                 PM              0               0                 0                  0                   0               0               0                 0                      1                      0               0                0                 0                 0                0                 0                0                   0                   0                   0                       0
12:45                 PM              0               0                 0                  0                   0               0               0                 1                      2                      1               0                0                 0                 0                0                 0                0                   0                   1                   0                       1
  1:00              PM                0               0                 0                  0                   0               0               0                 0                      0                      0               0                0                 0                 0                0                 0                0                   0                   1                   0                       0
  1:15              PM                0               0                 0                  2                   0               0               0                 0                      1                      0               0                0                 0                 0                0                 0                0                   0                   2                   0                       0
  1:30              PM                0               0                 0                  0                   0               0               1                 0                      0                      1               0                0                 0                 0                0                 0                0                   0                   1                   0                       1
  1:45              PM                0               0                 0                  0                   0               0               0                 0                      0                      0               0                0                 0                 0                0                 0                0                   0                   1                   0                       0
  4:00              PM                0               0                 0                  1                   0               0               0                 0                      1                      0               0                0                 0                 0                0                 0                0                   0                   7                   0                       0
  4:15              PM                0               0                 0                  3                   0               0               0                 0                      1                      0               0                1                 0                 0                1                 0                0                   0                   2                   0                       1
  4:30              PM                0               0                 0                  0                   0               0               0                 0                      0                      0               0                1                 0                 3                1                 0                0                   0                   4                   0                       1
  4:45              PM                0               0                 0                  0                   0               0               0                 0                      0                      0               0                0                 0                 0                0                 0                0                   0                   6                   0                       0
  5:00              PM                0               0                 0                  3                   0               0               0                 0                      0                      0               0                1                 0                 1                1                 0                0                   0                   3                   0                       1
  5:15              PM                0               0                 0                  0                   0               0               0                 0                      3                      0               0                1                 0                 0                1                 0                0                   0                   0                   0                       1
  5:30              PM                0               1                 0                  0                   1               0               0                 0                      1                      0               0                0                 0                 1                0                 0                0                   0                   2                   0                       1
  5:45              PM                0               0                 0                  0                   0               0               0                 0                      5                      0               0                1                 0                 0                1                 0                0                   0                   1                   0                       1
  6:00              PM                0               0                 0                  4                   0               0               0                 0                      1                      0               0                0                 0                 0                0                 0                0                   0                   8                   0                       0
  6:15              PM                0               0                 0                  0                   0               0               0                 0                      2                      0               0                0                 0                 2                0                 0                0                   0                   0                   0                       0
  6:30              PM                0               0                 0                  0                   0               0               0                 0                      3                      0               0                0                 0                 1                0                 0                0                   0                   2                   0                       0
  6:45              PM                0               0                 0                  0                   0               0               0                 0                      0                      0               0                1                 0                 1                1                 0                0                   0                   2                   0                       1
        Total                         1             11                  0                21                  12                0               1                 2                    42                       3               2              16                  1               17               19                  0                0                   0                 77                    0                     34
     App             %             8.3          91.7                 0.0            175.0                                   0.0           33.3              66.7              1,400.0                                     10.584.2                             5.3             89.5                                 0.0               0.0               0.0                 0.0
    Total              %           2.9          32.4                 0.0              61.8               35.3               0.0             2.9               5.9               123.5                      8.8              5.9           47.1                 2.9             50.0             55.9                0.0               0.0               0.0             226.5                    0.0
   INT            ID                                  ROAD 1                                                                                              ROAD 2                                                                         ROAD 3                                  ROAD 4                                     COMMUNITY                                                       TMC DATE
       185                            11TH PLACE SE                                                                        SAVANNAH STREET                                                                   SE                                                                                                                                     -                                          8/2/2016
