                                                                               Turning                                      Movement                                                     Count                                Report                                   -      Cars                         &           Trucks
    INT            ID                                             ROAD 1                                                                                ROAD 2                                                      ROAD 3                                      ROAD 4                                           COMMUNITY                                                               TMC DATE
        188                                    51ST                   STREET                            SE                                   H STREET                                  SE                                                                                                                                                -                                                  8/4/2016
                              CARS
                              NB                                                                                        EB                                                                                         SB                                                                                          WB
        Start                  Left           Thru               Right               Ped                  NB              Left           Thru               Right               Ped                 EB               Left            Thru              Right                Ped                 SB               Left             Thru               Right                Ped                WB                 Interval
      Time                                                                                            Total                                                                                      Total                                                                                       Total                                                                                        Total                     Total
 7:00             AM                0               0                   0                 0                 0                 2                3                  2                  1                 7                 0                1                   0                 1                  1                 0                  0                  0                  0                  0                         8
 7:15             AM                0               0                   0                 0                 0                 2                8                  1                  3               11                  1                0                   0                 2                  1                 0                  0                  0                  2                  0                       12
 7:30             AM                0               0                   0                 0                 0                 1                3                  0                  1                 4                 0                1                   0                 2                  1                 0                  0                  0                  3                  0                         5
 7:45             AM                0               0                   0                 0                 0                 1                7                  3                  1               11                  0                1                   0                 3                  1                 0                  0                  0                  0                  0                       12
 8:00             AM                0               0                   0                 0                 0                 3                2                  1                  3                 6                 1                0                   0                 0                  1                 0                  0                  0                  1                  0                         7
 8:15             AM                0               0                   0                 3                 0                 3                3                  1                  0                 7                 0                0                   0                 0                  0                 0                  0                  0                  0                  0                         7
 8:30             AM                0               0                   0                 1                 0                 6                3                  5                  0               14                  0                0                   0                 0                  0                 0                  0                  0                  0                  0                       14
 8:45             AM                0               0                   0                 0                 0                 2                6                  0                  1                 8                 1                0                   0                 0                  1                 0                  0                  0                  0                  0                         9
 9:00             AM                0               0                   0                 0                 0                 1                7                  1                  3                 9                 0                2                   0                 0                  2                 0                  0                  0                  0                  0                       11
 9:15             AM                0               0                   0                 0                 0                 3                7                  1                  6               11                  0                1                   0                 1                  1                 0                  0                  0                  0                  0                       12
 9:30             AM                0               0                   0                 0                 0                 1                6                  6                  1               13                  0                2                   0                 2                  2                 0                  0                  0                  2                  0                       15
 9:45             AM                0               0                   0                 0                 0                 6                1                  5                  0               12                  0                0                   0                 0                  0                 0                  0                  0                  2                  0                       12
 4:00             PM                0               0                   0                 4                 0                 2                5                  6                  3               13                  1                3                   0                 3                  4                 0                  0                  0                  1                  0                       17
 4:15             PM                0               0                   0                 0                 0                 6                6                  8                  3               20                  1                3                   0                 3                  4                 0                  0                  0                  0                  0                       24
 4:30             PM                0               0                   0                 0                 0                 3                2                  7                  0               12                  0                0                   0                 1                  0                 0                  0                  0                  1                  0                       12
 4:45             PM                0               0                   0                 0                 0                 8              11                   8                  0               27                  2                3                   0                 0                  5                 0                  0                  0                  0                  0                       32
 5:00             PM                0               0                   0                 1                 0                 3              11                   6                  5               20                  3                3                   0                 3                  6                 0                  0                  0                  0                  0                       26
 5:15             PM                0               0                   0                 1                 0                 5                9                  8                  0               22                  0                3                   0                 6                  3                 0                  0                  0                  4                  0                       25
 5:30             PM                0               0                   0                 1                 0                 6                9                  2                  0               17                  1                1                   0                 4                  2                 0                  0                  0                  1                  0                       19
 5:45             PM                0               0                   0                 1                 0                 3              13                   0                  3               16                  0                1                   0                 1                  1                 0                  0                  0                  0                  0                       17
 6:00             PM                0               0                   0                 5                 0                 5                8                  2                  2               15                  3                6                   0                 4                  9                 0                  0                  0                  1                  0                       24
 6:15             PM                0               0                   0                 0                 0                 3                9                  4                  3               16                  0                0                   0                 0                  0                 0                  0                  0                  0                  0                       16
 6:30             PM                0               0                   0                 0                 0                 2              10                   2                  5               14                  2                1                   0               10                   3                 0                  0                  0                  1                  0                       17
 6:45             PM                0               0                   0                 8                 0                 7              10                   3                  2               20                  1                3                   0                 5                  4                 0                  0                  0                  0                  0                       24
       Total                        0               0                   0               25                  0               84             159                  82                 46              325                 17               35                    0               51                 52                  0                  0                  0                19                   0                    377
    App             %            0.0             0.0                 0.0               0.0                               25.8             48.9               25.2              14.2                                32.7              67.3                  0.0             98.1                                   0.0               0.0                 0.0                0.0
   Total              %          0.0             0.0                 0.0               6.6               0.0             22.3             42.2               21.8              12.2              86.2                4.5               9.3                 0.0             13.5              13.8                 0.0               0.0                 0.0                5.0                0.0
    INT            ID                                             ROAD 1                                                                                ROAD 2                                                      ROAD 3                                      ROAD 4                                           COMMUNITY                                                               TMC DATE
        188                                    51ST                   STREET                            SE                                   H STREET                                  SE                                                                                                                                                -                                                  8/4/2016
                             TRUCKS
                             NB                                                                                       EB                                                                                        SB                                                                                                WB
       Start                  Left          Thru             Right                 Ped                  NB             Left           Thru             Right                 Ped                  EB             Left           Thru             Right                     Ped                     SB               Left            Thru              Right                 Ped                 WB                Interval
     Time                                                                                           Total                                                                                     Total                                                                                            Total                                                                                         Total                    Total
7:00             AM               0               0                 0                  0                   0               0                0                 0                  1                   0               0                0                 0                      1                      0                 0                0                   0                  0                   0                       0
7:15             AM               0               0                 0                  0                   0               0                0                 0                  3                   0               0                0                 0                      2                      0                 0                0                   0                  2                   0                       0
7:30             AM               0               0                 0                  0                   0               0                0                 0                  1                   0               0                0                 0                      2                      0                 0                0                   0                  3                   0                       0
7:45             AM               0               0                 0                  0                   0               0                0                 0                  1                   0               0                0                 0                      3                      0                 0                0                   0                  0                   0                       0
8:00             AM               0               0                 0                  0                   0               0                0                 0                  3                   0               0                0                 0                      0                      0                 0                0                   0                  1                   0                       0
8:15             AM               0               0                 0                  3                   0               0                0                 0                  0                   0               0                0                 0                      0                      0                 0                0                   0                  0                   0                       0
8:30             AM               0               0                 0                  1                   0               0                0                 0                  0                   0               0                0                 0                      0                      0                 0                0                   0                  0                   0                       0
8:45             AM               0               0                 0                  0                   0               0                0                 0                  1                   0               0                0                 0                      0                      0                 0                0                   0                  0                   0                       0
9:00             AM               0               0                 0                  0                   0               2                0                 0                  3                   2               0                0                 0                      0                      0                 0                0                   0                  0                   0                       2
9:15             AM               0               0                 0                  0                   0               0                0                 0                  6                   0               0                0                 0                      1                      0                 0                0                   0                  0                   0                       0
9:30             AM               0               0                 0                  0                   0               1                0                 0                  1                   1               0                0                 0                      2                      0                 0                0                   0                  2                   0                       1
9:45             AM               0               0                 0                  0                   0               1                0                 0                  0                   1               0                0                 0                      0                      0                 0                0                   0                  2                   0                       1
4:00             PM               0               0                 0                  4                   0               0                0                 0                  3                   0               0                0                 0                      3                      0                 0                0                   0                  1                   0                       0
4:15             PM               0               0                 0                  0                   0               1                0                 0                  3                   1               1                0                 0                      3                      1                 0                0                   0                  0                   0                       2
4:30             PM               0               0                 0                  0                   0               0                0                 0                  0                   0               0                0                 0                      1                      0                 0                0                   0                  1                   0                       0
4:45             PM               0               0                 0                  0                   0               0                0                 0                  0                   0               0                1                 0                      0                      1                 0                0                   0                  0                   0                       1
5:00             PM               0               0                 0                  1                   0               0                2                 0                  5                   2               0                0                 0                      3                      0                 0                0                   0                  0                   0                       2
5:15             PM               0               0                 0                  1                   0               0                0                 0                  0                   0               0                0                 0                      6                      0                 0                0                   0                  4                   0                       0
5:30             PM               0               0                 0                  1                   0               0                0                 0                  0                   0               0                0                 0                      4                      0                 0                0                   0                  1                   0                       0
5:45             PM               0               0                 0                  1                   0               0                0                 0                  3                   0               0                0                 0                      1                      0                 0                0                   0                  0                   0                       0
6:00             PM               0               0                 0                  5                   0               0                0                 0                  2                   0               0                0                 0                      4                      0                 0                0                   0                  1                   0                       0
6:15             PM               0               0                 0                  0                   0               0                0                 0                  3                   0               0                0                 0                      0                      0                 0                0                   0                  0                   0                       0
6:30             PM               0               0                 0                  0                   0               0                0                 0                  5                   0               0                0                 0                    10                       0                 0                0                   0                  1                   0                       0
6:45             PM               0               0                 0                  8                   0               0                0                 0                  2                   0               0                0                 0                      5                      0                 0                0                   0                  0                   0                       0
      Total                       0               0                 0                25                    0               5                2                 0                46                    7               1                1                 0                    51                       2                 0                0                   0                19                    0                       9
   App             %          0.0             0.0                0.0                0.0                               71.428.6                             0.0            657.1                                 50.050.0                             0.0            2,550.0                                          0.0               0.0               0.0                 0.0
  Total              %        0.0             0.0                0.0            277.8                  0.0            55.622.2                             0.0            511.1                77.8             11.1             11.1                0.0                566.7                    22.2                0.0               0.0               0.0             211.1                   0.0
    INT            ID                                             ROAD 1                                                                                ROAD 2                                                      ROAD 3                                      ROAD 4                                           COMMUNITY                                                               TMC DATE
        188                                    51ST                   STREET                            SE                                   H STREET                                  SE                                                                                                                                                -                                                  8/4/2016
