                                                                               Turning                                      Movement                                                     Count                                Report                                   -      Cars                         &           Trucks
 INT            ID                               ROAD 1                                                                            ROAD 2                                                                                       ROAD 3                                                             ROAD 4                              COMMUNITY                                                TMC DATE
       19                    35TH STREET                                              NW                     PILGRIM                             ROAD NW                                           GARFIELD STREET                                                            NW                                                                               -                                 3/22/2011
                                   CARS
                                   NB                                                                                       EB                                                                                       SB                                                                                         WB
          Start                     Left            Thru              Right               Ped                NB              Left           Thru               Right               Ped                EB               Left           Thru               Right               Ped                 SB               Left             Thru               Right                Ped                WB                Interval
        Time                                                                                              Total                                                                                    Total                                                                                      Total                                                                                        Total                     Total
   7:30             AM                   0               0                   2                 5                2                0              52                   1                  2              53                  2                1                  0                  0                 3                 2                50                   0                  0                52                     110
   7:45             AM                   0               0                   0                 0                0                0              60                   0                  2              60                  0                0                  1                  5                 1                 3                47                   0                  0                50                     111
   8:00             AM                   0               0                   3                 1                3                0              62                   1                  0              63                  2                0                  2                  1                 4                 3                56                   0                  4                59                     129
   8:15             AM                   2               0                   2                 4                4                0              81                   1                  0              82                  1                1                  4                  0                 6                 4                52                   2                  2                58                     150
   8:30             AM                   0               0                   0                 2                0                0              90                   5                  1              95                  4                1                  6                  1               11                  0                55                   0                  1                55                     161
   8:45             AM                   0               0                   2                 1                2                0           103                     6                  0            109                   2                1                  4                  0                 7                 2                84                   0                  2                86                     204
   9:00             AM                   1               0                   2                 1                3                0              57                   3                  0              60                  0                0                  5                  0                 5                 1                59                   0                  1                60                     128
   9:15             AM                   2               0                   0                 0                2                0              44                   0                  0              44                  4                3                  1                  0                 8                 0                50                   0                  2                50                     104
   9:30             AM                   0               1                   1                 0                2                0              47                   1                  2              48                  0                1                  2                  0                 3                 0                54                   0                  2                54                     107
   9:45             AM                   0               0                   0                 0                0                0              35                   2                  0              37                  2                0                  3                  0                 5                 2                62                   0                  3                64                     106
 10:00                AM                 0               0                   0                 0                0                0              37                   0                  0              37                  3                0                  7                  0               10                  0                53                   0                  1                53                     100
 10:15                AM                 0               0                   1                 0                1                0              25                   1                  1              26                  0                0                  2                  0                 2                 0                39                   0                  0                39                       68
 10:30                AM                 2               0                   0                 0                2                0              35                   2                  0              37                  1                0                  7                  0                 8                 0                39                   0                  0                39                       86
 10:45                AM                 0               0                   3                 0                3                0              26                   0                  0              26                  1                0                  5                  0                 6                 1                40                   0                  0                41                       76
 11:00               AM                  0               0                   0                 0                0                0              34                   4                  0              38                  1                0                  6                  0                 7                 0                46                   0                  1                46                       91
 11:15               AM                  0               0                   1                 0                1                0              37                   0                  0              37                  2                0                  4                  0                 6                 0                41                   0                  0                41                       85
 11:30               AM                  1               0                   1                 0                2                0              33                   0                  3              33                  3                0                  1                  0                 4                 0                39                   0                  0                39                       78
 11:45               AM                  0               0                   0                 0                0                0              27                   0                  1              27                  2                0                  2                  0                 4                 1                36                   0                  4                37                       68
 12:00                 PM                1               0                   0                 0                1                0              40                   1                  0              41                  2                0                  5                  1                 7                 0                34                   0                  0                34                       83
 12:15                 PM                0               0                   1                 0                1                0              30                   0                  3              30                  4                0                  0                  2                 4                 1                37                   0                  2                38                       73
 12:30                 PM                0               0                   0                 0                0                0              32                   0                  1              32                  2                1                  6                  1                 9                 0                54                   0                  0                54                       95
 12:45                 PM                1               0                   1                 0                2                0              18                   1                  1              19                  2                0                  2                  1                 4                 1                57                   0                  3                58                       83
   1:00              PM                  1               0                   0                 0                1                0              31                   0                  0              31                  1                0                  2                  1                 3                 1                38                   0                  1                39                       74
   1:15              PM                  0               0                   0                 0                0                0              25                   1                  1              26                  1                0                  1                  2                 2                 0                59                   0                  1                59                       87
   1:30              PM                  0               1                   0                 0                1                0              32                   1                  0              33                  0                0                  4                  1                 4                 0                45                   0                  0                45                       83
   1:45              PM                  1               0                   2                 0                3                0              16                   1                  1              17                  2                0                  2                  2                 4                 2                41                   0                  1                43                       67
   2:00              PM                  0               0                   0                 0                0                0              38                   2                  0              40                  2                0                  2                  2                 4                 0                53                   0                  1                53                       97
   2:15              PM                  0               0                   1                 0                1                0              27                   0                  0              27                  0                0                  3                  6                 3                 1                31                   1                41                 33                       64
   2:30              PM                  1               0                   0                 0                1                0              26                   0                  2              26                  3                0                  2                  0                 5                 0                39                   0                  1                39                       71
   2:45              PM                  1               0                   1                 0                2                0              31                   0                  2              31                  1                0                  3                  0                 4                 0                58                   0                  1                58                       95
   3:00              PM                  0               0                   1                 0                1                0              45                   0                  1              45                  0                0                  5                  4                 5                 1                44                   0                  1                45                       96
   3:15              PM                  0               0                   1                 0                1                0              34                   0                  0              34                  6                3                  2                13                11                  0                57                   0                  2                57                     103
   3:30              PM                  0               0                   1                 0                1                0              43                   0                  8              43                  5                0                  1                  1                 6                 0                48                   0                  1                48                       98
   3:45              PM                  0               0                   2                 0                2                0              39                   0                  2              39                  0                0                  3                  2                 3                 2                50                   0                  2                52                       96
   4:00              PM                  1               0                   1                 0                2                0              42                   2                  1              44                  8                1                  4                13                13                  0                67                   0                  1                67                     126
   4:15              PM                  0               0                   0                 0                0                0              43                   0                  4              43                  3                0                  5                  0                 8                 2                53                   0                  1                55                     106
   4:30              PM                  1               0                   1                 0                2                0              31                   1                  2              32                  1                0                  1                  1                 2                 0                56                   0                  4                56                       92
   4:45              PM                  1               0                   2                 0                3                0              33                   1                  1              34                  2                1                  2                  3                 5                 0                68                   0                  1                68                     110
   5:00              PM                  1               0                   1                 0                2                0              37                   0                  1              37                  1                0                  5                  2                 6                 0                86                   0                  3                86                     131
   5:15              PM                  0               0                   0                 0                0                0              50                   0                  3              50                  4                0                  3                10                  7                 1                68                   0                  5                69                     126
   5:30              PM                  1               0                   2                 0                3                0              55                   0                  3              55                  3                1                  3                  4                 7                 0                64                   0                  3                64                     129
   5:45              PM                  1               0                   1                 0                2                0              49                   2                  2              51                  1                0                  2                  3                 3                 0                61                   0                  2                61                     117
         Total                        20                 2                37                14                59                 0         1732                    40                 51           1772                  84               15               130                  82              229                 31            2170                      3              101             2204                      4264
      App             %            33.9               3.4              62.7              23.7                                 0.0            97.7                 2.3               2.9                              36.7                6.6              56.8              35.8                                   1.4             98.5                  0.1                4.6
     Total              %            0.5              0.0                0.9               0.3               1.4              0.0            40.6                 0.9               1.2             41.6                2.0              0.4                3.0               1.9               5.4                0.7             50.9                  0.1                2.4             51.7
 INT            ID                               ROAD 1                                                                            ROAD 2                                                                                       ROAD 3                                                             ROAD 4                              COMMUNITY                                                TMC DATE
       19                    35TH STREET                                              NW                     PILGRIM                             ROAD NW                                           GARFIELD STREET                                                            NW                                                                               -                                 3/22/2011
                                           TRUCKS
                                           NB                                                                                                                   EB                                                                                                               WB
              Start                              Left                  Thru                   Right                    Ped                     NB                  Left                Thru                    Right                    Ped                     EB                   Left                   Thru                    Right                    Ped                     WB                       Interval
            Time                                                                                                                           Total                                                                                                            Total                                                                                                                 Total                           Total
       7:30             AM                           0                       0                       0                     0                     0                     0                     2                        0                     0                     2                      0                       1                         0                      0                      1                              3
       7:45             AM                           0                       0                       0                     0                     0                     0                     1                        0                     0                     1                      0                       1                         0                      0                      1                              2
       8:00             AM                           0                       0                       0                     0                     0                     0                     2                        0                     0                     2                      0                       0                         0                      0                      0                              2
       8:15             AM                           0                       0                       0                     0                     0                     0                     1                        0                     0                     1                      0                       0                         0                      0                      0                              1
       8:30             AM                           0                       0                       0                     0                     0                     0                     0                        0                     0                     0                      0                       1                         0                      0                      1                              1
       8:45             AM                           0                       0                       0                     0                     0                     0                     1                        0                     0                     1                      0                       1                         0                      0                      1                              2
       9:00             AM                           0                       0                       0                     0                     0                     0                     0                        0                     0                     0                      0                       3                         0                      0                      3                              3
       9:15             AM                           0                       0                       0                     0                     0                     0                     0                        0                     0                     0                      0                       0                         0                      0                      0                              0
       9:30             AM                           0                       0                       0                     0                     0                     0                     0                        0                     0                     0                      0                       0                         0                      0                      0                              0
       9:45             AM                           0                       0                       0                     0                     0                     0                     1                        0                     0                     1                      0                       1                         0                      0                      1                              2
     10:00                AM                         0                       0                       0                     0                     0                     0                     0                        0                     0                     0                      0                       2                         0                      1                      2                              2
     10:15                AM                         0                       0                       0                     0                     0                     0                     0                        0                     0                     0                      0                       0                         0                      0                      0                              0
     10:30                AM                         0                       0                       0                     0                     0                     0                     0                        0                     0                     0                      0                       0                         0                      0                      0                              0
     10:45                AM                         0                       0                       0                     0                     0                     0                     0                        0                     0                     0                      0                       0                         0                      0                      0                              0
     11:00               AM                          0                       0                       0                     0                     0                     0                     0                        0                     0                     0                      0                       0                         0                      0                      0                              0
     11:15               AM                          0                       0                       0                     0                     0                     0                     0                        0                     0                     0                      0                       1                         0                      0                      1                              1
     11:30               AM                          0                       0                       0                     0                     0                     0                     0                        0                     0                     0                      0                       1                         0                      0                      1                              1
     11:45               AM                          0                       0                       0                     0                     0                     0                     1                        0                     0                     1                      0                       0                         0                      0                      0                              1
     12:00                 PM                        0                       0                       0                     0                     0                     0                     0                        0                     0                     0                      0                       0                         0                      0                      0                              0
     12:15                 PM                        0                       0                       0                     0                     0                     0                     0                        0                     0                     0                      0                       0                         0                      0                      0                              0
     12:30                 PM                        0                       0                       0                     0                     0                     0                     1                        0                     0                     1                      0                       0                         0                      0                      0                              1
     12:45                 PM                        0                       0                       0                     0                     0                     0                     1                        0                     0                     1                      0                       1                         0                      0                      1                              2
       1:00              PM                          0                       0                       0                     0                     0                     0                     0                        0                     0                     0                      0                       0                         0                      0                      0                              0
       1:15              PM                          0                       0                       0                     0                     0                     0                     0                        0                     0                     0                      0                       0                         0                      0                      0                              0
       1:30              PM                          0                       0                       0                     0                     0                     0                     0                        0                     0                     0                      0                       0                         0                      0                      0                              0
       1:45              PM                          1                       0                       0                     0                     1                     0                     0                        0                     1                     0                      0                       3                         0                      0                      3                              4
       2:00              PM                          0                       0                       0                     0                     0                     0                     0                        0                     0                     0                      0                       0                         0                      0                      0                              0
       2:15              PM                          0                       0                       0                     0                     0                     0                     0                        0                     0                     0                      0                       0                         0                      0                      0                              0
       2:30              PM                          0                       0                       0                     0                     0                     0                     2                        0                     0                     2                      0                       1                         0                      0                      1                              3
       2:45              PM                          0                       0                       0                     0                     0                     0                     0                        0                     0                     0                      0                       3                         0                      0                      3                              3
       3:00              PM                          0                       0                       0                     0                     0                     0                     0                        0                     0                     0                      0                       1                         0                      0                      1                              1
       3:15              PM                          0                       0                       0                     0                     0                     0                     1                        0                     0                     1                      0                       1                         0                      0                      1                              2
       3:30              PM                          0                       0                       0                     0                     0                     0                     1                        0                     0                     1                      0                       2                         0                      0                      2                              3
       3:45              PM                          0                       0                       0                     0                     0                     0                     0                        0                     0                     0                      0                       1                         0                      0                      1                              1
       4:00              PM                          0                       0                       0                     0                     0                     0                     3                        0                     0                     3                      0                       0                         0                      0                      0                              3
       4:15              PM                          0                       0                       0                     0                     0                     0                     1                        0                     0                     1                      0                       0                         0                      0                      0                              1
       4:30              PM                          0                       0                       0                     0                     0                     0                     0                        0                     0                     0                      0                       1                         0                      0                      1                              1
       4:45              PM                          0                       0                       0                     0                     0                     0                     1                        0                     0                     1                      0                       3                         0                      0                      3                              4
       5:00              PM                          0                       0                       0                     0                     0                     0                     1                        0                     0                     1                      0                       0                         0                      0                      0                              1
       5:15              PM                          0                       0                       0                     0                     0                     0                     2                        0                     0                     2                      0                       0                         0                      0                      0                              2
       5:30              PM                          0                       0                       0                     0                     0                     0                     1                        0                     0                     1                      0                       0                         0                      0                      0                              1
       5:45              PM                          0                       0                       0                     0                     0                     0                     1                        0                     0                     1                      0                       1                         0                      0                      1                              2
             Total                                   1                       0                       0                     0                     1                     0                  25                          0                     1                   25                       0                     30                          0                      1                   30                              56
          App             %                   100.0                       0.0                     0.0                   0.0                                        0.0               100.0                         0.0                   4.0                                          0.0                100.0                          0.0                    3.3
         Total              %                     1.8                     0.0                     0.0                   0.0                   1.8                  0.0                  44.6                       0.0                   1.8                 44.6                     0.0                  53.6                         0.0                    1.8                 53.6
 INT            ID                               ROAD 1                                                                            ROAD 2                                                                                       ROAD 3                                                             ROAD 4                              COMMUNITY                                                TMC DATE
       19                    35TH STREET                                              NW                     PILGRIM                             ROAD NW                                           GARFIELD STREET                                                            NW                                                                               -                                 3/22/2011
