                                                                               Turning                                      Movement                                                     Count                                Report                                   -      Cars                         &           Trucks
 INT            ID                                              ROAD 1                                                                                                              ROAD 2                                                                        ROAD 3                            ROAD 4                              COMMUNITY                                               TMC DATE
     194                       DEVONSHIRE PLACE NW                                                                                           CONNECTICUT                                                 AVENUE NW                                                                                                                                             -                                 8/27/2016
                                   CARS
                                   NB                                                                                      EB                                                                                         SB                                                                                        WB
          Start                     Left           Thru              Right               Ped                NB               Left           Thru               Right               Ped                 EB              Left           Thru               Right               Ped                 SB               Left             Thru               Right                Ped                WB                Interval
        Time                                                                                             Total                                                                                      Total                                                                                     Total                                                                                        Total                     Total
 11:00               AM                 9           164                     0                 0            173                   5                0                  7                  0               12                 0           203                     6                36              209                   0                  0                  0                  4                  0                    394
 11:15               AM                 5           141                     0                 0            146                   4                0                  7                  0               11                 0           191                     8                29              199                   0                  0                  0                13                   0                    356
 11:30               AM                 5           138                     0                 0            143                 15                 0                10                   0               25                 0           222                     6                30              228                   0                  0                  0                  4                  0                    396
 11:45               AM                 7           153                     0                 0            160                   6                0                  3                  0                 9                0           223                     4                35              227                   0                  0                  0                14                   0                    396
 12:00                 PM               8           145                     0                 0            153                   6                0                  8                  0               14                 0           209                     6                58              215                   0                  0                  0                10                   0                    382
 12:15                 PM             13            172                     0                 0            185                   7                0                13                   0               20                 0           208                     4                38              212                   0                  0                  0                  6                  0                    417
 12:30                 PM               7           167                     0                 0            174                   9                0                  7                  1               16                 0           204                     5                39              209                   0                  0                  0                  7                  0                    399
 12:45                 PM               7           160                     0                 0            167                   8                0                  8                  0               16                 0           187                     6                41              193                   0                  0                  0                 11                  0                    376
   1:00              PM                 9           191                     0                 0            200                   5                0                  7                  0               12                 0           225                     5                40              230                   0                  0                  0                  7                  0                    442
   1:15              PM                 5           181                     0                 0            186                   4                0                  4                  0                 8                0           174                     7                43              181                   0                  0                  0                12                   0                    375
   1:30              PM               10            166                     0                 0            176                   8                0                  4                  0               12                 0           197                    11                35              208                   0                  0                  0                10                   0                    396
   1:45              PM                 9           191                     0                 0            200                   4                0                  9                  0               13                 0           184                     6                47              190                   0                  0                  0                  9                  0                    403
   2:00              PM                 7           163                     0                 0            170                   8                0                  7                  0               15                 0           179                     9                36              188                   0                  0                  0                10                   0                    373
   2:15              PM               12            192                     0                 0            204                   2                0                  7                  0                 9                0           207                     8                40              215                   0                  0                  0                  6                  0                    428
   2:30              PM                 4           200                     0                 0            204                   7                0                  7                  0               14                 0           212                     3                28              215                   0                  0                  0                13                   0                    433
   2:45              PM                 7           176                     0                 0            183                   9                0                  5                  0               14                 0           201                     6                49              207                   0                  0                  0                  6                  0                    404
   3:00              PM                 0               0                   0                 0                0                 0                0                  0                  0                 0                0                0                  0                  0                 0                 0                  0                  0                  0                  0                        0
         Total                      124           2700                      0                 0          2824                107                  0               113                   1             220                  0         3226                  100                624            3326                     0                  0                  0              142                    0                  6370
      App             %              4.4           95.6                 0.0               0.0                              48.6                0.0              51.4                0.5                                 0.0            97.0                 3.0             18.8                                   0.0               0.0                 0.0                0.0
     Total              %            1.9           42.4                 0.0               0.0             44.3                1.7              0.0                1.8               0.0               3.5               0.0            50.6                 1.6               9.8             52.2                 0.0               0.0                 0.0                2.2               0.0
 INT            ID                                              ROAD 1                                                                                                              ROAD 2                                                                        ROAD 3                            ROAD 4                              COMMUNITY                                               TMC DATE
     194                       DEVONSHIRE PLACE NW                                                                                           CONNECTICUT                                                 AVENUE NW                                                                                                                                             -                                 8/27/2016
                                  TRUCKS
                                  NB                                                                                     EB                                                                                       SB                                                                                           WB
         Start                     Left          Thru              Right               Ped                NB               Left           Thru              Right               Ped                EB              Left           Thru              Right                  Ped                  SB               Left            Thru              Right                  Ped                  WB                Interval
        Time                                                                                          Total                                                                                     Total                                                                                        Total                                                                                           Total                   Total
 11:00               AM                0               6                  0                0                 6                 0               0                   1                 0                1                0                7                  1                 36                    8                 0                0                   0                   4                    0                     15
 11:15               AM                0               4                  0                0                 4                 0               0                   4                 0                4                0                3                  0                 29                    3                 0                0                   0                 13                     0                     11
 11:30               AM                0               3                  0                0                 3                 0               0                   0                 0                0                0                1                  0                 30                    1                 0                0                   0                   4                    0                       4
 11:45               AM                0               5                  0                0                 5                 0               0                   0                 0                0                0                5                  0                 35                    5                 0                0                   0                 14                     0                     10
12:00                 PM               1               3                  0                0                 4                 0               0                   0                 0                0                0                9                  0                 58                    9                 0                0                   0                 10                     0                     13
12:15                 PM               0               3                  0                0                 3                 0               0                   0                 0                0                0                3                  0                 38                    3                 0                0                   0                   6                    0                       6
12:30                 PM               0               9                  0                0                 9                 0               0                   0                 1                0                0                4                  0                 39                    4                 0                0                   0                   7                    0                     13
12:45                 PM               0               6                  0                0                 6                 1               0                   0                 0                1                0                3                  0                 41                    3                 0                0                   0                  11                    0                     10
  1:00              PM                 0               4                  0                0                 4                 0               0                   0                 0                0                0                5                  0                 40                    5                 0                0                   0                   7                    0                       9
  1:15              PM                 0               3                  0                0                 3                 0               0                   0                 0                0                0                3                  0                 43                    3                 0                0                   0                 12                     0                       6
  1:30              PM                 0               4                  0                0                 4                 0               0                   0                 0                0                0                3                  0                 35                    3                 0                0                   0                 10                     0                       7
  1:45              PM                 0               4                  0                0                 4                 0               0                   0                 0                0                0                7                  0                 47                    7                 0                0                   0                   9                    0                     11
  2:00              PM                 0               4                  0                0                 4                 0               0                   0                 0                0                0                5                  0                 36                    5                 0                0                   0                 10                     0                       9
  2:15              PM                 1               3                  0                0                 4                 0               0                   0                 0                0                0                2                  1                 40                    3                 0                0                   0                   6                    0                       7
  2:30              PM                 0               1                  0                0                 1                 0               0                   0                 0                0                0                1                  0                 28                    1                 0                0                   0                 13                     0                       2
  2:45              PM                 0               3                  0                0                 3                 0               0                   0                 0                0                0                2                  0                 49                    2                 0                0                   0                   6                    0                       5
  3:00              PM                 0               0                  0                0                 0                 0               0                   0                 0                0                0                0                  0                   0                   0                 0                0                   0                   0                    0                       0
        Total                          2             65                   0                0               67                  1               0                   5                 1                6                0              63                   2               624                   65                  0                0                   0               142                      0                   138
      App             %            3.0            97.0                 0.0               0.0                             16.7               0.0              83.3              16.7                                 0.0            96.9                 3.1             960.0                                     0.0               0.0               0.0                  0.0
    Total              %           1.4            47.1                 0.0               0.0            48.6               0.7              0.0                3.6               0.7               4.3              0.0            45.7                 1.4             452.2                 47.1                0.0               0.0               0.0              102.9                   0.0
 INT            ID                                              ROAD 1                                                                                                              ROAD 2                                                                        ROAD 3                            ROAD 4                              COMMUNITY                                               TMC DATE
     194                       DEVONSHIRE PLACE NW                                                                                           CONNECTICUT                                                 AVENUE NW                                                                                                                                             -                                 8/27/2016
