                                                                               Turning                                      Movement                                                     Count                                Report                                   -      Cars                         &           Trucks
  INT            ID                                        ROAD 1                                                                                                         ROAD 2                                                                           ROAD 3                             ROAD 4                                COMMUNITY                                                  TMC DATE
     199                        PORTER STREET                                                         NW                          CONNECTICUT                                                 AVENUE NW                                                                                                                                                     -                                  8/27/2016
                                   CARS
                                   NB                                                                                      EB                                                                                        SB                                                                                         WB
          Start                     Left           Thru              Right               Ped                NB              Left           Thru               Right               Ped                 EB               Left           Thru               Right               Ped                 SB               Left              Thru              Right                Ped                WB                Interval
        Time                                                                                             Total                                                                                     Total                                                                                      Total                                                                                         Total                    Total
 11:00               AM                 1           126                   18                43             145                  6              40                   8                10                54                22            164                     4                13              190                 30                 38                  41                  9              109                      498
 11:15               AM                 0            110                  15                40             125                  6              38                   6                21                50                23            173                     5                30              201                 19                 28                  39                10                 86                     462
 11:30               AM                 1           128                   34                36             163                  4              42                   7                19                53                30            165                     3                23              198                 36                 30                  38                  5              104                      518
 11:45               AM                 0           128                   19                26             147                  3              45                   9                17                57                31            185                     3                29              219                 39                 34                  35                  7              108                      531
 12:00                 PM               0            115                  20                29             135                  3              53                   9                21                65                36            164                     4                23              204                 28                 36                  27                  0                91                     495
 12:15                 PM               1           155                   20                26             176                  1              42                   9                17                52                36            162                     7                16              205                 37                 26                  35                  5                98                     531
 12:30                 PM               0           142                   23                32             165                  0              37                   5                20                42                41            154                     5                17              200                 34                 34                  33                  4              101                      508
 12:45                 PM               0           138                   17                30             155                  9              36                 10                 12                55                28            170                     7                21              205                 41                 42                  46                10               129                      544
   1:00              PM                 0           141                   13                30             154                  3              53                   9                18                65                32            156                     5                17              193                 37                 36                  44                  2              117                      529
   1:15              PM                 1           167                   24                39             192                  2              31                   9                38                42                27            126                     1                14              154                 38                 45                  45                15               128                      516
   1:30              PM                 1           120                   22                26             143                  2              43                   8                24                53                31            144                     5                10              180                 33                 35                  37                  9              105                      481
   1:45              PM                 1           160                   31                46             192                  3              44                   8                18                55                31            143                     1                14              175                 35                 45                  37                  4              117                      539
   2:00              PM                 1           142                   24                26             167                  4              35                  11                17                50                25            161                     4                20              190                 32                 45                  38                  3              115                      522
   2:15              PM                 1           165                   20                34             186                  3              45                   8                18                56                27            166                     0                15              193                 44                 44                  37                10               125                      560
   2:30              PM                 0           158                   20                18             178                  3              43                   6                19                52                20            157                     8                10              185                 44                 28                  29                  3              101                      516
   2:45              PM                 0           149                   23                26             172                  4              42                   4                20                50                25            160                     7                11              192                 35                 30                  28                  3                93                     507
   3:00              PM                 0               0                   0                 0                0                0                0                  0                  0                 0                 0                0                  0                  0                 0                  0                 0                   0                 0                  0                        0
         Total                          8         2244                  343               507            2595                 56             669                126                309               851               465           2550                    69               283            3084                 562                576                589                  99            1727                      8257
      App             %              0.3           86.5               13.2              19.5                                  6.6           78.6               14.8              36.3                                15.1              82.7                 2.2               9.2                                 32.5              33.4                34.1                5.7
     Total              %            0.1           27.2                 4.2               6.1             31.4                0.7             8.1                 1.5               3.7            10.3                 5.6            30.9                 0.8               3.4             37.4                  6.8               7.0                 7.1               1.2             20.9
  INT            ID                                        ROAD 1                                                                                                         ROAD 2                                                                           ROAD 3                             ROAD 4                                COMMUNITY                                                  TMC DATE
     199                        PORTER STREET                                                         NW                          CONNECTICUT                                                 AVENUE NW                                                                                                                                                     -                                  8/27/2016
                             TRUCKS
                             NB                                                                                              EB                                                                                             SB                                                                                        WB
       Start                  Left          Thru             Right                    Ped                     NB             Left           Thru             Right                    Ped                     EB             Left           Thru              Right                Ped                  SB              Left            Thru             Right                 Ped                 WB              Interval
     Time                                                                                                  Total                                                                                          Total                                                                                     Total                                                                                       Total                 Total
     11:00                        0               5                 1                    43                      6                0              1                 0                    10                       1               0                1                 0                13                    1                0                2                 1                   9                  3                    11
         AM
     11:15                        0               1                 0                    40                      1                0              0                 1                    21                       1               1                2                 0                30                    3                0                2                 0                 10                   2                      7
         AM
     11:30                        0               1                 0                    36                      1                0              1                 0                    19                       1               0                1                 0                23                    1                0                0                 0                   5                  0                      3
         AM
     11:45                        0               3                 2                    26                      5                0              1                 0                    17                       1               2                3                 0                29                    5                0                1                 1                   7                  2                   13
         AM
    12:00                         0               1                 0                    29                      1                0              1                 2                    21                       3               0                3                 0                23                    3                0                1                 0                   0                  1                      8
         PM
    12:15                         0               3                 0                    26                      3                0              1                 1                    17                       2               2                1                 0                16                    3                1                0                 1                   5                  2                   10
         PM
    12:30                         0               3                 0                    32                      3                0              1                 0                    20                       1               0                0                 0                17                    0                0                0                 0                   4                  0                      4
         PM
    12:45                         0               3                 0                    30                      3                0              0                 1                    12                       1               0                2                 0                21                    2                0                0                 0                 10                   0                      6
         PM
1:00             PM               0               2                 0                    30                      2                0              1                 0                    18                       1               0                2                 0                17                    2                0                1                 0                   2                  1                      6
1:15             PM               0               3                 0                    39                      3                0              0                 0                    38                       0               0                1                 0                14                    1                0                3                 1                 15                   4                      8
1:30             PM               0               5                 0                    26                      5                0              1                 0                    24                       1               0                0                 1                10                    1                0                0                 0                   9                  0                      7
1:45             PM               0               0                 0                    46                      0                0              1                 0                    18                       1               2                2                 0                14                    4                0                1                 2                   4                  3                      8
2:00             PM               0               2                 0                    26                      2                0              2                 0                    17                       2               0                2                 0                20                    2                0                0                 0                   3                  0                      6
2:15             PM               1               2                 0                    34                      3                0              1                 0                    18                       1               1                0                 0                15                    1                0                1                 1                 10                   2                      7
2:30             PM               0               4                 0                    18                      4                0              2                 0                    19                       2               0                2                 0                10                    2                0                0                 1                   3                  1                      9
2:45             PM               0               0                 0                    26                      0                0              0                 0                    20                       0               0                0                 0                 11                   0                0                0                 0                   3                  0                      0
3:00             PM               0               0                 0                      0                     0                0              0                 0                      0                      0               0                0                 0                  0                   0                0                0                 0                   0                  0                      0
      Total                       1             38                  3                 507                      42                 0            14                  5                  309                      19                8              22                  1              283                   31                 1              12                  8                 99                 21                   113
   App             %          2.4           90.5                 7.1            1,207.1                                       0.0           73.7              26.3              1,626.3                                     25.871.0                             3.2            912.9                                    4.8            57.1              38.1              471.4
  Total              %        0.9           33.6                 2.7               448.7                   37.2               0.0           12.4                 4.4               273.5                   16.8               7.1           19.5                 0.9            250.4                27.4                0.9            10.6                7.1               87.6              18.6
  INT            ID                                        ROAD 1                                                                                                         ROAD 2                                                                           ROAD 3                             ROAD 4                                COMMUNITY                                                  TMC DATE
     199                        PORTER STREET                                                         NW                          CONNECTICUT                                                 AVENUE NW                                                                                                                                                     -                                  8/27/2016
