                                                                               Turning                                      Movement                                                     Count                                Report                                   -      Cars                         &           Trucks
    INT            ID                                            ROAD 1                                                                                    ROAD 2                                                        ROAD 3                                     ROAD 4                                          COMMUNITY                                                             TMC DATE
            2                                11TH STREET                                             NW                                       M        STREET                            NW                                                                                                                                                 -                                                3/3/2011
                                   CARS
                                   NB                                                                                      EB                                                                                        SB                                                                                      WB
          Start                     Left           Thru              Right               Ped                NB               Left           Thru              Right               Ped                 EB              Left           Thru              Right               Ped                SB               Left             Thru              Right                  Ped                   WB                Interval
        Time                                                                                             Total                                                                                    Total                                                                                    Total                                                                                            Total                    Total
   5:45             AM                  0               0                   0                 0                0                 0                0                  0                 0                0                 0               0                   0                 0                0                 0                 0                   0                    0                   0                        0
   6:00             AM                  1             10                    3                 1              14                  0                5                  1                 0                6                 4             15                    4                 4              23                  0                 2                   0                    2                   2                      45
   6:15             AM                  1              11                   2                 1              14                  0                6                  1                 4                7                 1             22                    2                 4              25                  0                 0                   1                    1                   1                      47
   6:30             AM                  0               8                   4                 8              12                  1                6                  1                 2                8                 1             23                    0                 7              24                  0                 0                   1                    9                   1                      45
   6:45             AM                  1             14                    6                 8              21                  1              13                   6                 7              20                  0             28                    3                 5              31                  0                 0                   1                    4                   1                      73
   7:00             AM                  1             25                  12                15               38                  2              12                   8                 4              22                  3             31                    8                 9              42                  0                 1                   0                    5                   1                    103
   7:15             AM                  2             19                    5               20               26                  3              17                   4                 5              24                  3             41                  10                  6              54                  1                 2                   1                    4                   4                    108
   7:30             AM                  2             28                  14                15               44                  1                7                  4                 2              12                  6             51                    7               18               64                  0                 3                   2                 12                     5                    125
   7:45             AM                  1             30                    9               18               40                  5              18                   1                 3              24                  3             66                  12                15               81                  0                 4                   1                    3                   5                    150
   8:00             AM                  3             30                  13                21               46                  0              22                   2                 1              24                  2             61                  13                14               76                  0                 2                   1                    3                   3                    149
   8:15             AM                  3             26                  10                31               39                  0              26                   4                 0              30                10              67                  13                10               90                  0                 6                   0                    2                   6                    165
   8:30             AM                  2             16                    4               16               22                  1              20                   3                 9              24                16              79                  24                  7            119                   0                 3                   1                    8                   4                    169
   8:45             AM                  0             17                    8               30               25                  5              11                   4                 9              20                  9             57                  26                23               92                  0                 4                   3                    7                   7                    144
   9:00             AM                  0               0                   0                 0                0                 0                0                  0                 0                0                 0               0                   0                 0                0                 0                 0                   0                    0                   0                        0
   9:15             AM                  0               0                   0                 0                0                 0                0                  0                 0                0                 0               0                   0                 0                0                 0                 0                   0                    0                   0                        0
   9:30             AM                  0               0                   0                 0                0                 0                0                  0                 0                0                 0               0                   0                 0                0                 0                 0                   0                    0                   0                        0
   9:45             AM                  0               0                   0                 0                0                 0                0                  0                 0                0                 0               0                   0                 0                0                 0                 0                   0                    0                   0                        0
 10:00                AM                0               0                   0                 0                0                 0                0                  0                 0                0                 0               0                   0                 0                0                 0                 0                   0                    0                   0                        0
 10:15                AM                0               0                   0                 0                0                 0                0                  0                 0                0                 0               0                   0                 0                0                 0                 0                   0                    0                   0                        0
 10:30                AM                0               0                   0                 0                0                 0                0                  0                 0                0                 0               0                   0                 0                0                 0                 0                   0                    0                   0                        0
 10:45                AM                0               0                   0                 0                0                 0                0                  0                 0                0                 0               0                   0                 0                0                 0                 0                   0                    0                   0                        0
 11:00               AM                 0               0                   0                 0                0                 0                0                  0                 0                0                 0               0                   0                 0                0                 0                 0                   0                    0                   0                        0
 11:15               AM                 0               0                   0                 0                0                 0                0                  0                 0                0                 0               0                   0                 0                0                 0                 0                   0                    0                   0                        0
 11:30               AM                 0               0                   0                 0                0                 0                0                  0                 0                0                 0               0                   0                 0                0                 0                 0                   0                    0                   0                        0
 11:45               AM                 0               0                   0                 0                0                 0                0                  0                 0                0                 0               0                   0                 0                0                 0                 0                   0                    0                   0                        0
 12:00                 PM               0               0                   0                 0                0                 0                0                  0                 0                0                 0               0                   0                 0                0                 0                 0                   0                    0                   0                        0
 12:15                 PM               0               0                   0                 0                0                 0                0                  0                 0                0                 0               0                   0                 0                0                 0                 0                   0                    0                   0                        0
 12:30                 PM               0               0                   0                 0                0                 0                0                  0                 0                0                 0               0                   0                 0                0                 0                 0                   0                    0                   0                        0
 12:45                 PM               0               0                   0                 0                0                 0                0                  0                 0                0                 0               0                   0                 0                0                 0                 0                   0                    0                   0                        0
   1:00              PM                 0               0                   0                 0                0                 0                0                  0                 0                0                 0               0                   0                 0                0                 0                 0                   0                    0                   0                        0
   1:15              PM                 0               0                   0                 0                0                 0                0                  0                 0                0                 0               0                   0                 0                0                 0                 0                   0                    0                   0                        0
   1:30              PM                 0               0                   0                 0                0                 0                0                  0                 0                0                 0               0                   0                 0                0                 0                 0                   0                    0                   0                        0
   1:45              PM                 0               0                   0                 0                0                 0                0                  0                 0                0                 0               0                   0                 0                0                 0                 0                   0                    0                   0                        0
   2:00              PM                 0               0                   0                 0                0                 0                0                  0                 0                0                 0               0                   0                 0                0                 0                 0                   0                    0                   0                        0
   2:15              PM                 0               0                   0                 0                0                 0                0                  0                 0                0                 0               0                   0                 0                0                 0                 0                   0                    0                   0                        0
   2:30              PM                 0               0                   0                 0                0                 0                0                  0                 0                0                 0               0                   0                 0                0                 0                 0                   0                    0                   0                        0
   2:45              PM                 0               0                   0                 0                0                 0                0                  0                 0                0                 0               0                   0                 0                0                 0                 0                   0                    0                   0                        0
   3:00              PM                 0               0                   0                 0                0                 0                0                  0                 0                0                 0               0                   0                 0                0                 0                 0                   0                    0                   0                        0
   3:15              PM                 0               0                   0                 0                0                 0                0                  0                 0                0                 0               0                   0                 0                0                 0                 0                   0                    0                   0                        0
   3:30              PM                 4             49                  11                16               64                  5              26                   4               21               35                  8             34                    9               33               51                  2                 1                   6                  11                    9                    159
   3:45              PM                 6             56                  12                19               74                  7              31                   1               10               39                  9             40                    1               21               50                  0                 0                   1                 19                     1                    164
   4:00              PM                 0             47                  13                26               60                  6              26                   4               12               36                  6             35                  10                35               51                  0                 0                   3                    6                   3                    150
   4:15              PM                 7             60                  12                43               79                  7              27                   3               10               37                  9             45                    4               24               58                  0                 1                   1                 16                     2                    176
   4:30              PM                 9             82                  17                32             108                   8              33                   3               20               44                  7             47                  12                33               66                  1                 3                   0                 22                     4                    222
   4:45              PM                 3             61                  15                38               79                11               30                   4               15               45                  3             51                  15                22               69                  0                 3                   5                 17                     8                    201
   5:00              PM                 5             73                  15                34               93                  8              35                   6               18               49                  4             49                  12                28               65                  0                 5                   2                 18                     7                    214
   5:15              PM                 5             76                  13                50               94                  3              26                   9               23               38                  4             46                  13                29               63                  1                 2                   5                    9                   8                    203
   5:30              PM                 8             92                  10                45              110                  5              25                   5               24               35                  7             52                    4               44               63                  0                 1                   1                 16                     2                    210
   5:45              PM                 7             91                  16                62              114                  7              33                   4               25               44                  6             53                  11                25               70                  0                 3                   2                 23                     5                    233
   6:00              PM                 5             81                  20                45             106                   5              30                   7               15               42                  7             63                  12                39               82                  2                 1                   0                 29                     3                    233
   6:15              PM                 6             80                  17                52             103                   4              34                   5               13               43                  7             47                    8               30               62                  0                 1                   2                 13                     3                    211
         Total                        82          1082                  261               646            1425                  95            519                   94              252              708              135             1103                233               485             1471                    7               48                 40                 259                    95                  3699
      App             %              5.8           75.9               18.3              45.3                               13.4              73.3              13.3              35.6                                  9.2           75.0               15.8              33.0                                  7.4            50.5                 42.1              272.6
     Total              %            2.2           29.3                 7.1             17.5              38.5                2.6            14.0                 2.5               6.8            19.1                3.6           29.8                 6.3             13.1              39.8                0.2               1.3                 1.1                  7.0                 2.6
    INT            ID                                            ROAD 1                                                                                    ROAD 2                                                        ROAD 3                                     ROAD 4                                          COMMUNITY                                                             TMC DATE
            2                                11TH STREET                                             NW                                       M        STREET                            NW                                                                                                                                                 -                                                3/3/2011
                                   TRUCKS
                                   NB                                                                                      EB                                                                                         SB                                                                                        WB
          Start                     Left           Thru              Right               Ped                NB               Left           Thru               Right               Ped                 EB              Left           Thru               Right               Ped                 SB               Left             Thru               Right                Ped                WB                Interval
        Time                                                                                             Total                                                                                      Total                                                                                     Total                                                                                        Total                     Total
   5:45             AM                  0               0                   0                 0                0                 0                0                  0                  0                 0                0                0                  0                  0                 0                 0                  0                  0                  0                  0                        0
   6:00             AM                  0               0                   0                 0                0                 1                0                  0                  0                 1                0                0                  1                  0                 1                 0                  1                  0                  0                  1                        3
   6:15             AM                  0               0                   0                 0                0                 0                0                  0                  0                 0                0                0                  1                  0                 1                 0                  1                  0                  0                  1                        2
   6:30             AM                  0               0                   0                 0                0                 0                0                  0                  0                 0                0                0                  0                  0                 0                 0                  0                  0                  0                  0                        0
   6:45             AM                  0               0                   0                 0                0                 0                2                  0                  0                 2                0                3                  2                  0                 5                 0                  0                  0                  0                  0                        7
   7:00             AM                  0               2                   0                 0                2                 0                0                  0                  0                 0                0                1                  0                  0                 1                 0                  1                  1                  0                  2                        5
   7:15             AM                  0               2                   0                 0                2                 2                0                  0                  0                 2                0                3                  1                  0                 4                 0                  2                  0                  0                  2                      10
   7:30             AM                  1               2                   0                 0                3                 0                1                  0                  0                 1                0                5                  2                  0                 7                 0                  4                  0                  0                  4                      15
   7:45             AM                  0               0                   0                 0                0                 0                1                  0                  0                 1                1                4                  0                  0                 5                 0                  0                  0                  0                  0                        6
   8:00             AM                  0               0                   0                 0                0                 0                0                  0                  0                 0                0                9                  2                  0               11                  0                  0                  0                  0                  0                      11
   8:15             AM                  1               0                   0                 0                1                 0                2                  1                  0                 3                3                9                  0                  0               12                  0                  3                  0                  0                  3                      19
   8:30             AM                  0               0                   0                 0                0                 0                0                  0                  0                 0                2              16                   1                  0               19                  0                  2                  0                  0                  2                      21
   8:45             AM                  0               1                   0                 0                1                 0                1                  0                  0                 1                3                9                  1                  0               13                  0                  4                  0                  0                  4                      19
   9:00             AM                  0               0                   0                 0                0                 0                0                  0                  0                 0                0                0                  0                  0                 0                 0                  0                  0                  0                  0                        0
   9:15             AM                  0               0                   0                 0                0                 0                0                  0                  0                 0                0                0                  0                  0                 0                 0                  0                  0                  0                  0                        0
   9:30             AM                  0               0                   0                 0                0                 0                0                  0                  0                 0                0                0                  0                  0                 0                 0                  0                  0                  0                  0                        0
   9:45             AM                  0               0                   0                 0                0                 0                0                  0                  0                 0                0                0                  0                  0                 0                 0                  0                  0                  0                  0                        0
 10:00                AM                0               0                   0                 0                0                 0                0                  0                  0                 0                0                0                  0                  0                 0                 0                  0                  0                  0                  0                        0
 10:15                AM                0               0                   0                 0                0                 0                0                  0                  0                 0                0                0                  0                  0                 0                 0                  0                  0                  0                  0                        0
 10:30                AM                0               0                   0                 0                0                 0                0                  0                  0                 0                0                0                  0                  0                 0                 0                  0                  0                  0                  0                        0
 10:45                AM                0               0                   0                 0                0                 0                0                  0                  0                 0                0                0                  0                  0                 0                 0                  0                  0                  0                  0                        0
 11:00               AM                 0               0                   0                 0                0                 0                0                  0                  0                 0                0                0                  0                  0                 0                 0                  0                  0                  0                  0                        0
 11:15               AM                 0               0                   0                 0                0                 0                0                  0                  0                 0                0                0                  0                  0                 0                 0                  0                  0                  0                  0                        0
 11:30               AM                 0               0                   0                 0                0                 0                0                  0                  0                 0                0                0                  0                  0                 0                 0                  0                  0                  0                  0                        0
 11:45               AM                 0               0                   0                 0                0                 0                0                  0                  0                 0                0                0                  0                  0                 0                 0                  0                  0                  0                  0                        0
 12:00                 PM               0               0                   0                 0                0                 0                0                  0                  0                 0                0                0                  0                  0                 0                 0                  0                  0                  0                  0                        0
 12:15                 PM               0               0                   0                 0                0                 0                0                  0                  0                 0                0                0                  0                  0                 0                 0                  0                  0                  0                  0                        0
 12:30                 PM               0               0                   0                 0                0                 0                0                  0                  0                 0                0                0                  0                  0                 0                 0                  0                  0                  0                  0                        0
 12:45                 PM               0               0                   0                 0                0                 0                0                  0                  0                 0                0                0                  0                  0                 0                 0                  0                  0                  0                  0                        0
   1:00              PM                 0               0                   0                 0                0                 0                0                  0                  0                 0                0                0                  0                  0                 0                 0                  0                  0                  0                  0                        0
   1:15              PM                 0               0                   0                 0                0                 0                0                  0                  0                 0                0                0                  0                  0                 0                 0                  0                  0                  0                  0                        0
   1:30              PM                 0               0                   0                 0                0                 0                0                  0                  0                 0                0                0                  0                  0                 0                 0                  0                  0                  0                  0                        0
   1:45              PM                 0               0                   0                 0                0                 0                0                  0                  0                 0                0                0                  0                  0                 0                 0                  0                  0                  0                  0                        0
   2:00              PM                 0               0                   0                 0                0                 0                0                  0                  0                 0                0                0                  0                  0                 0                 0                  0                  0                  0                  0                        0
   2:15              PM                 0               0                   0                 0                0                 0                0                  0                  0                 0                0                0                  0                  0                 0                 0                  0                  0                  0                  0                        0
   2:30              PM                 0               0                   0                 0                0                 0                0                  0                  0                 0                0                0                  0                  0                 0                 0                  0                  0                  0                  0                        0
   2:45              PM                 0               0                   0                 0                0                 0                0                  0                  0                 0                0                0                  0                  0                 0                 0                  0                  0                  0                  0                        0
   3:00              PM                 0               0                   0                 0                0                 0                0                  0                  0                 0                0                0                  0                  0                 0                 0                  0                  0                  0                  0                        0
   3:15              PM                 0               0                   0                 0                0                 0                0                  0                  0                 0                0                0                  0                  0                 0                 0                  0                  0                  0                  0                        0
   3:30              PM                 0               0                   0                 1                0                 0                0                  0                  3                 0                0                3                  0                  0                 3                 0                  0                  0                  1                  0                        3
   3:45              PM                 0               2                   0                 1                2                 0                1                  0                  2                 1                0                4                  1                  0                 5                 0                  0                  0                  0                  0                        8
   4:00              PM                 0               4                   0                 1                4                 0                1                  0                  1                 1                0                1                  0                  1                 1                 0                  0                  0                  1                  0                        6
   4:15              PM                 0               1                   0                 3                1                 1                1                  0                  2                 2                0                1                  1                  0                 2                 0                  0                  0                  1                  0                        5
   4:30              PM                 0               2                   3                 0                5                 0                0                  0                  1                 0                0                2                  0                  0                 2                 0                  0                  0                  0                  0                        7
   4:45              PM                 0               7                   0                 0                7                 0                0                  0                  3                 0                0                1                  0                  0                 1                 0                  1                  0                  1                  1                        9
   5:00              PM                 2               5                   1                 1                8                 1                1                  0                  1                 2                0                0                  0                  4                 0                 0                  0                  2                  1                  2                      12
   5:15              PM                 0               7                   2                 4                9                 1                1                  0                  0                 2                0                2                  0                  0                 2                 0                  2                  0                  0                  2                      15
   5:30              PM                 1             10                    0                 3               11                 3                0                  0                  4                 3                1                2                  6                  4                 9                 0                  0                  0                  1                  0                      23
   5:45              PM                 0             10                    0                 2              10                  0                1                  0                  0                 1                0                2                  0                  1                 2                 0                  0                  1                  0                  1                      14
   6:00              PM                 1               9                   1                 1               11                 0                0                  0                  0                 0                0                1                  0                  0                 1                 0                  0                  0                  0                  0                      12
   6:15              PM                 0             13                    0                 2              13                  0                3                  0                  0                 3                0                1                  0                  1                 1                 0                  0                  0                  0                  0                      17
         Total                          6             77                    7               19               90                  9              16                   1                17                26               10               79                 19                 11              108                   0                21                   4                  6                25                     249
      App             %              6.7           85.6                 7.8             21.1                               34.6              61.5                 3.8             65.4                                  9.3            73.1               17.6              10.2                                   0.0             84.0                16.0               24.0
     Total              %            2.4           30.9                 2.8               7.6             36.1                3.6              6.4                0.4               6.8             10.4                4.0            31.7                 7.6               4.4             43.4                 0.0               8.4                 1.6                2.4             10.0
    INT            ID                                            ROAD 1                                                                                    ROAD 2                                                        ROAD 3                                     ROAD 4                                          COMMUNITY                                                             TMC DATE
            2                                11TH STREET                                             NW                                       M        STREET                            NW                                                                                                                                                 -                                                3/3/2011
