                                                                               Turning                                      Movement                                                     Count                                Report                                   -      Cars                         &           Trucks
    INT            ID                                       ROAD 1                                                                                         ROAD 2                                                               ROAD 3                                    ROAD 4                                       COMMUNITY                                                           TMC DATE
        205                               49TH STREET                                              NE                                 Brooks                          Street,                      NE                                                                                                                                          -                                            9/14/2016
                               CARS
                               NB                                                                                        EB                                                                                         SB                                                                                         WB
        Start                   Left           Thru               Right               Ped                 NB              Left            Thru               Right               Ped                 EB              Left            Thru              Right                Ped                 SB               Left              Thru               Right                Ped                WB                 Interval
       Time                                                                                            Total                                                                                     Total                                                                                       Total                                                                                         Total                     Total
 7:00             AM                1              36                   0                  2               37                 0                 0                  0                  0                 0                0              39                    0                 2                39                   0                  1                  3                  1                  4                      80
 7:15             AM                8              51                   0                  3               59                 0                 0                  0                  0                 0                0              51                    2                 3                53                   0                  6                14                   2               20                      132
 7:30             AM                4              69                   0                  1               73                 0                 0                  0                  1                 0                0              77                    2                 1                79                   3                14                 14                   0               31                      183
 7:45             AM                7              74                   0                  4               81                 0                 0                  0                  2                 0                0              89                    1                 2                90                   4                  8                15                   3               27                      198
 8:00             AM                4              83                   0                  6               87                 0                 0                  0                  1                 0                0              75                    5                 2                80                   6                11                 29                   9               46                      213
 8:15             AM                6              86                   0                  4               92                 0                 0                  0                  2                 0                0              54                    5                 2                59                   3                  6                 11                  6               20                      171
 8:30             AM                8              45                   0                  4               53                 0                 0                  0                  1                 0                0              58                    6                 3                64                   1                  5                  9                  8               15                      132
 8:45             AM                7              30                   0                  1               37                 0                 0                  0                  0                 0                0              79                    0                 2                79                   1                  3                  6                  4               10                      126
 9:00             AM                1              40                   0                  0               41                 0                 0                  0                  0                 0                0              47                    3                 2                50                   1                  1                  4                  0                  6                      97
 9:15             AM                1              31                   0                  4               32                 0                 0                  0                  0                 0                0              52                    2                 1                54                   1                  1                  3                  0                  5                      91
 9:30             AM                0              25                   0                  0               25                 0                 0                  0                  0                 0                0              40                    1                 1                41                   0                  0                  4                  0                  4                      70
 9:45             AM                1              28                   0                  2               29                 0                 0                  0                  1                 0                0              40                    2                 1                42                   1                  2                  1                  0                  4                      75
 4:00             PM                3              56                   0                  0               59                 0                 0                  0                  0                 0                0              85                    2                 1                87                   2                  2                  0                  0                  4                    150
 4:15             PM                2              63                   0                  4               65                 0                 0                  0                  0                 0                0              99                    2               12               101                    0                  3                  4                  2                  7                    173
 4:30             PM                0              72                   0                  5               72                 0                 0                  0                  1                 0                0              90                    0                 9                90                   2                  2                  6                  1               10                      172
 4:45             PM                3              53                   0                  1               56                 0                 0                  0                  0                 0                0              70                    4                 1                74                   1                  1                  5                  0                  7                    137
 5:00             PM                2              64                   0                  0               66                 0                 0                  0                  0                 0                0              85                    0                 2                85                   1                  0                  4                  0                  5                    156
 5:15             PM                1              66                   0                  1               67                 0                 0                  0                  4                 0                0              92                    0                 1                92                   0                  0                  6                  0                  6                    165
 5:30             PM                2              69                   0                  0               71                 0                 0                  0                  1                 0                0              86                    3                 0                89                   0                  2                  5                  1                  7                    167
 5:45             PM                2              68                   0                  1               70                 0                 0                  0                  0                 0                0              69                    1                 1                70                   1                  1                  2                  1                  4                    144
 6:00             PM                3              72                   0                  2               75                 0                 0                  0                  0                 0                0              93                    2                 6                95                   1                  0                  7                  0                  8                    178
 6:15             PM                2              67                   0                  5               69                 0                 0                  0                  2                 0                0              80                    0                 1                80                   0                  0                  2                  0                  2                    151
 6:30             PM                1              67                   0                  3               68                 0                 0                  0                  0                 0                0              71                    0                 0                71                   0                  0                  2                  0                  2                    141
 6:45             PM                1              48                   0                  2               49                 0                 0                  0                  1                 0                0              60                    2                 1                62                   1                  2                  5                  1                  8                    119
       Total                      70          1363                      0                55            1433                   0                 0                  0                17                  0                0          1681                    45                57            1726                   30                  71               161                  39              262                     3421
     App            %            4.9            95.1                 0.0               3.8                                 0.0              0.0                 0.0               0.0                                 0.0            97.4                  2.6               3.3                                 11.5              27.1                61.5               14.9
   Total              %          2.0            39.8                 0.0               1.6             41.9                0.0              0.0                 0.0               0.5               0.0               0.0            49.1                  1.3               1.7             50.5                  0.9               2.1                 4.7                1.1                7.7
    INT            ID                                       ROAD 1                                                                                         ROAD 2                                                               ROAD 3                                    ROAD 4                                       COMMUNITY                                                           TMC DATE
        205                               49TH STREET                                              NE                                 Brooks                          Street,                      NE                                                                                                                                          -                                            9/14/2016
                             TRUCKS
                             NB                                                                                         EB                                                                                    SB                                                                                          WB
       Start                  Left           Thru              Right                 Ped                  NB             Left          Thru              Right              Ped                EB              Left          Thru              Right                 Ped                   SB               Left            Thru              Right                     Ped                     WB               Interval
     Time                                                                                             Total                                                                                Total                                                                                       Total                                                                                                 Total                   Total
7:00             AM               0               0                   0                  2                   0               0               0                 0                0                 0                0               0                  0                   2                   0                  0                0                  0                      1                      0                        0
7:15             AM               0               0                   0                  3                   0               0               0                 0                0                 0                0               1                  0                   3                   1                  0                0                  0                      2                      0                        1
7:30             AM               0               1                   0                  1                   1               0               0                 0                1                 0                0               1                  0                   1                   1                  0                0                  0                      0                      0                        2
7:45             AM               0               1                   0                  4                   1               0               0                 0                2                 0                0               0                  0                   2                   0                  0                0                  0                      3                      0                        1
8:00             AM               0               0                   0                  6                   0               0               0                 0                1                 0                0               0                  0                   2                   0                  0                0                  0                      9                      0                        0
8:15             AM               0               1                   0                  4                   1               0               0                 0                2                 0                0               2                  0                   2                   2                  0                0                  0                      6                      0                        3
8:30             AM               0               2                   0                  4                   2               0               0                 0                1                 0                0               2                  0                   3                   2                  0                0                  0                      8                      0                        4
8:45             AM               0               1                   0                  1                   1               0               0                 0                0                 0                0               2                  0                   2                   2                  0                0                  1                      4                      1                        4
9:00             AM               0               2                   0                  0                   2               0               0                 0                0                 0                0               1                  0                   2                   1                  0                0                  0                      0                      0                        3
9:15             AM               0               0                   0                  4                   0               0               0                 0                0                 0                0               1                  0                   1                   1                  0                0                  0                      0                      0                        1
9:30             AM               0               0                   0                  0                   0               0               0                 0                0                 0                0               1                  0                   1                   1                  0                0                  0                      0                      0                        1
9:45             AM               0               0                   0                  2                   0               0               0                 0                1                 0                0               1                  0                   1                   1                  0                0                  0                      0                      0                        1
4:00             PM               0               1                   0                  0                   1               0               0                 0                0                 0                0               1                  0                   1                   1                  0                0                  1                      0                      1                        3
4:15             PM               0               0                   0                  4                   0               0               0                 0                0                 0                0               0                  0                 12                    0                  0                0                  0                      2                      0                        0
4:30             PM               0               0                   0                  5                   0               0               0                 0                1                 0                0               0                  1                   9                   1                  0                0                  0                      1                      0                        1
4:45             PM               0               2                   0                  1                   2               0               0                 0                0                 0                0               0                  0                   1                   0                  0                0                  0                      0                      0                        2
5:00             PM               0               2                   0                  0                   2               0               0                 0                0                 0                0               0                  0                   2                   0                  0                0                  0                      0                      0                        2
5:15             PM               0               0                   0                  1                   0               0               0                 0                4                 0                0               0                  0                   1                   0                  0                0                  0                      0                      0                        0
5:30             PM               0               0                   0                  0                   0               0               0                 0                1                 0                0               0                  0                   0                   0                  0                0                  0                      1                      0                        0
5:45             PM               0               1                   0                  1                   1               0               0                 0                0                 0                0               1                  0                   1                   1                  0                0                  0                      1                      0                        2
6:00             PM               0               0                   0                  2                   0               0               0                 0                0                 0                0               0                  0                   6                   0                  0                0                  0                      0                      0                        0
6:15             PM               0               0                   0                  5                   0               0               0                 0                2                 0                0               0                  0                   1                   0                  0                0                  0                      0                      0                        0
6:30             PM               0               1                   0                  3                   1               0               0                 0                0                 0                0               0                  0                   0                   0                  0                0                  0                      0                      0                        1
6:45             PM               0               0                   0                  2                   0               0               0                 0                1                 0                0               0                  0                   1                   0                  0                0                  0                      1                      0                        0
      Total                       0             15                    0                55                  15                0               0                 0              17                  0                0             14                   1                 57                  15                   0                0                  2                    39                       2                      32
   App             %          0.0          100.0                   0.0            366.7                                   0.0             0.0               0.0               0.0                              0.0            93.3                 6.7            380.0                                      0.0               0.0           100.01,950.0
  Total              %        0.0            46.9                  0.0            171.9                46.9               0.0             0.0               0.0            53.1                0.0             0.0            43.8                 3.1            178.1                  46.9                0.0               0.0                6.2                121.9                       6.2
    INT            ID                                       ROAD 1                                                                                         ROAD 2                                                               ROAD 3                                    ROAD 4                                       COMMUNITY                                                           TMC DATE
        205                               49TH STREET                                              NE                                 Brooks                          Street,                      NE                                                                                                                                          -                                            9/14/2016
