                                                                               Turning                                      Movement                                                     Count                                Report                                   -      Cars                         &           Trucks
   INT            ID                                      ROAD 1                                                                                              ROAD 2                                                                     ROAD 3                                  ROAD 4                                     COMMUNITY                                                       TMC DATE
         21                           34TH STREET                                              NW                                  WOODLEY ROAD NW                                                                                                                                                                                                  -                                          4/6/2011
                                   CARS
                                   NB                                                                                       EB                                                                                        SB                                                                                        WB
          Start                     Left            Thru              Right               Ped                NB              Left           Thru               Right               Ped                 EB              Left           Thru               Right               Ped                 SB               Left             Thru               Right                Ped                WB                Interval
        Time                                                                                              Total                                                                                     Total                                                                                     Total                                                                                        Total                     Total
   6:30             AM                   7              11                   0                 0              18                 1                1                10                   3               12                 0              37                   2                  3               39                  0                  8                  4                  2                12                       81
   6:45             AM                   3             18                    0                 0              21                 0                1                  5                  2                 6                4              68                   2                  0               74                  0                  4                  4                  1                  8                    109
   7:00             AM                   4             28                    0                 2              32                 4                3                  7                  2               14                 0              65                   5                  2               70                  0                  7                  6                  2                13                     129
   7:15             AM                19               46                    0                 0              65                 0                9                17                   2               26                 3           109                     8                  0             120                   2                  7                  9                  0                18                     229
   7:30             AM                27               71                    0                 0              98                 7              16                 37                   2               60                 5           130                     9                  8             144                   1                24                 22                   0                47                     349
   7:45             AM                27               73                    1                 4            101                  3              10                 45                   2               58                 8           142                     5                  3             155                   5                29                 23                   3                57                     371
   8:00             AM                37               59                    0                 3              96                 3              26                 87                   0             116                  8           132                     0                  1             140                   4                59                 44                   0             107                       459
   8:15             AM                34               55                    1                 2              90                 4              24                 92                   1             120                  1           170                     0                  3             171                   6                41                 28                   2                75                     456
   8:30             AM                14               83                    3                 1            100                  2              27               102                    1             131                  7           166                     2                  3             175                   2                15                 18                   8                35                     441
   8:45             AM                31               46                    2                 1              79                 2              23                 80                   1             105                  7           160                     0                  5             167                 13                 25                 24                   8                62                     413
   9:00             AM                13               59                    0                 0              72                 1              10                 72                   1               83                 1           138                     1                  3             140                   4                28                 17                   0                49                     344
   9:15             AM                   7             79                    0                 1              86                 2              27                 34                   0               63                 3            114                    2                  3             119                   0                19                 16                   3                35                     303
   9:30             AM                10               65                    0                 0              75                 3                8                28                   0               39                 5           143                     3                  3             151                   1                  7                14                   2                22                     287
   9:45             AM                   5             57                    0                 3              62                 1                2                14                   2               17                 4           153                     1                  0             158                   2                  7                20                   3                29                     266
 10:00                AM                 6             58                    2                 1              66                 6                3                14                   0               23                 4           104                     3                  2             111                   0                  7                  6                  1                13                     213
 10:15                AM              10               77                    0                 0              87                 0                2                10                   2               12                 2           100                     2                  1             104                   1                  2                  8                  0                11                     214
 10:30                AM                 6             78                    0                 0              84                 0                5                  9                  0               14                 9              87                   0                  1               96                  2                  2                  4                  1                  8                    202
 10:45                AM              11               64                    0                 0              75                 1                4                  6                  0               11               10            103                     0                  1             113                   0                  2                  9                  0                11                     210
 11:00               AM                  1             60                    1                 0              62                 0                4                  7                  0               11                 3              82                   2                  0               87                  1                  7                  6                  0                14                     174
 11:15               AM                  6             72                    0                 0              78                 1                6                 11                  0               18                 6           100                     2                  0             108                   0                  6                  5                  0                11                     215
 11:30               AM               11             100                     0                 0            111                  1                8                  8                  0               17                 6            110                    3                  2             119                   0                  8                  9                  1                17                     264
 11:45               AM                  9           100                     0                 0            109                  0                9                10                   3               19                 4            113                    1                  0             118                   0                13                   8                  0                21                     267
 12:00                 PM             10               78                    1                 0              89                 0                3                  9                  0               12                 9           108                     3                  1             120                   1                  7                  3                  0                11                     232
 12:15                 PM                6             66                    0                 0              72                 6                9                18                   1               33               10               93                   0                  1             103                   0                  1                  8                  2                  9                    217
 12:30                 PM                0               0                   0                 0                0                0                0                  0                  0                 0                0                0                  0                  0                 0                 0                  0                  0                  0                  0                        0
 12:45                 PM                0               0                   0                 0                0                0                0                  0                  0                 0                0                0                  0                  0                 0                 0                  0                  0                  0                  0                        0
   1:00              PM                  0               0                   0                 0                0                0                0                  0                  0                 0                0                0                  0                  0                 0                 0                  0                  0                  0                  0                        0
   1:15              PM                  0               0                   0                 0                0                0                0                  0                  0                 0                0                0                  0                  0                 0                 0                  0                  0                  0                  0                        0
   1:30              PM               13               82                    0                 2              95                 3                9                13                   0               25               12               69                   3                  4               84                  1                10                 20                   4                31                     235
   1:45              PM               10             104                     3                 0            117                  2              25                 16                   1               43                 5              62                   5                  0               72                  0                17                 32                   0                49                     281
   2:00              PM               10               85                    1                 0              96                 1                6                  6                  0               13                 8              98                   1                  8             107                   3                19                 16                   6                38                     254
   2:15              PM               17               84                    1                 0            102                  2              19                 10                   1               31                 8            113                    1                  2             122                   1                11                 16                   2                28                     283
   2:30              PM               30               62                    3                 0              95                 2                6                  9                  4               17                 4              98                   1                  5             103                   0                  9                15                   0                24                     239
   2:45              PM               50               48                    3                 1            101                  5                6                  5                  2               16                 9           121                     6                  0             136                   2                22                 32                   3                56                     309
   3:00              PM               36               36                    2                 6              74                 2                6                 11                  0               19                 4              67                   0                  4               71                  4                23                 31                   1                58                     222
   3:15              PM               21               40                    3                 5              64                 0                2                 11                  2               13                 9              83                   2                  6               94                  4                37                 20                   7                61                     232
   3:30              PM               27               49                    3                 1              79                 4                7                29                   5               40                 1              72                   0                  4               73                  1                19                 16                   3                36                     228
   3:45              PM               26               27                    3                 8              56                 2              10                 15                   2               27                 6              64                   2                  9               72                  1                33                 24                   7                58                     213
   4:00              PM               19               82                    1                 5            102                  2                9                16                   3               27                 5              95                   1                  4             101                   0                27                 34                   2                61                     291
   4:15              PM                  3             60                    0                 4              63                 5                6                  7                  0               18                 6              59                   8                  7               73                  2                17                 16                   9                35                     189
   4:30              PM               17               95                    1                 4            113                  0                2                10                   2               12               10               93                   7                  6             110                   2                24                 24                   3                50                     285
   4:45              PM               11               72                    1                 2              84                 5              10                   6                10                21                 7           107                     3                  3             117                   1                15                 24                   6                40                     262
   5:00              PM               11              113                    1                 3            125                  7                7                13                   2               27                 5              92                   6                  3             103                   0                22                 19                   5                41                     296
   5:15              PM                  0               0                   0                 0                0                0                0                  0                  0                 0                5           137                     3                  7             145                   0                21                 26                   5                47                     192
         Total                      615            2542                   37                59           3194                  90            370                 909                  59           1369                223           4157                  105                118            4485                   67               661                680                102             1408                   10456
      App             %            19.3             79.6                 1.2               1.8                                6.6            27.0               66.4                4.3                                 5.0            92.7                 2.3               2.6                                  4.8             46.9                48.3                 7.2
     Total              %            5.9            24.3                 0.4               0.6             30.5               0.9              3.5                8.7               0.6             13.1                2.1            39.8                 1.0               1.1             42.9                 0.6               6.3                 6.5                1.0             13.5
   INT            ID                                      ROAD 1                                                                                              ROAD 2                                                                     ROAD 3                                  ROAD 4                                     COMMUNITY                                                       TMC DATE
         21                           34TH STREET                                              NW                                  WOODLEY ROAD NW                                                                                                                                                                                                  -                                          4/6/2011
                                   TRUCKS
                                   NB                                                                                       EB                                                                                       SB                                                                                          WB
          Start                     Left            Thru              Right               Ped                NB              Left           Thru              Right               Ped                 EB              Left            Thru                Right               Ped                  SB               Left             Thru              Right                Ped                 WB                Interval
        Time                                                                                              Total                                                                                   Total                                                                                        Total                                                                                         Total                   Total
   6:30             AM                   0               0                   0                 0                0                0                0                  0                 0                0                 0                 0                    0                 0                 0                  0                 0                   0                 0                  0                        0
   6:45             AM                   0               0                   0                 0                0                0                2                  0                 0                2                 0                 0                    0                 0                 0                  0                 1                   0                 0                  1                        3
   7:00             AM                   0               1                   0                 0                1                0                1                  0                 0                1                 0                 0                    0                 0                 0                  0                 1                   0                 0                  1                        3
   7:15             AM                   0               2                   0                 0                2                0                0                  0                 0                0                 0                 0                    0                 0                 0                  0                 0                   0                 0                  0                        2
   7:30             AM                   1               0                   0                 0                1                0                1                  1                 0                2                 0                 0                    0                 0                 0                  0                 1                   0                 0                  1                        4
   7:45             AM                   0               0                   0                 0                0                0                1                  1                 0                2                 0                 0                    0                 0                 0                  0                 0                   0                 0                  0                        2
   8:00             AM                   0               0                   0                 0                0                0                1                  0                 0                1                 0                 0                    0                 0                 0                  0                 0                   0                 0                  0                        1
   8:15             AM                   0               0                   0                 0                0                0                0                  0                 0                0                 0                 2                    0                 0                 2                  0                 1                   0                 0                  1                        3
   8:30             AM                   0               0                   0                 0                0                0                1                  0                 0                1                 0                 0                    0                 0                 0                  0                 0                   0                 0                  0                        1
   8:45             AM                   1               0                   0                 0                1                0                1                  0                 0                1                 0                 0                    0                 0                 0                  0                 0                   0                 0                  0                        2
   9:00             AM                   0               0                   0                 0                0                0                1                  0                 0                1                 0                 0                    0                 0                 0                  0                 1                   0                 0                  1                        2
   9:15             AM                   0               0                   0                 0                0                0                0                  0                 0                0                 0                 0                    0                 0                 0                  0                 0                   0                 0                  0                        0
   9:30             AM                   0               0                   0                 0                0                0                0                  0                 0                0                 0                 0                    0                 0                 0                  0                 0                   0                 0                  0                        0
   9:45             AM                   0               0                   0                 0                0                0                0                  0                 0                0                 0                 0                    0                 0                 0                  0                 0                   0                 0                  0                        0
 10:00                AM                 0               0                   0                 0                0                0                0                  0                 0                0                 0                 0                    0                 0                 0                  0                 0                   0                 0                  0                        0
 10:15                AM                 0               0                   0                 0                0                0                1                  1                 0                2                 0                 0                    0                 0                 0                  0                 0                   0                 0                  0                        2
 10:30                AM                 0               0                   0                 0                0                0                1                  1                 0                2                 0                 0                    0                 0                 0                  0                 1                   0                 0                  1                        3
 10:45                AM                 0               0                   0                 0                0                0                0                  0                 0                0                 0                 0                    0                 0                 0                  0                 1                   0                 0                  1                        1
 11:00               AM                  0               0                   0                 0                0                0                0                  0                 0                0                 0                 0                    0                 0                 0                  0                 0                   0                 0                  0                        0
 11:15               AM                  0               0                   0                 0                0                0                0                  2                 0                2                 0                 0                    0                 0                 0                  0                 0                   0                 0                  0                        2
 11:30               AM                  0               0                   0                 0                0                0                1                  1                 0                2                 0                 0                    0                 0                 0                  0                 1                   0                 0                  1                        3
 11:45               AM                  0               0                   0                 0                0                0                0                  0                 0                0                 0                 0                    0                 0                 0                  0                 0                   0                 0                  0                        0
 12:00                 PM                0               0                   0                 0                0                0                0                  1                 0                1                 0                 0                    0                 0                 0                  0                 0                   0                 0                  0                        1
 12:15                 PM                0               0                   0                 0                0                0                1                  2                 0                3                 0                 0                    0                 0                 0                  0                 0                   0                 0                  0                        3
 12:30                 PM                0               0                   0                 0                0                0                0                  0                 0                0                 0                 0                    0                 0                 0                  0                 0                   0                 0                  0                        0
 12:45                 PM                0               0                   0                 0                0                0                0                  0                 0                0                 0                 0                    0                 0                 0                  0                 0                   0                 0                  0                        0
   1:00              PM                  0               0                   0                 0                0                0                0                  0                 0                0                 0                 0                    0                 0                 0                  0                 0                   0                 0                  0                        0
   1:15              PM                  0               0                   0                 0                0                0                0                  0                 0                0                 0                 0                    0                 0                 0                  0                 0                   0                 0                  0                        0
   1:30              PM                  2               0                   0                 0                2                0                1                  1                 0                2                 0                 0                    0                 0                 0                  0                 1                   0                 0                  1                        5
   1:45              PM                  0               0                   0                 0                0                0                4                  2                 0                6                 0                 0                    0                 0                 0                  0                 0                   0                 0                  0                        6
   2:00              PM                  1               3                   0                 0                4                0                1                  2                 0                3                 0                 0                    0                 0                 0                  0                 1                   0                 0                  1                        8
   2:15              PM                  0               1                   2                 0                3                0                1                  0                 0                1                 0                 1                    0                 0                 1                  0                 0                   0                 0                  0                        5
   2:30              PM                  0               0                   0                 0                0                0                1                  1                 0                2                 0                 0                    0                 0                 0                  0                 1                   0                 0                  1                        3
   2:45              PM                  0               0                   0                 0                0                0                0                  2                 0                2                 0                 0                    0                 0                 0                  0                 0                   0                 0                  0                        2
   3:00              PM                  0               0                   0                 0                0                0                1                  1                 0                2                 0                 0                    0                 0                 0                  0                 1                   0                 0                  1                        3
   3:15              PM                  0               0                   0                 0                0                0                1                  3                 0                4                 0                 0                    0                 0                 0                  0                 0                   1                 0                  1                        5
   3:30              PM                  1               0                   0                 0                1                0                1                  2                 0                3                 0                 0                    0                 0                 0                  0                 0                   0                 0                  0                        4
   3:45              PM                  0               0                   0                 0                0                0                0                  1                 0                1                 0                 0                    0                 0                 0                  0                 1                   0                 0                  1                        2
   4:00              PM                  0               0                   0                 0                0                0                1                  3                 0                4                 0                 1                    0                 0                 1                  0                 1                   0                 0                  1                        6
   4:15              PM                  0               0                   0                 0                0                0                2                  2                 0                4                 0                 0                    0                 0                 0                  0                 0                   0                 0                  0                        4
   4:30              PM                  0               0                   0                 0                0                0                0                  3                 0                3                 0                 0                    0                 0                 0                  0                 1                   0                 0                  1                        4
   4:45              PM                  0               0                   0                 0                0                0                1                  2                 0                3                 0                 0                    0                 0                 0                  0                 0                   0                 0                  0                        3
   5:00              PM                  0               0                   0                 0                0                0                1                  1                 0                2                 0                 0                    0                 0                 0                  0                 0                   0                 0                  0                        2
   5:15              PM                  0               0                   0                 0                0                0                0                  0                 0                0                 0                 0                    0                 0                 0                  0                 2                   0                 0                  2                        2
         Total                           6               7                   2                 0              15                 0              29                 36                  0              65                  0                 4                    0                 0                 4                  0               17                    1                 0                18                    102
      App             %            40.0             46.7               13.3                0.0                                0.0            44.6              55.4                 0.0                                0.0           100.0                    0.0               0.0                                  0.0            94.4                   5.6               0.0
     Total              %            5.9              6.9                2.0               0.0             14.7               0.0            28.4              35.3                 0.0            63.7                0.0               3.9                  0.0               0.0               3.9                0.0            16.7                   1.0               0.0             17.6
   INT            ID                                      ROAD 1                                                                                              ROAD 2                                                                     ROAD 3                                  ROAD 4                                     COMMUNITY                                                       TMC DATE
         21                           34TH STREET                                              NW                                  WOODLEY ROAD NW                                                                                                                                                                                                  -                                          4/6/2011
