                                                                               Turning                                      Movement                                                     Count                                Report                                   -      Cars                         &           Trucks
    INT            ID                                            ROAD 1                                                                                   ROAD 2                                                       ROAD 3                                    ROAD 4                                          COMMUNITY                                                              TMC DATE
       210                                   10TH STREET                                              NW                                     O        STREET                           NW                                                                                                                                                -                                            10/26/2016
                               CARS
                               NB                                                                                        EB                                                                                        SB                                                                                          WB
        Start                   Left           Thru               Right               Ped                 NB              Left           Thru               Right               Ped                 EB               Left            Thru              Right                Ped                 SB                Left             Thru               Right                Ped                WB                 Interval
       Time                                                                                            Total                                                                                     Total                                                                                       Total                                                                                         Total                     Total
 7:00             AM                0                0                  0                  6                 0                0              11                   6                  5               17                  1                6                   0                 2                  7                  1                  6                  0                  2                  7                      31
 7:15             AM                0                0                  0                  2                 0                0              17                   4                  4               21                  4                7                   1                 2                12                   6                  6                  0                  3               12                        45
 7:30             AM                0                0                  0                  3                 0                0                5                  2                  6                 7                 1              10                    3                 4                14                   7                13                   0                  1               20                        41
 7:45             AM                0                0                  0                  2                 0                0              12                   4                  4               16                  1              11                    0                 5                12                   6                19                   0                  9               25                        53
 8:00             AM                0                0                  0                12                  0                0              18                   1                12                19                  0              10                    2                 3                12                  11                28                   0                  6               39                        70
 8:15             AM                0                0                  0                16                  0                0                7                  7                  9               14                  1              23                    1               17                 25                 17                 17                   0                  3               34                        73
 8:30             AM                0                0                  0                13                  0                0              12                   2                  9               14                  2              16                    2               15                 20                 27                 19                   0                  2               46                        80
 8:45             AM                0                0                  0                  9                 0                0              10                   7                  8               17                  4              26                    0                 2                30                 24                 27                   0                  4               51                        98
 9:00             AM                0                0                  0                  2                 0                0              19                  11                  3               30                  2              27                    2                 4                31                 26                 18                   0                  0               44                      105
 9:15             AM                0                0                  0                  1                 0                0              15                   9                  8               24                  2              20                    2                 5                24                 20                 12                   0                  2               32                        80
 9:30             AM                0                0                  0                  3                 0                0              17                 10                   1               27                  3              19                    3                 0                25                 27                 24                   0                  1               51                      103
 9:45             AM                0                0                  0                  7                 0                0              16                   0                  4               16                  4              16                    1                 2                21                 10                 14                   0                  2               24                        61
 4:00             PM                0                0                  0                  6                 0                0              14                   2                  2               16                  4                2                   2                 3                  8                  2                14                   0                  3               16                        40
 4:15             PM                0                0                  0                  2                 0                0              18                   4                  2               22                  4                5                   1                 0                10                   8                15                   0                  4               23                        55
 4:30             PM                0                0                  0                  3                 0                0              26                   3                  4               29                  3                4                   0                 4                  7                  6                  7                  0                  3               13                        49
 4:45             PM                0                0                  0                  5                 0                0              28                   1                  4               29                  3                7                   1                 9                11                   3                10                   0                  9               13                        53
 5:00             PM                0                0                  0                13                  0                0              24                   2                  3               26                  0                8                   1               13                   9                  5                13                   0                  9               18                        53
 5:15             PM                0                0                  0                14                  0                0              43                   2                18                45                  3                7                   3                 3                13                   4                18                   0                  9               22                        80
 5:30             PM                0                0                  0                  8                 0                0              20                   2                  4               22                  0                7                   1               10                   8                  6                11                   0                11                17                        47
 5:45             PM                0                0                  0                13                  0                0              42                   4                  8               46                  3              14                    2                 5                19                   2                25                   0                18                27                        92
 6:00             PM                0                0                  0                  2                 0                0              29                   5                  6               34                  7                6                   1                 7                14                   3                  7                  0                10                10                        58
 6:15             PM                0                0                  0                  9                 0                0              40                   7                  3               47                  4                4                   1                 5                  9                  5                12                   0                17                17                        73
 6:30             PM                0                0                  0                  1                 0                0              31                   5                  6               36                  1                8                   1                 1                10                   5                21                   0                  9               26                        72
 6:45             PM                0                0                  0                  1                 0                0              25                   5                11                30                  2                5                   1                 4                  8                  2                10                   0                11                12                        50
       Total                        0                0                  0              153                   0                0            499                105                144               604                 59             268                   32              125                359                233               366                     0              148               599                     1562
     App            %            0.0              0.0                0.0               0.0                                 0.0            82.6               17.4              23.8                                16.4              74.7                  8.9             34.8                                  38.9              61.1                  0.0              24.7
   Total              %          0.0              0.0                0.0               9.8               0.0               0.0            31.9                 6.7               9.2             38.7                3.8             17.2                  2.0                8.0            23.0                14.9              23.4                  0.0                9.5              38.3
    INT            ID                                            ROAD 1                                                                                   ROAD 2                                                       ROAD 3                                    ROAD 4                                          COMMUNITY                                                              TMC DATE
       210                                   10TH STREET                                              NW                                     O        STREET                           NW                                                                                                                                                -                                            10/26/2016
                    TRUCKS
                    NB                                                                                             EB                                                                                                SB                                                                                              WB
  Start             Left           Thru             Right                    Ped                     NB             Left           Thru               Right                    Ped                     EB             Left           Thru             Right                   Ped                      SB              Left            Thru               Right                   Ped                     WB              Interval
 Time                                                                                            Total                                                                                             Total                                                                                           Total                                                                                               Total                  Total
  7:00                   0              0                 0                       6                     0               0                0                  0                      5                      0               0               0                 0                      2                      0                0                 0                  0                      2                      0                     0
    AM
  7:15                   0              0                 0                       2                     0               0                1                  0                      4                      1               0               1                 0                      2                      1                0                 0                  0                      3                      0                     2
    AM
  7:30                   0              0                 0                       3                     0               0                0                  0                      6                      0               0               0                 1                      4                      1                0                 0                  0                      1                      0                     1
    AM
  7:45                   0              0                 0                       2                     0               0                0                  0                      4                      0               0               1                 0                      5                      1                0                 2                  0                      9                      2                     3
    AM
  8:00                   0              0                 0                    12                       0               0                0                  0                    12                       0               0               0                 0                      3                      0                0                 0                  0                      6                      0                     0
    AM
  8:15                   0              0                 0                    16                       0               0                0                  0                      9                      0               0               0                 0                    17                       0                0                 0                  0                      3                      0                     0
    AM
  8:30                   0              0                 0                    13                       0               0                0                  0                      9                      0               0               0                 0                    15                       0                0                 0                  0                      2                      0                     0
    AM
  8:45                   0              0                 0                       9                     0               0                0                  0                      8                      0               0               0                 0                      2                      0                0                 0                  0                      4                      0                     0
    AM
  9:00                   0              0                 0                       2                     0               0                0                  0                      3                      0               0               0                 0                      4                      0                0                 0                  0                      0                      0                     0
    AM
  9:15                   0              0                 0                       1                     0               0                0                  0                      8                      0               0               0                 0                      5                      0                0                 1                  0                      2                      1                     1
    AM
  9:30                   0              0                 0                       3                     0               0                0                  0                      1                      0               0               0                 0                      0                      0                0                 0                  0                      1                      0                     0
    AM
  9:45                   0              0                 0                       7                     0               0                0                  0                      4                      0               0               0                 0                      2                      0                0                 0                  0                      2                      0                     0
    AM
  4:00                   0              0                 0                       6                     0               0                0                  0                      2                      0               0               0                 0                      3                      0                0                 1                  0                      3                      1                     1
    PM
  4:15                   0              0                 0                       2                     0               0                0                  0                      2                      0               0               0                 0                      0                      0                0                 0                  0                      4                      0                     0
    PM
  4:30                   0              0                 0                       3                     0               0                1                  0                      4                      1               0               1                 0                      4                      1                0                 0                  0                      3                      0                     2
    PM
  4:45                   0              0                 0                       5                     0               0                0                  0                      4                      0               0               0                 0                      9                      0                0                 0                  0                      9                      0                     0
    PM
  5:00                   0              0                 0                    13                       0               0                0                  0                      3                      0               0               0                 0                    13                       0                0                 0                  0                      9                      0                     0
    PM
  5:15                   0              0                 0                    14                       0               0                0                  0                    18                       0               0               0                 0                      3                      0                0                 0                  0                      9                      0                     0
    PM
  5:30                   0              0                 0                       8                     0               0                0                  0                      4                      0               0               0                 0                    10                       0                0                 0                  0                    11                       0                     0
    PM
  5:45                   0              0                 0                    13                       0               0                0                  0                      8                      0               0               0                 0                      5                      0                0                 0                  0                    18                       0                     0
    PM
  6:00                   0              0                 0                       2                     0               0                0                  0                      6                      0               0               0                 0                      7                      0                0                 0                  0                    10                       0                     0
    PM
  6:15                   0              0                 0                       9                     0               0                0                  0                      3                      0               0               0                 0                      5                      0                0                 0                  0                    17                       0                     0
    PM
  6:30                   0              0                 0                       1                     0               0                0                  0                      6                      0               0               0                 0                      1                      0                0                 0                  0                      9                      0                     0
    PM
  6:45                   0              0                 0                       1                     0               0                0                  0                    11                       0               0               0                 0                      4                      0                0                 0                  0                    11                       0                     0
    PM
 Total                   0              0                 0                  153                        0               0                2                  0                  144                        2               0               3                 1                  125                        4                0                 4                  0                  148                        4                   10
   App               0.0             0.0                0.0                   0.0                                    0.0          100.0                   0.0            7,200.0                                       0.0          75.0               25.0             3,125.0                                         0.0           100.0                  0.0            3,700.0
       %
 Total               0.0             0.0                0.0            1,530.0                      0.0              0.0            20.0                  0.0            1,440.0                    20.0               0.0          30.0               10.0             1,250.0                     40.0                0.0             40.0                 0.0            1,480.0                     40.0
       %
    INT            ID                                            ROAD 1                                                                                   ROAD 2                                                       ROAD 3                                    ROAD 4                                          COMMUNITY                                                              TMC DATE
       210                                   10TH STREET                                              NW                                     O        STREET                           NW                                                                                                                                                -                                            10/26/2016
