                                                                               Turning                                      Movement                                                     Count                                Report                                   -      Cars                         &           Trucks
   INT            ID                                                    ROAD 1                                                                                            ROAD 2                                                      ROAD 3                                  ROAD 4                                    COMMUNITY                                                          TMC DATE
       214                                ALABAMA AVENUE SE                                                                                              36TH PLACE SE                                                                                                                                                                          -                                        11/14/2016
                              CARS
                              NB                                                                                            EB                                                                                        SB                                                                                        WB
        Start                   Left           Thru              Right                  Ped                  NB              Left           Thru               Right               Ped                 EB              Left           Thru               Right               Ped                 SB               Left             Thru               Right                Ped                WB                Interval
      Time                                                                                                Total                                                                                     Total                                                                                     Total                                                                                        Total                     Total
 6:00             AM                0                0                  4                   0                   4                0              13                   0                  2               13                 0                0                  0                  0                 0                 0                23                   1                  0                24                       41
 6:15             AM                0                0                  0                   0                   0                0              15                   1                  0               16                 0                0                  0                  0                 0                 0                42                   0                  0                42                       58
 6:30             AM                2                0                  0                   1                   2                0              24                   0                  0               24                 0                0                  0                  0                 0                 1                56                   0                  0                57                       83
 6:45             AM                3                0                  0                   1                   3                0              18                   0                  3               18                 0                0                  0                  0                 0                 0                81                   0                  0                81                     102
 7:00             AM                8                0                  0                   0                   8                0              42                   0                  1               42                 0                0                  0                  5                 0                 0              137                    0                  0             137                       187
 7:15             AM                4                0                  0                   0                   4                0              49                   1                  2               50                 0                0                  0                  1                 0                 1              173                    0                  0             174                       228
 7:30             AM                3                0                  1                   0                   4                0              74                   2                  2               76                 0                0                  0                  4                 0                 2              155                    0                  0             157                       237
 7:45             AM                4                0                  0                   3                   4                0              69                   2                  2               71                 0                0                  0                  1                 0                 3              155                    0                  0             158                       233
 8:00             AM                2                0                  2                 13                    4                0              78                   2                  9               80                 0                0                  0                  7                 0                 4              140                    0                  0             144                       228
 8:15             AM                5                0                  8                 24                  13                 0              92                   7                  6               99                 0                0                  0                28                  0               13               126                    0                  0             139                       251
 8:30             AM                4                0                  0                 19                    4                0              63                   4                  9               67                 0                0                  0                29                  0                 4                91                   0                  0                95                     166
 8:45             AM                3                0                  0                 11                    3                0              85                   7                  7               92                 0                0                  0                  7                 0                 7              109                    0                  0             116                       211
 4:00             PM                1                0                  0                   0                   1                0            110                    4                  0             114                  0                0                  0                  3                 0                 0                94                   0                  0                94                     209
 4:15             PM                0                0                  2                   0                   2                0           107                     2                  2             109                  0                0                  0                  1                 0                 1                96                   0                  0                97                     208
 4:30             PM                1                0                  1                   0                   2                0              99                   5                  3             104                  0                0                  0                  1                 0                 2              116                    0                  0             118                       224
 4:45             PM                0                0                  2                   0                   2                0            114                    3                  6             117                  0                0                  0                  4                 0                 1              117                    0                  0             118                       237
 5:00             PM                0                0                  2                   0                   2                0              97                   3                  2             100                  0                0                  0                  3                 0                 1              120                    0                  0             121                       223
 5:15             PM                0                0                  1                   1                   1                0           109                     2                  0             111                  0                0                  0                  3                 0                 0              103                    0                  0             103                       215
 5:30             PM                0                0                  1                   3                   1                0           127                     7                  6             134                  0                0                  0                  0                 0                 0              125                    0                  0             125                       260
 5:45             PM                1                0                  1                   5                   2                0              94                   6                  5             100                  0                0                  0                  1                 0                 1              107                    0                  0             108                       210
 6:00             PM                0                0                  0                   0                   0                0           144                     5                  0             149                  0                0                  0                  2                 0                 2              124                    0                  0             126                       275
 6:15             PM                0                0                  1                   5                   1                0            114                    6                  3             120                  0                0                  0                  0                 0                 3                98                   0                  0             101                       222
 6:30             PM                0                0                  3                   5                   3                0            112                    3                  9             115                  0                0                  0                  3                 0                 2                97                   0                  0                99                     217
 6:45             PM                1                0                  0                   0                   1                0              85                   3                  1               88                 0                0                  0                  0                 0                 2                95                   0                  0                97                     186
       Total                      42                 0                29                  91                  71                 0         1934                    75                 80           2009                    0                0                  0              103                   0               50            2580                      1                  0           2631                      4711
    App             %          59.2               0.0              40.8              128.2                                    0.0            96.3                 3.7               4.0                                 0.0              0.0                0.0               0.0                                  1.9             98.1                  0.0                0.0
   Total              %          0.9              0.0                0.6                 1.9                 1.5              0.0            41.1                 1.6               1.7             42.6                0.0              0.0                0.0               2.2               0.0                1.1             54.8                  0.0                0.0             55.8
   INT            ID                                                    ROAD 1                                                                                            ROAD 2                                                      ROAD 3                                  ROAD 4                                    COMMUNITY                                                          TMC DATE
       214                                ALABAMA AVENUE SE                                                                                              36TH PLACE SE                                                                                                                                                                          -                                        11/14/2016
                              TRUCKS
                              NB                                                                                       EB                                                                                             SB                                                                                        WB
        Start                  Left           Thru              Right                Ped                NB              Left            Thru               Right                  Ped                  EB              Left           Thru               Right               Ped                 SB               Left             Thru               Right                Ped                WB                Interval
      Time                                                                                          Total                                                                                           Total                                                                                     Total                                                                                        Total                     Total
 6:00             AM                0               0                   0                 0                0                0                 0                   0                   2                   0                0                0                  0                  0                 0                 0                  1                  0                  0                  1                        1
 6:15             AM                0               0                   0                 0                0                0                 3                   0                   0                   3                0                0                  0                  0                 0                 0                  6                  0                  0                  6                        9
 6:30             AM                0               0                   0                 1                0                0                 5                   0                   0                   5                0                0                  0                  0                 0                 0                  6                  0                  0                  6                      11
 6:45             AM                0               0                   0                 1                0                0                 3                   0                   3                   3                0                0                  0                  0                 0                 0                  8                  0                  0                  8                      11
 7:00             AM                0               0                   0                 0                0                0                 6                   0                   1                   6                0                0                  0                  5                 0                 0                  8                  0                  0                  8                      14
 7:15             AM                0               0                   0                 0                0                0                 3                   0                   2                   3                0                0                  0                  1                 0                 0                10                   0                  0                10                       13
 7:30             AM                0               0                   0                 0                0                0                 0                   0                   2                   0                0                0                  0                  4                 0                 0                  7                  0                  0                  7                        7
 7:45             AM                0               0                   0                 3                0                0                 2                   0                   2                   2                0                0                  0                  1                 0                 1                11                   0                  0                12                       14
 8:00             AM                0               0                   0              13                  0                0                 1                   0                   9                   1                0                0                  0                  7                 0                 0                10                   0                  0                10                       11
 8:15             AM                0               0                   0              24                  0                0                 1                   0                   6                   1                0                0                  0                28                  0                 0                10                   0                  0                10                       11
 8:30             AM                0               0                   0              19                  0                0                 3                   0                   9                   3                0                0                  0                29                  0                 0                  5                  0                  0                  5                        8
 8:45             AM                0               0                   0              11                  0                0                 0                   0                   7                   0                0                0                  0                  7                 0                 0                  9                  0                  0                  9                        9
 4:00             PM                0               0                   0                 0                0                0                 0                   0                   0                   0                0                0                  0                  3                 0                 0                  8                  0                  0                  8                        8
 4:15             PM                0               0                   0                 0                0                0                 5                   0                   2                   5                0                0                  0                  1                 0                 0                  7                  0                  0                  7                      12
 4:30             PM                0               0                   0                 0                0                0                 3                   0                   3                   3                0                0                  0                  1                 0                 0                  3                  0                  0                  3                        6
 4:45             PM                0               0                   0                 0                0                0                 2                   0                   6                   2                0                0                  0                  4                 0                 0                  8                  0                  0                  8                      10
 5:00             PM                0               0                   0                 0                0                0                 0                   0                   2                   0                0                0                  0                  3                 0                 0                  2                  0                  0                  2                        2
 5:15             PM                0               0                   0                 1                0                0                 1                   0                   0                   1                0                0                  0                  3                 0                 0                  3                  0                  0                  3                        4
 5:30             PM                0               0                   0                 3                0                0                 1                   0                   6                   1                0                0                  0                  0                 0                 0                  5                  0                  0                  5                        6
 5:45             PM                0               0                   0                 5                0                0                 0                   0                   5                   0                0                0                  0                  1                 0                 0                  0                  0                  0                  0                        0
 6:00             PM                0               0                   0                 0                0                0                 0                   0                   0                   0                0                0                  0                  2                 0                 0                  0                  0                  0                  0                        0
 6:15             PM                0               0                   0                 5                0                0                 0                   0                   3                   0                0                0                  0                  0                 0                 0                  1                  0                  0                  1                        1
 6:30             PM                0               0                   0                 5                0                0                 1                   0                   9                   1                0                0                  0                  3                 0                 0                  1                  0                  0                  1                        2
 6:45             PM                0               0                   0                 0                0                0                 1                   0                   1                   1                0                0                  0                  0                 0                 0                  0                  0                  0                  0                        1
       Total                        0               0                   0              91                  0                0               41                    0                 80                  41                 0                0                  0              103                   0                 1              129                    0                  0             130                       171
    App             %            0.0             0.0                0.0               0.0                                0.0          100.0                    0.0             195.1                                    0.0              0.0                0.0               0.0                                  0.8             99.2                  0.0                0.0
   Total              %          0.0             0.0                0.0             53.2                0.0              0.0            24.0                   0.0               46.8                24.0               0.0              0.0                0.0             60.2                0.0                0.6             75.4                  0.0                0.0             76.0
   INT            ID                                                    ROAD 1                                                                                            ROAD 2                                                      ROAD 3                                  ROAD 4                                    COMMUNITY                                                          TMC DATE
       214                                ALABAMA AVENUE SE                                                                                              36TH PLACE SE                                                                                                                                                                          -                                        11/14/2016
