                                                                               Turning                                      Movement                                                     Count                                Report                                   -      Cars                         &           Trucks
  INT            ID                                              ROAD 1                                                                                                     ROAD 2                                                                 ROAD 3                               ROAD 4                                 COMMUNITY                                                     TMC DATE
     216                            ALABAMA AVENUE SE                                                                                          GOOD HOPE ROAD SE                                                                                                                                                                                       -                                    11/14/2016
                              CARS
                              NB                                                                                        EB                                                                                        SB                                                                                            WB
        Start                   Left           Thru              Right               Ped                 NB              Left           Thru              Right                Ped                 EB                Left             Thru               Right               Ped                 SB               Left             Thru               Right                Ped                WB                Interval
      Time                                                                                           Total                                                                                     Total                                                                                          Total                                                                                        Total                     Total
 6:00             AM                1                2                  1                 0                 4                0             10                    1                  1              11                  10                   4                  0                  0               14                  1                19                 31                   0                51                       80
 6:15             AM                1                6                  0                 0                 7                0             16                    0                  0              16                  12                   8                  0                  0               20                  1                24                 36                   0                61                     104
 6:30             AM                3                5                  0                 0                 8                0             21                    0                  0              21                  20                   2                  1                  2               23                  0                35                 82                   0             117                       169
 6:45             AM                2                5                  1                 0                 8                1             23                    2                  0              26                  19                   4                  1                  1               24                  0                51                 86                 13              137                       195
 7:00             AM                7              16                   2                 0              25                  3             35                    2                  0              40                  20                   6                  0                  1               26                  0                73               147                    0             220                       311
 7:15             AM                8              10                   1                 0              19                  3             42                    0                  1              45                  24                   4                  1                  1               29                  0                74               156                    0             230                       323
 7:30             AM                2                9                  2                 0              13                  2             49                    1                  1              52                  37                   9                  0                  1               46                  3              121                170                    0             294                       405
 7:45             AM                7                8                  1                 1              16                  3             43                    0                  0              46                  27                 10                   0                  1               37                  1                97               150                    0             248                       347
 8:00             AM                7                9                  1                 0              17                  0             59                    1                  0              60                  48                 16                   2                  2               66                  2                88               144                    0             234                       377
 8:15             AM                8              10                   2                 2              20                  4             56                    1                  2              61                  41                 12                   0                  3               53                  5                70               143                    0             218                       352
 8:30             AM                2              10                 10                  0              22                  4             62                    0                  1              66                  43                 13                   2                  6               58                  3                71               128                    1             202                       348
 8:45             AM                3              11                   2                 4              16                  4             47                    1                  0              52                  43                 12                   3                  2               58                  4                68                 97                   0             169                       295
 4:00             PM              19               15                   3                 1              37                  6             90                    2                  9              98                107                  18                   2                33              127                   2                78                 59                   8             139                       401
 4:15             PM              10               31                 13                  6              54                  1             90                    7                  6              98                121                  24                   1                13              146                   8                95                 46                   0             149                       447
 4:30             PM              20               19                   7                 5              46                  4             76                    7                  1              87                110                  29                   1                11              140                   8              112                  37                 14              157                       430
 4:45             PM              24               47                 16                  0              87                  0             89                    7                  1              96                197                  35                   3                  4             235                   3                96                 90                   2             189                       607
 5:00             PM              20               44                   5               15               69                  5            110                    0                  7            115                 170                  22                   3                  6             195                   4              136                  83                   0             223                       602
 5:15             PM                7              14                   3                 6              24                  6           100                     6                  4            112                   88                 33                   3                  5             124                   8                90                 53                   0             151                       411
 5:30             PM              16               23                   8                 6              47                  2           104                     3                  2            109                   73                 24                   2                  4               99                  3                74                 57                   3             134                       389
 5:45             PM              11               22                   3                 2              36                  0             74                    6                  0              80                  87                 20                   0                  6             107                   2                73                 46                   0             121                       344
 6:00             PM              16               14                   1                 2              31                  5             94                    1                  0            100                 102                  25                   2                13              129                   2                75                 57                   0             134                       394
 6:15             PM              15               17                   8                 3              40                  6             91                  10                   2            107                   74                 28                   0                10              102                   1                66                 55                   0             122                       371
 6:30             PM                7              20                   6                 4              33                  2             84                    6                  4              92                  70                 20                   0                  2               90                  7                56                 45                   0             108                       323
 6:45             PM                9              14                 11                  2              34                  0             70                  11                   0              81                  73                 17                   0                  6               90                  2                57                 43                   0             102                       307
       Total                    225              381                107                 59             713                 61          1535                    75                42            1671                1616                395                   27               133            2038                   70            1799                2041                   41            3910                      8332
    App             %          31.6             53.4               15.0                8.3                                3.7           91.9                  4.5               2.5                                79.3               19.4                  1.3               6.5                                  1.8             46.0                52.2                 1.0
   Total              %          2.7              4.6                1.3               0.7               8.6              0.7           18.4                  0.9               0.5             20.1               19.4                 4.7                 0.3               1.6             24.5                 0.8             21.6                24.5                 0.5             46.9
  INT            ID                                              ROAD 1                                                                                                     ROAD 2                                                                 ROAD 3                               ROAD 4                                 COMMUNITY                                                     TMC DATE
     216                            ALABAMA AVENUE SE                                                                                          GOOD HOPE ROAD SE                                                                                                                                                                                       -                                    11/14/2016
                             TRUCKS
                             NB                                                                                                 EB                                                                                        SB                                                                                          WB
       Start                  Left           Thru              Right                     Ped                     NB             Left           Thru             Right                 Ped                 EB              Left           Thru              Right                  Ped                  SB               Left            Thru              Right               Ped                WB               Interval
     Time                                                                                                     Total                                                                                    Total                                                                                       Total                                                                                      Total                   Total
6:00             AM               0               0                   0                      0                      0               0               0                 0                   1                  0                1                0                  0                   0                  1                  0                2                   0                 0                2                       3
6:15             AM               0               0                   0                      0                      0               0               1                 0                   0                  1                1                0                  0                   0                  1                  0                1                   1                 0                2                       4
6:30             AM               0               0                   0                      0                      0               0               1                 0                   0                  1                1                0                  0                   2                  1                  0                5                   2                 0                7                       9
6:45             AM               0               0                   0                      0                      0               0               1                 0                   0                  1                2                1                  0                   1                  3                  0                4                   3               13                 7                      11
7:00             AM               0               0                   0                      0                      0               0               0                 0                   0                  0                1                0                  0                   1                  1                  0                5                   3                 0                8                       9
7:15             AM               0               0                   0                      0                      0               0               1                 0                   1                  1                2                0                  0                   1                  2                  0                5                   2                 0                7                     10
7:30             AM               0               0                   0                      0                      0               0               0                 0                   1                  0                6                1                  0                   1                  7                  0                2                   4                 0                6                     13
7:45             AM               0               0                   0                      1                      0               0               0                 0                   0                  0                4                0                  0                   1                  4                  0                3                   2                 0                5                       9
8:00             AM               0               0                   0                      0                      0               0               0                 0                   0                  0                2                0                  0                   2                  2                  0                7                   3                 0              10                      12
8:15             AM               0               0                   0                      2                      0               0               0                 0                   2                  0                2                0                  0                   3                  2                  0                7                   1                 0                8                     10
8:30             AM               0               0                   0                      0                      0               0               0                 0                   1                  0                2                0                  0                   6                  2                  0                3                   3                 1                6                       8
8:45             AM               0               0                   0                      4                      0               0               1                 0                   0                  1                3                0                  0                   2                  3                  0                3                   1                 0                4                       8
4:00             PM               0               0                   0                      1                      0               0               1                 0                   9                  1                2                1                  0                 33                   3                  0                5                   1                 8                6                     10
4:15             PM               0               0                   0                      6                      0               0               7                 0                   6                  7                4                1                  0                 13                   5                  0                6                   1                 0                7                     19
4:30             PM               0               0                   0                      5                      0               1               2                 0                   1                  3                6                2                  0                 11                   8                  0                6                   1               14                 7                     18
4:45             PM               0               1                   0                      0                      1               0               2                 0                   1                  2                2                0                  0                   4                  2                  0                8                   1                 2                9                     14
5:00             PM               0               0                   0                    15                       0               0               3                 0                   7                  3                2                0                  0                   6                  2                  0                6                   1                 0                7                     12
5:15             PM               0               0                   0                      6                      0               0               0                 0                   4                  0                2                0                  0                   5                  2                  0                0                   0                 0                0                       2
5:30             PM               0               0                   0                      6                      0               0               0                 0                   2                  0                3                0                  0                   4                  3                  0                3                   0                 3                3                       6
5:45             PM               0               0                   0                      2                      0               0               3                 0                   0                  3                3                0                  0                   6                  3                  0                0                   0                 0                0                       6
6:00             PM               0               0                   0                      2                      0               0               2                 0                   0                  2                1                0                  0                 13                   1                  0                0                   0                 0                0                       3
6:15             PM               0               0                   0                      3                      0               0               0                 0                   2                  0                2                0                  0                 10                   2                  0                0                   0                 0                0                       2
6:30             PM               0               0                   0                      4                      0               0               0                 0                   4                  0                2                0                  0                   2                  2                  0                0                   0                 0                0                       2
6:45             PM               0               0                   0                      2                      0               0               2                 0                   0                  2                1                0                  0                   6                  1                  0                1                   0                 0                1                       4
      Total                       0               1                   0                    59                       1               1             27                  0                 42                 28               57                 6                  0               133                  63                   0              82                  30                41              112                    204
   App             %          0.0          100.0                   0.0            5,900.0                                        3.6           96.4                0.0             150.0                                 90.5               9.5                0.0             211.1                                     0.0            73.2               26.8              36.6
  Total              %        0.0               0.5                0.0                  28.9                    0.5              0.5           13.2                0.0               20.6               13.7             27.9               2.9                0.0               65.2               30.9                 0.0            40.2               14.7              20.1              54.9
  INT            ID                                              ROAD 1                                                                                                     ROAD 2                                                                 ROAD 3                               ROAD 4                                 COMMUNITY                                                     TMC DATE
     216                            ALABAMA AVENUE SE                                                                                          GOOD HOPE ROAD SE                                                                                                                                                                                       -                                    11/14/2016
