                                                                               Turning                                      Movement                                                     Count                                Report                                   -      Cars                         &           Trucks
  INT            ID                                                 ROAD 1                                                                                                ROAD 2                                                           ROAD 3                                 ROAD 4                                    COMMUNITY                                                       TMC DATE
      218                              ALABAMA AVENUE SE                                                                                            IRVING STREET                                                  SE                                                                                                                              -                                       11/14/2016
                               CARS
                               NB                                                                                        EB                                                                                         SB                                                                                         WB
        Start                   Left           Thru               Right               Ped                 NB               Left           Thru               Right               Ped                 EB              Left            Thru              Right                Ped                 SB               Left              Thru              Right                Ped                WB                 Interval
       Time                                                                                            Total                                                                                     Total                                                                                       Total                                                                                         Total                    Total
 6:00             AM                5              47                   4                  2               56                  0                4                  0                  1                 4                3              27                    4                 1                34                   3                 1                   3                 0                  7                     101
 6:15             AM                2              62                   3                  0               67                  2                2                  0                  1                 4                3              42                    4                 2                49                   7                 4                   7                 1                18                      138
 6:30             AM                1              68                   7                  2               76                  4                1                  1                  0                 6                8              61                    7                 3                76                   2                 0                   7                 0                  9                     167
 6:45             AM                3              75                   7                  1               85                  4                1                  5                  0               10                 3              71                    7                 1                81                   1                 7                   6                 0                14                      190
 7:00             AM                6              84                   9                  1               99                  6                0                  7                  0               13                 2              96                  22                  4              120                    7                 9                   8                 0                24                      256
 7:15             AM                4            116                    5                  1             125                   6                3                  2                  0               11                 3            100                   20                  2              123                    1                 6                   4                 0                11                      270
 7:30             AM                6            133                    5                  6             144                   5                2                  4                  1               11                 6            129                   47                  1              182                    6                 8                   4                 1                18                      355
 7:45             AM                7            127                    3                  1             137                   6                1                10                   2               17                 6            129                   24                  4              159                    5                 4                   6                 0                15                      328
 8:00             AM                4            128                    3                  3             135                   5                2                  5                  3               12                 3            118                   24                  5              145                    2                 6                   7                 2                15                      307
 8:15             AM                2            133                    5                  1             140                   5                0                  4                  1                 9                7            123                   19                  5              149                    6                 0                 11                  1                17                      315
 8:30             AM                4            118                    3                  6             125                   8                2                 11                  4               21                 9            113                   12                  2              134                    6                 0                   6                 3                12                      292
 8:45             AM                2            109                    6                  3             117                   6                0                  4                  2               10                 7            128                     1                 1              136                    5                 1                   8                 1                14                      277
 4:00             PM                3            130                    3                  3             136                 10                 7                  7                  2               24                 6            161                   10                  4              177                    4                 8                   7                 2                19                      356
 4:15             PM                2            137                    5                  1             144                   8                6                  5                  2               19                 6            155                   12                  1              173                    3                 3                   1                 0                  7                     343
 4:30             PM                5            137                    5                  2             147                   2                2                  8                  0               12                 7            161                   10                  1              178                    3                 3                   5                 4                11                      348
 4:45             PM                2            115                    7                  8             124                   6                2                  4                  1               12                 8            167                   14                  0              189                 12                   7                   6                 3                25                      350
 5:00             PM                3            136                    2                  1             141                   7                3                  6                  7               16                 3            151                     9                 6              163                    4                 2                   3                 3                  9                     329
 5:15             PM                3            124                    0                  9             127                   8                3                  4                  3               15                 5            175                   13                  1              193                    3                 4                   1                 2                  8                     343
 5:30             PM                0            153                    2                  3             155                   7                5                  4                  5               16                 5            185                   15                  1              205                    2                 2                   8                 1                12                      388
 5:45             PM                3            133                    6                12              142                   5                1                  5                  2               11                 5            171                     8                 0              184                    4                 0                   2                 2                  6                     343
 6:00             PM                4            148                    2                  3             154                   4                7                10                   0               21                 5            163                   12                  2              180                    1                 1                   2                 3                  4                     359
 6:15             PM                1            148                    7                  0             156                   7                7                  3                  1               17                 6            157                   10                  2              173                    3                 4                   5                 1                12                      358
 6:30             PM                6            112                  10                   6             128                   5                6                  7                  1               18                 3            133                   13                  1              149                    9                 4                   5                 0                18                      313
 6:45             PM                6            103                  12                   1             121                   5                5                  7                  2               17                 6            139                     7                 4              152                    7                 5                   4                 0                16                      306
       Total                      84          2776                  121                  76            2981                131               72                123                  41             326               125            3055                 324                  54            3504                 106                  89               126                  30               321                    7132
     App            %            2.8            93.1                 4.1               2.5                               40.2              22.1               37.7              12.6                                  3.6            87.2                  9.2               1.5                                 33.0              27.7                39.3                9.3
   Total              %          1.2            38.9                 1.7               1.1             41.8                1.8               1.0                1.7               0.6               4.6               1.8            42.8                  4.5               0.8             49.1                  1.5               1.2                 1.8               0.4                4.5
  INT            ID                                                 ROAD 1                                                                                                ROAD 2                                                           ROAD 3                                 ROAD 4                                    COMMUNITY                                                       TMC DATE
      218                              ALABAMA AVENUE SE                                                                                            IRVING STREET                                                  SE                                                                                                                              -                                       11/14/2016
                              TRUCKS
                              NB                                                                                       EB                                                                                             SB                                                                                        WB
        Start                  Left           Thru              Right                Ped                NB               Left           Thru              Right                   Ped                  EB              Left           Thru               Right               Ped                 SB               Left             Thru               Right                Ped                WB                Interval
      Time                                                                                          Total                                                                                           Total                                                                                     Total                                                                                        Total                     Total
 6:00             AM                0               4                   0                 2                4                 0               0                   0                    1                   0                0                1                  0                  1                 1                 0                  0                  0                  0                  0                        5
 6:15             AM                0               5                   0                 0                5                 1               0                   0                    1                   1                0                3                  2                  2                 5                 0                  0                  0                  1                  0                      11
 6:30             AM                0               5                   0                 2                5                 1               0                   0                    0                   1                0                7                  2                  3                 9                 0                  0                  0                  0                  0                      15
 6:45             AM                0               7                   0                 1                7                 0               0                   0                    0                   0                0                7                  2                  1                 9                 0                  0                  0                  0                  0                      16
 7:00             AM                1               5                   0                 1                6                 1               0                   0                    0                   1                0                3                  2                  4                 5                 0                  0                  0                  0                  0                      12
 7:15             AM                0               8                   0                 1                8                 0               0                   0                    0                   0                0                7                  3                  2               10                  0                  0                  0                  0                  0                      18
 7:30             AM                0               7                   0                 6                7                 0               0                   0                    1                   0                0                6                  2                  1                 8                 0                  0                  0                  1                  0                      15
 7:45             AM                0               5                   0                 1                5                 2               0                   0                    2                   2                0                6                  3                  4                 9                 0                  0                  0                  0                  0                      16
 8:00             AM                0               7                   0                 3                7                 0               0                   0                    3                   0                0                8                  3                  5               11                  0                  0                  0                  2                  0                      18
 8:15             AM                0               5                   0                 1                5                 1               0                   0                    1                   1                0                8                  2                  5               10                  0                  0                  0                  1                  0                      16
 8:30             AM                0               6                   0                 6                6                 1               0                   0                    4                   1                0                6                  0                  2                 6                 0                  0                  0                  3                  0                      13
 8:45             AM                0               9                   0                 3                9                 1               0                   0                    2                   1                0                2                  0                  1                 2                 0                  0                  0                  1                  0                      12
 4:00             PM                0               2                   0                 3                2                 2               0                   0                    2                   2                0              11                   2                  4               13                  0                  0                  0                  2                  0                      17
 4:15             PM                0               5                   0                 1                5                 1               0                   0                    2                   1                0                7                  2                  1                 9                 0                  0                  0                  0                  0                      15
 4:30             PM                0               3                   0                 2                3                 1               0                   0                    0                   1                0                6                  1                  1                 7                 0                  0                  0                  4                  0                      11
 4:45             PM                0               3                   0                 8                3                 3               0                   0                    1                   3                0                7                  1                  0                 8                 0                  0                  0                  3                  0                      14
 5:00             PM                0               5                   0                 1                5                 1               0                   0                    7                   1                0                7                  1                  6                 8                 0                  0                  0                  3                  0                      14
 5:15             PM                0               2                   0                 9                2                 1               0                   0                    3                   1                0                7                  3                  1               10                  0                  0                  0                  2                  0                      13
 5:30             PM                0               1                   0                 3                1                 3               0                   1                    5                   4                0                7                  1                  1                 8                 0                  0                  0                  1                  0                      13
 5:45             PM                0               9                   0              12                  9                 0               0                   0                    2                   0                0                7                  2                  0                 9                 0                  0                  0                  2                  0                      18
 6:00             PM                0               3                   0                 3                3                 1               0                   0                    0                   1                0                2                  0                  2                 2                 0                  0                  0                  3                  0                        6
 6:15             PM                0               4                   0                 0                4                 1               0                   0                    1                   1                0                3                  1                  2                 4                 0                  0                  0                  1                  0                        9
 6:30             PM                0               2                   0                 6                2                 2               0                   0                    1                   2                0                2                  1                  1                 3                 0                  0                  0                  0                  0                        7
 6:45             PM                0               4                   0                 1                4                 1               0                   0                    2                   1                0                3                  0                  4                 3                 0                  0                  0                  0                  0                        8
       Total                        1            116                    0              76              117                 25                0                   1                  41                  26                 0           133                   36                 54              169                   0                  0                  0                30                   0                    312
    App             %            0.9           99.1                 0.0             65.0                               96.2                0.0                3.8              157.7                                    0.0            78.7               21.3              32.0                                   0.0               0.0                 0.0                0.0
   Total              %          0.3           37.2                 0.0             24.4              37.5               8.0               0.0                0.3                13.1                  8.3              0.0            42.6               11.5              17.3              54.2                 0.0               0.0                 0.0                9.6               0.0
  INT            ID                                                 ROAD 1                                                                                                ROAD 2                                                           ROAD 3                                 ROAD 4                                    COMMUNITY                                                       TMC DATE
      218                              ALABAMA AVENUE SE                                                                                            IRVING STREET                                                  SE                                                                                                                              -                                       11/14/2016
