                                                                               Turning                                      Movement                                                     Count                                Report                                   -      Cars                         &           Trucks
   INT            ID                                      ROAD 1                                                                                                ROAD 2                                                                      ROAD 3                                 ROAD 4                                    COMMUNITY                                                       TMC DATE
         22                           35TH STREET                                              NW                                 RESERVOIR ROAD NW                                                                                                                                                                                                  -                                        9/22/2010
                                   CARS
                                   NB                                                                                         EB                                                                                       SB                                                                                        WB
          Start                      Left             Thru              Right               Ped                NB              Left           Thru              Right               Ped                 EB              Left           Thru               Right               Ped                 SB               Left             Thru               Right                Ped                WB                Interval
        Time                                                                                                Total                                                                                   Total                                                                                     Total                                                                                         Total                    Total
   7:00             AM                 34                20                    3                 3              57                 4              25                 55                  6              84                  0             31                    1               10                32                   1                32                   0                  5                33                    206
   7:15             AM                 44                27                    0                 7              71               10               43                 62                  6             115                  1             42                    9                  7              52                   1                36                   1                10                 38                    276
   7:30             AM                 39                32                    2               12               73               12               51                 87                  9            150                   0             49                    6               12                55                   0                62                   3                  7                65                    343
   7:45             AM                 45                33                    0                 8              78               14               65               117                 12             196                   1             64                  13                28                78                   4                77                   2                  5                83                    435
   8:00             AM                 45                25                    3               19               73               14               78               107                 33             199                   2             56                    7               82                65                   2                54                   5                14                 61                    398
   8:15             AM                 49                26                    1               24               76               17             109                 111                52             237                   6             68                  11                54                85                   0                46                   1                12                 47                    445
   8:30             AM                 53                26                    2               18               81               24             105                135                 26             264                   3             44                    4               65                51                   3                25                   1                18                 29                    425
   8:45             AM                 48                30                    1                 8              79                 8              87               122                 11             217                   1             58                    9               30                68                   1                33                   2                  7                36                    400
   9:00             AM                 40                28                    1               14               69               15               86               102                   9            203                   2             51                    6               15                59                   2                41                   2                  6                45                    376
   9:15             AM                 27                39                    1                 7              67               16               72                 81                  3            169                   1             44                    9               12                54                   0                34                   1                  1                35                    325
   9:30             AM                 38                37                    1                 6              76                 6              54                 76                  1            136                   2             38                    8                  8              48                   0                23                   2                  4                25                    285
   9:45             AM                 32                39                    4               11               75               12               51                 63                13             126                   2             38                  10                   8              50                   1                34                   0                  6                35                    286
 10:00                AM               26                27                    1                 8              54               13               56                 49                10              118                  2             25                    5                  7              32                   1                29                   1                  5                31                    235
 10:15                AM               31                26                    1                 8              58               12               46                 50                  7            108                   1             36                    6                  7              43                   1                16                   1                  7                18                    227
 10:30                AM               34                37                    2                 6              73                 8              39                 53                  8            100                   0             28                    3                  1              31                   0                30                   0                  4                30                    234
 10:45                AM               29                29                    3                 4              61               10               54                 53                  6             117                  1             32                    7                  3              40                   0                19                   1                  3                20                    238
 11:00               AM                36                16                    0                 7              52               12               48                 58                  3             118                  1             18                    4                  3              23                   0                22                   1                  2                23                    216
 11:15               AM                28                24                    6               10               58                 9              50                 37                16               96                  0             28                    4                  9              32                   2                24                   5                  6                31                    217
 11:30               AM                40                40                    5                 9              85                 6              50                 43                  6              99                  1             45                    6                  3              52                   1                30                   1                  5                32                    268
 11:45               AM                45                43                    3               11               91                 9              60                 60                12             129                   1             38                  14                   3              53                   1                23                   0                13                 24                    297
 12:00                 PM              45                26                    0                 9              71                11              60                 56                  5            127                   1             42                    6                  3              49                   1                25                   0                15                 26                    273
 12:15                 PM              44                44                    4                 9              92                 9              55                 56                  8            120                   0             40                    6                  7              46                   0                26                   1                  3                27                    285
 12:30                 PM              51                32                    1               10               84               13               60                 54                  7            127                   0             46                    9                  5              55                   5                22                   2                  9                29                    295
 12:45                 PM              35                30                    4               15               69                 7              65                 30                  5            102                   0             30                    1                  2              31                   0                27                   0                13                 27                    229
   1:00              PM                35                38                    1               11               74                 7              42                 46                10               95                  0             26                  11                   5              37                   1                17                   2                10                 20                    226
   1:15              PM                36                37                    2               10               75                 3              43                 32                  8              78                  0             27                    7                  3              34                   1                32                   0                  8                33                    220
   1:30              PM                46                24                    0                 4              70               15               46                 55                  0             116                  1             25                    9                  3              35                   0                34                   2                  3                36                    257
   1:45              PM                55                29                    0                 8              84                 6              41                 55                  7            102                   1             24                  11                   8              36                   1                31                   2                  5                34                    256
   2:00              PM                  0                 0                   0                 0                0                0                0                  0                 0                 0                0               0                   0                  0                 0                 0                  0                  0                  0                  0                       0
   2:15              PM                  0                 0                   0                 0                0                0                0                  0                 0                 0                0               0                   0                  0                 0                 0                  0                  0                  0                  0                       0
   2:30              PM                  0                 0                   0                 0                0                0                0                  0                 0                 0                0               0                   0                  0                 0                 0                  0                  0                  0                  0                       0
   2:45              PM                  0                 0                   0                 0                0                0                0                  0                 0                 0                0               0                   0                  0                 0                 0                  0                  0                  0                  0                       0
   3:00              PM                45                48                    8                 8            101                10               73                 80                17             163                   1             52                    9               11                62                   2                24                   3                  7                29                    355
   3:15              PM                56                60                    1               11             117                  7              66                 66                14             139                   2             46                    5                  3              53                   2                31                   1                  5                34                    343
   3:30              PM                44                38                    3               11               85               14               53                 70                13             137                   3             41                    2                  6              46                   1                29                   3                  7                33                    301
   3:45              PM                42                33                    2               12               77               10               59                 71                11             140                   1             46                    4                  7              51                   0                32                   1                  7                33                    301
   4:00              PM                47                39                    3                 8              89                 3              85                 88                20             176                   0             65                    5               10                70                   3                33                   1                  6                37                    372
   4:15              PM                49                42                    2               11               93               16               74                 90                33             180                   0             53                    5                  7              58                   0                30                   1                  5                31                    362
   4:30              PM                42                50                    2                 8              94               12               81                 93                  3            186                   1             59                    7                  5              67                   1                26                   1                  7                28                    375
   4:45              PM                48                51                    1                 5            100                12               68                 75                17             155                   1             58                    8               11                67                   0                33                   7                  3                40                    362
   5:00              PM                35                41                    2                 6              78               17               76               101                 75             194                   6             55                  11                64                72                   1                35                   4                  6                40                    384
   5:15              PM                70                54                    5                 4            129                 11              72                 85                15             168                   4             54                    9               16                67                   0                36                   4                14                 40                    404
   5:30              PM                56                64                    1               17             121                  7              72                 71                13             150                   1             52                    7               15                60                   1                40                   2                10                 43                    374
   5:45              PM                62                51                    1               18             114                 11              75                 84                  9            170                   3             43                    7               10                53                   1                41                   6                  9                48                    385
         Total                     17061435                                  83             395             3224               432           2495                2879                539            5806                  54          1717                  281               568             2052                   42            1294                    73               292             1409                  12491
      App             %             52.9              44.5                 2.6             12.3                                 7.4            43.0               49.6                9.3                                2.6           83.7                13.7              27.7                                   3.0             91.8                  5.2              20.7
     Total              %           13.7              11.5                 0.7               3.2             25.8               3.5            20.0               23.0                4.3             46.5               0.4           13.7                  2.2               4.5             16.4                 0.3             10.4                  0.6                2.3              11.3
   INT            ID                                      ROAD 1                                                                                                ROAD 2                                                                      ROAD 3                                 ROAD 4                                    COMMUNITY                                                       TMC DATE
         22                           35TH STREET                                              NW                                 RESERVOIR ROAD NW                                                                                                                                                                                                  -                                        9/22/2010
                                   TRUCKS
                                   NB                                                                                       EB                                                                                       SB                                                                                        WB
          Start                     Left            Thru              Right               Ped                NB               Left           Thru              Right               Ped                EB              Left           Thru               Right               Ped                 SB               Left             Thru                Right                Ped                 WB                Interval
        Time                                                                                              Total                                                                                    Total                                                                                     Total                                                                                          Total                   Total
   7:00             AM                   1               2                   0                 0                3                 4               0                   1                 0                5                0                2                  3                  0                 5                 0                  2                    0                  0                 2                      15
   7:15             AM                   1               2                   0                 0                3                 3               0                   2                 0                5                0                3                  3                  0                 6                 0                  1                    0                  0                 1                      15
   7:30             AM                   1               3                   0                 0                4                 4               0                   1                 0                5                0                2                  5                  0                 7                 0                  1                    0                  0                 1                      17
   7:45             AM                   2               2                   0                 0                4                 3               0                   2                 0                5                0                2                  2                  0                 4                 0                  2                    0                  0                 2                      15
   8:00             AM                   4               5                   0                 0                9                 2               0                   5                 0                7                0                3                  2                  0                 5                 0                  1                    0                  0                 1                      22
   8:15             AM                   2               5                   0                 0                7                 3               6                   3                 0              12                 0                1                  1                  0                 2                 0                  2                    0                  0                 2                      23
   8:30             AM                   3               3                   0                 0                6                 2               1                   6                 0                9                0                5                  1                  0                 6                 0                  0                    0                  0                 0                      21
   8:45             AM                   2               2                   0                 0                4                 1               0                   4                 0                5                0                3                  2                  0                 5                 0                  1                    0                  0                 1                      15
   9:00             AM                   4               2                   0                 0                6                 2               3                   4                 0                9                0                4                  2                  0                 6                 0                  0                    0                  0                 0                      21
   9:15             AM                   6               5                   0                 0              11                  1               0                   2                 0                3                0                0                  1                  0                 1                 0                  0                    0                  0                 0                      15
   9:30             AM                   2               1                   0                 0                3                 2               0                   3                 0                5                0                2                  1                  0                 3                 0                  0                    0                  0                 0                      11
   9:45             AM                   5               1                   0                 0                6                 0               2                   2                 0                4                0                2                  2                  0                 4                 0                  1                    0                  0                 1                      15
 10:00                AM                 1               0                   0                 0                1                 2               2                   3                 0                7                0                0                  2                  0                 2                 0                  0                    0                  0                 0                      10
 10:15                AM                 2               1                   0                 0                3                 1               1                   1                 0                3                0                2                  0                  0                 2                 0                  0                    0                  0                 0                        8
 10:30                AM                 2               1                   0                 0                3                 2               2                   0                 0                4                0                1                  2                  0                 3                 0                  0                    0                  0                 0                      10
 10:45                AM                 2               1                   0                 0                3                 0               0                   1                 0                1                0                1                  1                  0                 2                 0                  0                    0                  0                 0                        6
 11:00               AM                  1               0                   0                 0                1                 2               1                   1                 0                4                0                1                  2                  0                 3                 0                  2                    0                  0                 2                      10
 11:15               AM                  1               1                   0                 0                2                 2               1                   1                 0                4                0                0                  1                  0                 1                 0                  1                    0                  0                 1                        8
 11:30               AM                  2               1                   0                 0                3                 2               0                   0                 0                2                0                1                  2                  0                 3                 0                  1                    0                  0                 1                        9
 11:45               AM                  1               1                   0                 0                2                 0               0                   1                 0                1                0                2                  2                  0                 4                 0                  0                    0                  0                 0                        7
 12:00                 PM                1               0                   0                 0                1                 2               0                   1                 0                3                0                1                  2                  0                 3                 0                  0                    0                  0                 0                        7
 12:15                 PM                2               3                   0                 0                5                 2               3                   0                 0                5                0                0                  0                  0                 0                 0                  0                    0                  0                 0                      10
 12:30                 PM                1               2                   0                 0                3                 2               2                   3                 0                7                0                1                  2                  0                 3                 0                  1                    0                  0                 1                      14
 12:45                 PM                1               0                   0                 0                1                 0               1                   2                 0                3                0                4                  2                  0                 6                 0                  2                    0                  0                 2                      12
   1:00              PM                  0               1                   0                 0                1                 2               1                   0                 0                3                0                0                  2                  0                 2                 0                  0                    0                  0                 0                        6
   1:15              PM                  1               1                   0                 0                2                 2               3                   1                 0                6                0                1                  1                  0                 2                 0                  1                    0                  0                 1                      11
   1:30              PM                  4               1                   0                 0                5                 2               0                   1                 0                3                0                1                  1                  0                 2                 0                  0                    0                  0                 0                      10
   1:45              PM                  1               0                   0                 0                1                 0               2                   0                 0                2                0                1                  2                  0                 3                 0                  0                    0                  0                 0                        6
   2:00              PM                  0               0                   0                 0                0                 0               0                   0                 0                0                0                0                  0                  0                 0                 0                  0                    0                  0                 0                        0
   2:15              PM                  0               0                   0                 0                0                 0               0                   0                 0                0                0                0                  0                  0                 0                 0                  0                    0                  0                 0                        0
   2:30              PM                  0               0                   0                 0                0                 0               0                   0                 0                0                0                0                  0                  0                 0                 0                  0                    0                  0                 0                        0
   2:45              PM                  0               0                   0                 0                0                 0               0                   0                 0                0                0                0                  0                  0                 0                 0                  0                    0                  0                 0                        0
   3:00              PM                  2               1                   0                 0                3                 4               1                   1                 0                6                0                1                  1                  0                 2                 0                  1                    0                  0                 1                      12
   3:15              PM                  3               3                   0                 0                6                 1               1                   2                 0                4                0                0                  2                  0                 2                 0                  1                    0                  0                 1                      13
   3:30              PM                  2               1                   0                 0                3                 4               0                   3                 0                7                0                2                  3                  0                 5                 0                  0                    0                  0                 0                      15
   3:45              PM                  1               1                   0                 0                2                 2               0                   4                 0                6                0                1                  1                  0                 2                 0                  0                    0                  0                 0                      10
   4:00              PM                  6               1                   0                 0                7                 2               2                   1                 0                5                0                3                  2                  0                 5                 0                  2                    0                  0                 2                      19
   4:15              PM                  3               0                   0                 0                3                 1               0                   5                 0                6                0                2                  2                  0                 4                 0                  0                    0                  0                 0                      13
   4:30              PM                  5               2                   0                 0                7                 2               1                   3                 0                6                0                1                  1                  0                 2                 0                  0                    0                  0                 0                      15
   4:45              PM                  2               1                   0                 0                3                 2               0                   3                 0                5                0                2                  2                  0                 4                 0                  0                    0                  0                 0                      12
   5:00              PM                  3               1                   0                 0                4                 2               1                   3                 0                6                0                1                  1                  0                 2                 0                  0                    0                  0                 0                      12
   5:15              PM                  5               3                   0                 0                8                 1               0                   4                 0                5                0                0                  2                  0                 2                 0                  0                    0                  0                 0                      15
   5:30              PM                  3               2                   0                 0                5                 2               0                   5                 0                7                0                3                  3                  0                 6                 0                  1                    0                  0                 1                      19
   5:45              PM                  3               3                   0                 0                6                 1               0                   4                 0                5                0                2                  1                  0                 3                 0                  2                    0                  0                 2                      16
         Total                        94               66                    0                 0            160                 74              37                  89                  0            200                  0              64                 70                   0             134                   0                26                     0                  0               26                    520
      App             %            58.8             41.2                 0.0               0.0                              37.0             18.5               44.5                0.0                                 0.0           47.8               52.2                 0.0                                 0.0            100.0                    0.0                0.0
     Total              %          18.1             12.7                 0.0               0.0             30.8             14.2                7.1             17.1                0.0             38.5                0.0           12.3               13.5                 0.0            25.8                 0.0                5.0                  0.0                0.0               5.0
   INT            ID                                      ROAD 1                                                                                                ROAD 2                                                                      ROAD 3                                 ROAD 4                                    COMMUNITY                                                       TMC DATE
         22                           35TH STREET                                              NW                                 RESERVOIR ROAD NW                                                                                                                                                                                                  -                                        9/22/2010
