                                                                               Turning                                      Movement                                                     Count                                Report                                   -      Cars                         &           Trucks
   INT            ID                                                    ROAD 1                                                                                           ROAD 2                                                       ROAD 3                                  ROAD 4                                    COMMUNITY                                                          TMC DATE
       221                                 ALABAMA AVENUE SE                                                                                             11TH PLACE SE                                                                                                                                                                          -                                        11/14/2016
                              CARS
                              NB                                                                                         EB                                                                                        SB                                                                                          WB
        Start                   Left           Thru               Right               Ped                 NB              Left           Thru               Right               Ped                 EB               Left            Thru              Right                Ped                 SB               Left             Thru               Right                Ped                WB                 Interval
      Time                                                                                             Total                                                                                     Total                                                                                       Total                                                                                        Total                     Total
 6:00             AM                2                0                  0                  0                 2                2              20                   0                  5               22                  0                0                   0                 1                  0                 0                45                   1                  0                46                        70
 6:15             AM                2                0                  1                  0                 3                5              39                   0                  1               44                  0                0                   2                 0                  2                 2                51                   5                  0                58                     107
 6:30             AM                0                0                  0                  0                 0                7              44                   1                  2               52                  1                0                   3                 0                  4                 2                62                   5                  0                69                     125
 6:45             AM                0                1                  1                  0                 2              17               51                   0                  0               68                  0                0                   0                 0                  0                 2                83                 21                   0             106                       176
 7:00             AM                3                0                  2                  1                 5              18               50                   1                  7               69                  3                0                   3                 2                  6                 0              108                  13                   0             121                       201
 7:15             AM                4                2                  1                  3                 7                4              69                   3                  5               76                  8                0                   8                 2                16                  1              131                    9                  2             141                       240
 7:30             AM                4                0                  4                  0                 8              13               82                   0                  5               95                  8                2                   8                 7                18                  6              166                    5                  0             177                       298
 7:45             AM                4                3                  1                  4                 8              16             106                    0                23              122                   7                1                   5                 2                13                  5              179                  14                   0             198                       341
 8:00             AM                2                3                  1                  0                 6              12             121                    2                13              135                   7                0                   3                 3                10                  3              180                    9                  0             192                       343
 8:15             AM                5                2                  3                  3               10                 7            102                    1                18              110                   0                0                   4                 4                  4                 3              131                    9                  1             143                       267
 8:30             AM                6                3                  4                  2               13               15               99                   4                23              118                   1                0                   5                 0                  6                 6              123                   11                  0             140                       277
 8:45             AM                2                0                  2                  6                 4              15             109                    2                11              126                   1                0                   0                 3                  1                 8              129                  12                   4             149                       280
 4:00             PM                4                0                  3                  0                 7                2            163                    5                13              170                 15                 1                 12                  4                28                  6              112                    0                  1              118                      323
 4:15             PM                2                0                  3                  6                 5                1            180                    4                27              185                   7                0                 17                  2                24                  1              109                    1                  0              111                      325
 4:30             PM                4                0                  6                  0               10                 1            171                  10                 22              182                   9                0                 26                  1                35                  4                96                   0                  0             100                       327
 4:45             PM                1                0                  4                  3                 5                0            164                    4                  7             168                   8                0                 10                  1                18                  2              129                    3                  0             134                       325
 5:00             PM                2                0                  1                  0                 3                2            184                    6                23              192                 12                 0                 17                  2                29                  4              114                    1                  0              119                      343
 5:15             PM                2                0                  5                  0                 7                2            165                  14                 15              181                 11                 1                 17                  0                29                  3              138                    1                  0             142                       359
 5:30             PM                5                0                  2                  0                 7                1            171                   11                15              183                   4                0                 10                  1                14                  5              117                    1                  0             123                       327
 5:45             PM                2                0                  3                  2                 5                0            168                   11                10              179                   6                0                 11                  2                17                  5              112                    3                  2             120                       321
 6:00             PM                5                0                  3                  1                 8                3            177                   11                20              191                   4                0                   7                 5                11                  5              131                    1                  1             137                       347
 6:15             PM                2                0                  2                  0                 4                1            167                   11                17              179                   0                1                   5                 1                  6                 3              142                    1                  0             146                       335
 6:30             PM                1                0                  2                  2                 3                7            128                    4                11              139                   3                0                   9                 2                12                  1              102                    3                  0             106                       260
 6:45             PM                2                0                  0                  0                 2                4            108                    0                10              112                   1                0                   6                 1                  7                 4              107                    7                  0              118                      239
       Total                      66               14                 54                 33              134              155           2838                  105                303             3098                116                  6              188                  46               310                 81            2797                  136                   11           3014                      6556
    App             %          49.3             10.4               40.3              24.6                                  5.0            91.6                 3.4               9.8                               37.4                1.9               60.6              14.8                                   2.7             92.8                  4.5                0.4
   Total              %          1.0              0.2                0.8               0.5               2.0               2.4            43.3                 1.6               4.6             47.3                1.8               0.1                 2.9                0.7               4.7               1.2             42.7                  2.1                0.2              46.0
   INT            ID                                                    ROAD 1                                                                                           ROAD 2                                                       ROAD 3                                  ROAD 4                                    COMMUNITY                                                          TMC DATE
       221                                 ALABAMA AVENUE SE                                                                                             11TH PLACE SE                                                                                                                                                                          -                                        11/14/2016
                             TRUCKS
                             NB                                                                                        EB                                                                                         SB                                                                                                 WB
       Start                  Left           Thru             Right                 Ped                  NB             Left           Thru              Right                 Ped                  EB             Left          Thru              Right                     Ped                      SB               Left            Thru              Right               Ped                WB               Interval
     Time                                                                                            Total                                                                                      Total                                                                                             Total                                                                                      Total                   Total
6:00             AM               0               0                 1                   0                  1                0               2                   0                  5                   2               0               0                   0                      1                      0                 0                2                   0                 0                2                        5
6:15             AM               0               0                 0                   0                  0                0               6                   0                  1                   6               0               0                   0                      0                      0                 0                2                   0                 0                2                        8
6:30             AM               0               0                 1                   0                  1                0               6                   0                  2                   6               0               0                   0                      0                      0                 0                2                   0                 0                2                        9
6:45             AM               0               0                 0                   0                  0                0             10                    0                  0                 10                0               0                   0                      0                      0                 0                5                   0                 0                5                      15
7:00             AM               0               0                 0                   1                  0                0             10                    0                  7                 10                0               0                   0                      2                      0                 0                4                   0                 0                4                      14
7:15             AM               0               0                 1                   3                  1                0               8                   0                  5                   8               0               0                   0                      2                      0                 0                2                   0                 2                2                      11
7:30             AM               1               0                 0                   0                  1                0               8                   0                  5                   8               0               0                   0                      7                      0                 1                8                   0                 0                9                      18
7:45             AM               0               0                 0                   4                  0                0               8                   0                23                    8               0               0                   0                      2                      0                 0                9                   0                 0                9                      17
8:00             AM               0               0                 0                   0                  0                0               9                   0                13                    9               0               0                   0                      3                      0                 0                7                   0                 0                7                      16
8:15             AM               0               0                 2                   3                  2                0               3                   0                18                    3               0               0                   0                      4                      0                 0                9                   0                 1                9                      14
8:30             AM               0               0                 1                   2                  1                0               7                   0                23                    7               0               0                   0                      0                      0                 0                6                   0                 0                6                      14
8:45             AM               1               0                 0                   6                  1                0               8                   0                 11                   8               0               0                   0                      3                      0                 2               11                   0                 4              13                       22
4:00             PM               1               0                 0                   0                  1                0               5                   0                13                    5               0               0                   0                      4                      0                 1              10                    0                 1               11                      17
4:15             PM               0               0                 0                   6                  0                0               3                   0                27                    3               0               0                   0                      2                      0                 0                7                   0                 0                7                      10
4:30             PM               0               0                 2                   0                  2                0               5                   0                22                    5               0               0                   0                      1                      0                 0                7                   0                 0                7                      14
4:45             PM               0               0                 0                   3                  0                0               4                   0                  7                   4               0               0                   0                      1                      0                 0                6                   0                 0                6                      10
5:00             PM               0               0                 1                   0                  1                0               1                   0                23                    1               0               0                   0                      2                      0                 0                7                   0                 0                7                        9
5:15             PM               0               0                 0                   0                  0                0               1                   0                15                    1               0               0                   1                      0                      1                 0                5                   0                 0                5                        7
5:30             PM               0               0                 0                   0                  0                0               4                   0                15                    4               0               0                   0                      1                      0                 0                1                   0                 0                1                        5
5:45             PM               0               0                 2                   2                  2                0               4                   0                10                    4               0               0                   0                      2                      0                 2                5                   0                 2                7                      13
6:00             PM               0               0                 0                   1                  0                0               2                   0                20                    2               0               0                   0                      5                      0                 0                2                   0                 1                2                        4
6:15             PM               0               0                 0                   0                  0                0               0                   0                17                    0               0               0                   0                      1                      0                 0                4                   0                 0                4                        4
6:30             PM               0               0                 0                   2                  0                0               3                   0                 11                   3               0               0                   0                      2                      0                 0                1                   0                 0                1                        4
6:45             PM               0               0                 2                   0                  2                0               3                   0                10                    3               0               0                   0                      1                      0                 0                3                   0                 0                3                        8
      Total                       3               0               13                  33                 16                 0           120                     0              303                120                  0               0                   1                   46                        1                 6            125                     0               11             131                     268
   App             %         18.8              0.0             81.2              206.2                                  0.0          100.0                   0.0            252.5                                   0.0             0.0            100.04,600.0                                                         4.6            95.4                 0.0               8.4
  Total              %         1.1             0.0                4.9              12.3                 6.0             0.0            44.8                  0.0            113.1                44.8               0.0             0.0                0.4                   17.2                     0.4               2.2            46.6                 0.0               4.1             48.9
   INT            ID                                                    ROAD 1                                                                                           ROAD 2                                                       ROAD 3                                  ROAD 4                                    COMMUNITY                                                          TMC DATE
       221                                 ALABAMA AVENUE SE                                                                                             11TH PLACE SE                                                                                                                                                                          -                                        11/14/2016
