                                                                               Turning                                      Movement                                                     Count                                Report                                   -      Cars                         &           Trucks
  INT            ID                                                 ROAD 1                                                                                                ROAD 2                                                            ROAD 3                                ROAD 4                                   COMMUNITY                                                        TMC DATE
      222                              ALABAMA AVENUE SE                                                                                            RANDLE PLACE SE                                                                                                                                                                                -                                       11/14/2016
                              CARS
                              NB                                                                                      EB                                                                                      SB                                                                                                   WB
       Start                  Left           Thru              Right               Ped                NB              Left           Thru              Right               Ped                 EB              Left            Thru              Right                     Ped                      SB               Left            Thru               Right               Ped                WB                Interval
      Time                                                                                         Total                                                                                   Total                                                                                                Total                                                                                       Total                    Total
6:00             AM                0              0                   0                 0                0                1              54                   0                 0               55                  0               0                   2                      3                      2                  0              29                    0                  2              29                       86
6:15             AM                0              0                   0                 0                0              13               79                   0                 0               92                  0               0                   3                    25                       3                  0              40                    0                  9              40                     135
6:30             AM                0              0                   0                 0                0                9              68                   0                 0               77                  0               0                   4                    30                       4                  0              40                    4               28                44                     125
6:45             AM                0              0                   0                 0                0               11              87                   0                 0               98                  0               0                   1                    63                       1                  0              65                    1               25                66                     165
7:00             AM                0              0                   0                 0                0                5            106                    0                 0             111                   1               0                   2                    92                       3                  0              70                    3             108                 73                     187
7:15             AM                0              0                   0                 0                0                2            107                    0                 0            109                    0               0                   1                  129                        1                  0              81                    1             117                 82                     192
7:30             AM                0              0                   0                 2                0                0              62                   0                 0               62                  0               0                   0                    83                       0                  0              70                    0             100                 70                     132
7:45             AM                0              0                   0                 5                0                2            114                    0                 0             116                   0               0                   0                  192                        0                  0              84                    0             156                 84                     200
8:00             AM                0              0                   0                 0                0                0              69                   0                 0               69                  0               0                   1                    27                       1                  0              50                    0               28                50                     120
8:15             AM                0              0                   0                 5                0                3              46                   0                 0               49                  0               0                   1                    16                       1                  0              64                    0               13                64                     114
8:30             AM                0              0                   0                 1                0                0              44                   0                 0               44                  1               0                   0                    25                       1                  0              34                    0               10                34                       79
8:45             AM                0              0                   0                 1                0                0              50                   0                 0               50                  0               0                   0                    17                       0                  0              46                    0               19                46                       96
4:00             PM                0              0                   0                 1                0                3              73                   0                 0               76                  2               0                   3                    29                       5                  0              79                    3               19                82                     163
4:15             PM                0              0                   0                 1                0                0              61                   0                 0               61                  1               0                   2                    21                       3                  0              69                    0               18                69                     133
4:30             PM                0              0                   0                 0                0                0              71                   0                 0               71                  0               0                   0                    13                       0                  0              46                    0                  5              46                     117
4:45             PM                0              0                   0                 1                0                3            116                    0                 0             119                   3               0                   2                    57                       5                  0             116                    1               35              117                      241
5:00             PM                0              0                   0                 0                0                5            162                    0                 0            167                    2               0                   6                    88                       8                  0            188                     0               51              188                      363
5:15             PM                0              0                   0                 0                0                2              74                   0                 0               76                  1               0                   3                    32                       4                  0              83                    0               22                83                     163
5:30             PM                0              0                   0                 3                0                0              68                   0                 0               68                  3               0                   6                    25                       9                  0              86                    2               18                88                     165
5:45             PM                0              0                   0                 1                0                3              99                   0                 0            102                    2               0                   3                    37                       5                  0             111                    2               25              113                      220
6:00             PM                0              0                   0                 0                0                0              53                   0                 0               53                  2               0                   2                    20                       4                  0              76                    1                  8              77                     134
6:15             PM                0              0                   0                 2                0                1            105                    0                 0            106                    1               0                   4                    46                       5                  0              89                    0               19                89                     200
6:30             PM                0              0                   0                 6                0                2              84                   0                 0               86                  0               0                   5                    45                       5                  0              83                    1               38                84                     175
6:45             PM                0              0                   0                 0                0                2            104                    0                 0            106                    0               0                   1                    64                       1                  0              94                    0               42                94                     201
      Total                        0              0                   0               29                 0              67          1956                      0                 0          2023                   19                0                 52                 1179                       71                   0          1793                    19              915             1812                    3906
    App            %           0.0              0.0               0.0               0.0                                 3.3           96.7                 0.0               0.0                              26.8               0.0              73.2               1,660.6                                          0.0            99.0                  1.0             50.5
  Total              %         0.0              0.0               0.0               0.7               0.0               1.7           50.1                 0.0               0.0             51.8               0.5              0.0                1.3                   30.2                      1.8               0.0            45.9                  0.5             23.4              46.4
  INT            ID                                                 ROAD 1                                                                                                ROAD 2                                                            ROAD 3                                ROAD 4                                   COMMUNITY                                                        TMC DATE
      222                              ALABAMA AVENUE SE                                                                                            RANDLE PLACE SE                                                                                                                                                                                -                                       11/14/2016
                           TRUCKS
                           NB                                                                                   EB                                                                                   SB                                                                                                       WB
     Start                 Left           Thru             Right              Ped                NB             Left           Thru             Right              Ped                EB               Left              Thru             Right                      Ped                       SB              Left             Thru              Right                    Ped                     WB             Interval
    Time                                                                                      Total                                                                                Total                                                                                                    Total                                                                                               Total                 Total
      6:00                      0              0                 0                 0                0                0              5                 0                 0                5                  0                 0                 0                         3                       0                0                 5                   0                      2                     5                   10
       AM
      6:15                      0              0                 0                 0                0                0              4                 0                 0                4                  0                 0                 0                      25                         0                0                 7                   0                      9                     7                    11
       AM
      6:30                      0              0                 0                 0                0                0            10                  0                 0              10                   0                 0                 0                      30                         0                0                 2                   0                    28                      2                   12
       AM
      6:45                      0              0                 0                 0                0                0              7                 0                 0                7                  0                 0                 0                      63                         0                0                 4                   0                    25                      4                    11
       AM
      7:00                      0              0                 0                 0                0                0            12                  0                 0              12                   0                 0                 0                      92                         0                0                 4                   0                 108                        4                   16
       AM
      7:15                      0              0                 0                 0                0                0            12                  0                 0              12                   0                 0                 0                    129                          0                0                 2                   0                 117                        2                   14
       AM
      7:30                      0              0                 0                 2                0                0              8                 0                 0                8                  0                 0                 0                      83                         0                0                 4                   0                 100                        4                   12
       AM
      7:45                      0              0                 0                 5                0                0            18                  0                 0              18                   0                 0                 0                    192                          0                0                 6                   0                 156                        6                   24
       AM
      8:00                      0              0                 0                 0                0                1              4                 0                 0                5                  0                 0                 0                      27                         0                0                 2                   0                    28                      2                     7
       AM
      8:15                      0              0                 0                 5                0                1            10                  0                 0              11                   1                 0                 0                      16                         1                0                 6                   0                    13                      6                   18
       AM
      8:30                      0              0                 0                 1                0                0              3                 0                 0                3                  0                 0                 0                      25                         0                0                 3                   0                    10                      3                     6
       AM
      8:45                      0              0                 0                 1                0                0              5                 0                 0                5                  1                 0                 0                      17                         1                0                 1                   0                    19                      1                     7
       AM
      4:00                      0              0                 0                 1                0                0              9                 0                 0                9                  0                 0                 0                      29                         0                0                 1                   0                    19                      1                   10
       PM
      4:15                      0              0                 0                 1                0                0              5                 0                 0                5                  0                 0                 0                      21                         0                0                 0                   0                    18                      0                     5
       PM
      4:30                      0              0                 0                 0                0                0              4                 0                 0                4                  0                 0                 0                      13                         0                0                 2                   0                      5                     2                     6
       PM
      4:45                      0              0                 0                 1                0                0              6                 0                 0                6                  0                 0                 0                      57                         0                0                 1                   0                    35                      1                     7
       PM
      5:00                      0              0                 0                 0                0                0              5                 0                 0                5                  0                 0                 0                      88                         0                0                 2                   0                    51                      2                     7
       PM
      5:15                      0              0                 0                 0                0                0              0                 0                 0                0                  0                 0                 0                      32                         0                0                 0                   0                    22                      0                     0
       PM
      5:30                      0              0                 0                 3                0                0              0                 0                 0                0                  0                 0                 0                      25                         0                0                 0                   0                    18                      0                     0
       PM
      5:45                      0              0                 0                 1                0                0              0                 0                 0                0                  0                 0                 0                      37                         0                0                 0                   0                    25                      0                     0
       PM
      6:00                      0              0                 0                 0                0                0              0                 0                 0                0                  0                 0                 0                      20                         0                0                 0                   0                      8                     0                     0
       PM
      6:15                      0              0                 0                 2                0                0              0                 0                 0                0                  0                 0                 0                      46                         0                0                 0                   0                    19                      0                     0
       PM
      6:30                      0              0                 0                 6                0                0              0                 0                 0                0                  0                 0                 0                      45                         0                0                 0                   0                    38                      0                     0
       PM
      6:45                      0              0                 0                 0                0                0              0                 0                 0                0                  0                 0                 0                      64                         0                0                 0                   0                    42                      0                     0
       PM
    Total                       0              0                 0               29                 0                2          127                   0                 0            129                    2                 0                 0                  1179                           2                0               52                    0                 915                      52                  183
  App             %         0.0             0.0                0.0              0.0                              1.6           98.4                0.0               0.0                            100.0                  0.0               0.0             58,950.0                                           0.0           100.0                   0.0            1,759.6
Total              %        0.0             0.0                0.0            15.8              0.0              1.1           69.4                0.0               0.0           70.5                  1.1               0.0               0.0                  644.3                       1.1               0.0             28.4                  0.0               500.0                   28.4
  INT            ID                                                 ROAD 1                                                                                                ROAD 2                                                            ROAD 3                                ROAD 4                                   COMMUNITY                                                        TMC DATE
      222                              ALABAMA AVENUE SE                                                                                            RANDLE PLACE SE                                                                                                                                                                                -                                       11/14/2016
