                                                                               Turning                                      Movement                                                     Count                                Report                                   -      Cars                         &           Trucks
   INT            ID                                    ROAD 1                                                                                             ROAD 2                                                                      ROAD 3                                  ROAD 4                                    COMMUNITY                                                         TMC DATE
      223                            2ND STREET                                           NW                                 KENNEDY STREET                                                            NW                                                                                                                                        -                                       10/26/2016
                               CARS
                               NB                                                                                        EB                                                                                        SB                                                                                          WB
        Start                   Left           Thru               Right               Ped                 NB              Left           Thru               Right               Ped                 EB               Left            Thru              Right                Ped                 SB                Left             Thru               Right                Ped                WB                 Interval
       Time                                                                                            Total                                                                                     Total                                                                                       Total                                                                                         Total                     Total
 7:00             AM                1                3                  2                  3                 6                3                6                  0                  0                 9                 1                4                   0                 0                  5                  5                42                   1                  0               48                        68
 7:15             AM                0                0                  0                  0                 0                1              12                   0                  0               13                  0                4                   0                 0                  4                  3                24                   0                  0               27                        44
 7:30             AM                0                2                  4                  3                 6                1              17                   0                  0               18                  1                4                   2                 1                  7                  4                33                   1                  4               38                        69
 7:45             AM                0                4                  3                  3                 7                0              17                   0                  0               17                  0                8                   1                 0                  9                  9                34                   2                  1               45                        78
 8:00             AM                0                3                  4                  4                 7                2              26                   0                  0               28                  0                8                   2                 4                10                 16                 45                   8                  2               69                      114
 8:15             AM                0                7                  6                  6               13                 1              22                   0                  0               23                  4                6                   0                 0                10                 16                 36                   1                  1               53                        99
 8:30             AM                0                4                  6                  1               10                 2              35                   1                  0               38                  0                3                   1                 0                  4                  7                45                   5                  2               57                      109
 8:45             AM                0                3                  8                  2               11                 0              19                   0                  0               19                  2                5                   0                 0                  7                  2                25                   0                  2               27                        64
 9:00             AM                1                4                  7                  0               12                 1              14                   0                  0               15                  0                4                   0                 1                  4                  3                29                   2                  3               34                        65
 9:15             AM                0                2                  5                  0                 7                0              17                   0                  2               17                  1                3                   0                 1                  4                  1                20                   3                  3               24                        52
 9:30             AM                0                5                  3                  1                 8                1              20                   0                  1               21                  1                1                   3                 1                  5                  3                27                   4                  4               34                        68
 9:45             AM                0                2                  1                  5                 3                0              13                   0                  3               13                  1                0                   0                 0                  1                  1                14                   4                  4               19                        36
 4:00             PM                0              15                 13                   0               28                 7              61                   0                  1               68                  1                0                   0                 1                  1                  4                18                   4                  7               26                      123
 4:15             PM                0              11                 16                   3               27                 0              53                   0                  2               53                  3                0                   1                 1                  4                  3                17                   3                  8               23                      107
 4:30             PM                0              18                 14                   2               32                 3              59                   0                  3               62                  5                2                   1                 2                  8                  1                38                   8                  3               47                      149
 4:45             PM                5              18                   6                  2               29                 0              44                   7                  1               51                  1                1                   0                 1                  2                  1                39                   0                  1               40                      122
 5:00             PM                0              10                   6                  2               16                 6              57                   0                  2               63                  0                1                   0                 0                  1                  3                25                   2                  1               30                      110
 5:15             PM                0              17                 17                   3               34                 1              48                   2                  1               51                  7                2                   0                 1                  9                  3                20                   6                  9               29                      123
 5:30             PM                2              12                 19                   1               33                 4              45                   0                  3               49                  4                2                   1                 0                  7                  2                33                   4                  4               39                      128
 5:45             PM                2              18                 16                   1               36                 8              55                   0                  5               63                  2                3                   0                 0                  5                  2                33                   3                  4               38                      142
 6:00             PM                1                9                17                   1               27                 3              34                   0                  1               37                  2                1                   0                 0                  3                  3                25                   2                  7               30                        97
 6:15             PM                0              12                 14                   3               26                 3              50                   0                  0               53                  1                2                   0                 0                  3                  2                20                   3                  5               25                      107
 6:30             PM                0              13                   4                  1               17                 2              43                   0                  0               45                  3                1                   0                 0                  4                  1                25                   2                  3               28                        94
 6:45             PM                0                4                  5                  0                 9                2              32                   0                  2               34                  1                2                   2                 0                  5                  2                23                   8                  1               33                        81
       Total                      12             196                196                  47              404                51             799                  10                 27              860                 41               67                  14                14               122                  97              690                   76                 79              863                     2249
     App            %            3.0            48.5               48.5               11.6                                 5.9            92.9                 1.2               3.1                               33.6              54.9                11.5              11.5                                  11.2              80.0                  8.8                9.2
   Total              %          0.5              8.7                8.7               2.1             18.0                2.3            35.5                 0.4               1.2             38.2                1.8               3.0                 0.6                0.6               5.4                4.3             30.7                  3.4                3.5              38.4
   INT            ID                                    ROAD 1                                                                                             ROAD 2                                                                      ROAD 3                                  ROAD 4                                    COMMUNITY                                                         TMC DATE
      223                            2ND STREET                                           NW                                 KENNEDY STREET                                                            NW                                                                                                                                        -                                       10/26/2016
                        TRUCKS
                        NB                                                                                       EB                                                                                        SB                                                                                                   WB
    Start                Left          Thru             Right                 Ped                  NB             Left           Thru             Right                 Ped                  EB               Left             Thru              Right                   Ped                      SB              Left           Thru              Right                   Ped                     WB              Interval
   Time                                                                                        Total                                                                                     Total                                                                                                Total                                                                                             Total                 Total
    7:00                     0               0                 1                  3                   1               0                0                 0                  0                   0                 0                  0                 0                      0                     0                 0                1                 0                      0                     1                      2
      AM
    7:15                     0               0                 0                  0                   0               0                0                 0                  0                   0                 0                  0                 0                      0                     0                 0                0                 0                      0                     0                      0
      AM
    7:30                     0               1                 0                  3                   1               0                0                 0                  0                   0                 0                  0                 0                      1                     0                 0                0                 0                      4                     0                      1
      AM
    7:45                     0               0                 1                  3                   1               1                0                 0                  0                   1                 0                  0                 0                      0                     0                 0                0                 0                      1                     0                      2
      AM
    8:00                     0               0                 0                  4                   0               0                0                 0                  0                   0                 0                  0                 0                      4                     0                 0                0                 0                      2                     0                      0
      AM
    8:15                     0               0                 0                  6                   0               0                0                 0                  0                   0                 0                  0                 0                      0                     0                 0                0                 0                      1                     0                      0
      AM
    8:30                     0               0                 0                  1                   0               0                0                 0                  0                   0                 0                  0                 0                      0                     0                 0                1                 0                      2                     1                      1
      AM
    8:45                     0               0                 0                  2                   0               0                0                 0                  0                   0                 0                  0                 0                      0                     0                 0                2                 0                      2                     2                      2
      AM
    9:00                     0               0                 0                  0                   0               0                1                 0                  0                   1                 0                  0                 0                      1                     0                 0                0                 0                      3                     0                      1
      AM
    9:15                     0               0                 0                  0                   0               0                0                 0                  2                   0                 0                  0                 0                      1                     0                 0                0                 0                      3                     0                      0
      AM
    9:30                     0               1                 0                  1                   1               0                0                 0                  1                   0                 0                  0                 0                      1                     0                 0                0                 0                      4                     0                      1
      AM
    9:45                     0               0                 0                  5                   0               0                1                 0                  3                   1                 0                  0                 0                      0                     0                 0                0                 0                      4                     0                      1
      AM
    4:00                     0               0                 0                  0                   0               0                1                 0                  1                   1                 0                  0                 0                      1                     0                 0                1                 0                      7                     1                      2
      PM
    4:15                     0               0                 0                  3                   0               0                1                 0                  2                   1                 0                  0                 0                      1                     0                 0                0                 0                      8                     0                      1
      PM
    4:30                     0               0                 0                  2                   0               0                1                 0                  3                   1                 0                  0                 0                      2                     0                 0                0                 0                      3                     0                      1
      PM
    4:45                     0               0                 0                  2                   0               0                0                 0                  1                   0                 0                  0                 0                      1                     0                 0                0                 0                      1                     0                      0
      PM
    5:00                     0               1                 0                  2                   1               0                0                 0                  2                   0                 0                  0                 0                      0                     0                 0                0                 0                      1                     0                      1
      PM
    5:15                     0               0                 0                  3                   0               0                0                 0                  1                   0                 1                  0                 0                      1                     1                 0                0                 0                      9                     0                      1
      PM
    5:30                     0               0                 0                  1                   0               0                1                 0                  3                   1                 0                  0                 0                      0                     0                 0                0                 0                      4                     0                      1
      PM
    5:45                     0               0                 0                  1                   0               0                0                 0                  5                   0                 0                  0                 0                      0                     0                 0                0                 1                      4                     1                      1
      PM
    6:00                     0               0                 0                  1                   0               0                1                 0                  1                   1                 0                  0                 0                      0                     0                 0                0                 0                      7                     0                      1
      PM
    6:15                     0               0                 0                  3                   0               0                0                 0                  0                   0                 0                  0                 0                      0                     0                 0                0                 0                      5                     0                      0
      PM
    6:30                     0               0                 0                  1                   0               0                0                 0                  0                   0                 0                  0                 0                      0                     0                 0                0                 0                      3                     0                      0
      PM
    6:45                     0               0                 0                  0                   0               0                0                 0                  2                   0                 0                  0                 0                      0                     0                 0                0                 0                      1                     0                      0
      PM
   Total                     0               3                 2                47                    5               1                7                 0                27                    8                 1                  0                 0                    14                      1                 0                5                 1                    79                      6                    20
 App             %       0.0           60.0               40.0             940.0                                 12.587.5                             0.0            337.5                                 100.0                  0.0               0.0            1,400.0                                         0.0           83.3               16.7             1,316.7
   Total                 0.0           15.0               10.0             235.0                25.0               5.0           35.0                 0.0            135.0                40.0                  5.0               0.0               0.0                 70.0                     5.0               0.0           25.0                 5.0               395.0                    30.0
         %
   INT            ID                                    ROAD 1                                                                                             ROAD 2                                                                      ROAD 3                                  ROAD 4                                    COMMUNITY                                                         TMC DATE
      223                            2ND STREET                                           NW                                 KENNEDY STREET                                                            NW                                                                                                                                        -                                       10/26/2016
