                                                                               Turning                                      Movement                                                     Count                                Report                                   -      Cars                         &           Trucks
  INT            ID                                                 ROAD 1                                                                                                        ROAD 2                                                                  ROAD 3                              ROAD 4                                COMMUNITY                                                  TMC DATE
      229                          ARKANSAS                                        AVENUE NW                                                        EMERSON STREET                                                               NW                                                                                                                        -                                    3/22/2017
                               CARS
                               NB                                                                                        EB                                                                                         SB                                                                                         WB
        Start                   Left           Thru               Right               Ped                 NB               Left           Thru               Right               Ped                 EB              Left            Thru              Right                Ped                 SB               Left             Thru               Right                Ped                WB                 Interval
       Time                                                                                            Total                                                                                     Total                                                                                       Total                                                                                        Total                     Total
 7:00             AM                0              56                   4                  0               60                10              16                    0                  1               26                 0              29                    1                 0                30                  0                25                   0                  0                25                     141
 7:15             AM                0              89                   9                  3               98                  4             16                    0                  1               20                 0              16                    0                 0                16                  1                20                   0                  0                21                     155
 7:30             AM                1              83                 13                   1               97                  6             19                    1                  1               26                 0              31                    4                 0                35                  4                20                   0                  3                24                     182
 7:45             AM                1              97                 18                   0             116                   1             31                    1                  0               33                 1              38                    1                 0                40                  0                21                   0                  1                21                     210
 8:00             AM                0            101                  13                   2             114                   5             31                    1                  1               37                 1              46                    2                 1                49                  1                22                   0                  0                23                     223
 8:15             AM                0              88                   5                  0               93                  6             37                    1                  1               44                 2              27                    6                 0                35                  0                13                   0                  0                13                     185
 8:30             AM                0              75                   5                  3               80                10              42                    2                  0               54                 5              48                    2                 0                55                  0                15                   0                  0                15                     204
 8:45             AM                0              22                   0                  1               22                  7             28                    1                  0               36                 0              12                    0                 0                12                  1                19                   0                  0                20                        90
 9:00             AM                1              31                   1                  0               33                  4             38                    0                  2               42                 1              15                    2                 1                18                  1                15                   0                  0                16                     109
 9:15             AM                1              64                   9                  0               74                  5             28                    0                  0               33                 0              29                    2                 0                31                  0                24                   1                  1                25                     163
 9:30             AM                0              43                   2                  1               45                  3             15                    2                  0               20                 2              25                    2                 0                29                  1                21                   0                  0                22                     116
 9:45             AM                0              42                   1                  1               43                  3             19                    1                  1               23                 1              30                    2                 0                33                  0                18                   0                  0                18                     117
 4:00             PM                0              32                   2                  1               34                  2             16                    0                  3               18                 0              79                    5                 0                84                  4                16                   0                  0                20                     156
 4:15             PM                0              33                   0                  0               33                  5             23                    1                  0               29                 4              78                    3                 1                85                  4                18                   0                  3                22                     169
 4:30             PM                0              28                   1                  2               29                  1             16                    1                  1               18                 2              86                    1                 0                89                  2                19                   0                  0                21                     157
 4:45             PM                0              40                   0                  1               40                  9             17                    4                  0               30                 1              72                    4                 0                77                  1                12                   0                  0                13                     160
 5:00             PM                0              36                   5                  0               41                  1             17                    1                  0               19                 1            103                     4                 0              108                   1                22                   1                  3                24                     192
 5:15             PM                0              32                   4                  1               36                  1             28                    1                  2               30                 5              87                    9                 0              101                   3                26                   2                  0                31                     198
 5:30             PM                1              33                   0                  2               34                  3             18                    1                  2               22                 1              75                    5                 1                81                  2                26                   2                  6                30                     167
 5:45             PM                2              20                   1                  1               23                  2             17                    1                  3               20                 1              68                    3                 0                72                  1                21                   3                  5                25                     140
 6:00             PM                0              48                   2                  0               50                  5             21                    1                  5               27                 1              68                    2                 1                71                  3                26                   0                  0                29                     177
 6:15             PM                0              41                   1                  1               42                  5             34                    0                  2               39                 1              94                    5                 0              100                   1                15                   0                  2                16                     197
 6:30             PM                1              34                   2                  0               37                  3             16                    0                  2               19                 2              68                    3                 1                73                  0                19                   0                  0                19                     148
 6:45             PM                0              31                   5                  0               36                  2             16                    0                  1               18                 1              57                    2                 1                60                  0                14                   2                  4                16                     130
       Total                        8          1199                 103                  21            1310                103             559                   21                 29             683                 33           1281                    70                  7           1384                   31               467                   11                28              509                     3886
     App            %            0.6            91.5                 7.9               1.6                               15.1              81.8                 3.1               4.2                                 2.4            92.6                  5.1               0.5                                  6.1             91.7                  2.2                5.5
   Total              %          0.2            30.9                 2.7               0.5             33.7                2.7             14.4                 0.5               0.7             17.6                0.8            33.0                  1.8               0.2             35.6                 0.8             12.0                  0.3                0.7              13.1
  INT            ID                                                 ROAD 1                                                                                                        ROAD 2                                                                  ROAD 3                              ROAD 4                                COMMUNITY                                                  TMC DATE
      229                          ARKANSAS                                        AVENUE NW                                                        EMERSON STREET                                                               NW                                                                                                                        -                                    3/22/2017
                              TRUCKS
                              NB                                                                                        EB                                                                                        SB                                                                                         WB
        Start                  Left           Thru               Right               Ped                 NB              Left           Thru               Right               Ped                  EB             Left            Thru               Right               Ped                 SB               Left              Thru                Right                Ped                WB                 Interval
      Time                                                                                           Total                                                                                      Total                                                                                      Total                                                                                           Total                     Total
 7:00             AM                0               2                   0                 0                 2                 0               0                   0                 0                 0                 0                0                  0                  0                 0                 0                   1                    0                 0                  1                         3
 7:15             AM                0               0                   0                 0                 0                 0               0                   0                 0                 0                 0                0                  0                  0                 0                 0                   1                    0                 0                  1                         1
 7:30             AM                0               1                   0                 0                 1                 0               0                   0                 0                 0                 0                1                  0                  0                 1                 0                   2                    0                 0                  2                         4
 7:45             AM                0               2                   0                 0                 2                 0               0                   0                 0                 0                 0                0                  0                  0                 0                 0                   0                    0                 0                  0                         2
 8:00             AM                0               0                   0                 0                 0                 0               0                   0                 0                 0                 0                0                  0                  0                 0                 0                   0                    0                 0                  0                         0
 8:15             AM                0               2                   0                 0                 2                 0               2                   0                 0                 2                 0                1                  0                  0                 1                 0                   0                    0                 0                  0                         5
 8:30             AM                0               1                   0                 0                 1                 0               1                   0                 0                 1                 0                1                  0                  0                 1                 0                   0                    0                 0                  0                         3
 8:45             AM                0               0                   0                 0                 0                 0               2                   0                 0                 2                 0                0                  0                  0                 0                 0                   0                    0                 0                  0                         2
 9:00             AM                0               0                   0                 0                 0                 0               0                   0                 0                 0                 0                0                  0                  0                 0                 0                   0                    0                 0                  0                         0
 9:15             AM                0               1                   0                 0                 1                 0               0                   0                 0                 0                 0                0                  0                  0                 0                 0                   0                    0                 0                  0                         1
 9:30             AM                1               1                   0                 0                 2                 0               0                   0                 0                 0                 0                0                  0                  0                 0                 0                   1                    0                 0                  1                         3
 9:45             AM                0               1                   0                 0                 1                 0               0                   0                 0                 0                 0                0                  1                  0                 1                 0                   0                    0                 0                  0                         2
 4:00             PM                0               0                   0                 0                 0                 0               0                   0                 0                 0                 0                2                  0                  0                 2                 0                   0                    0                 0                  0                         2
 4:15             PM                0               0                   0                 0                 0                 0               0                   0                 0                 0                 0                0                  0                  0                 0                 0                   0                    0                 0                  0                         0
 4:30             PM                0               0                   0                 0                 0                 0               0                   0                 0                 0                 0                0                  0                  0                 0                 0                   0                    0                 0                  0                         0
 4:45             PM                0               0                   0                 0                 0                 0               0                   0                 0                 0                 0                0                  0                  0                 0                 0                   0                    0                 0                  0                         0
 5:00             PM                0               0                   0                 0                 0                 0               0                   0                 0                 0                 0                1                  0                  0                 1                 0                   0                    0                 0                  0                         1
 5:15             PM                0               0                   0                 0                 0                 0               0                   0                 0                 0                 0                0                  0                  0                 0                 0                   0                    0                 0                  0                         0
 5:30             PM                0               2                   0                 0                 2                 1               0                   0                 0                 1                 0                0                  1                  0                 1                 0                   0                    0                 0                  0                         4
 5:45             PM                0               1                   1                 0                 2                 0               0                   0                 0                 0                 0                1                  0                  0                 1                 0                   0                    0                 0                  0                         3
 6:00             PM                0               0                   0                 0                 0                 0               0                   0                 0                 0                 0                1                  0                  0                 1                 0                   0                    0                 0                  0                         1
 6:15             PM                0               0                   0                 0                 0                 0               0                   0                 0                 0                 0                0                  0                  0                 0                 0                   0                    0                 0                  0                         0
 6:30             PM                0               0                   0                 0                 0                 0               0                   0                 0                 0                 0                1                  0                  0                 1                 0                   0                    0                 0                  0                         1
 6:45             PM                0               0                   0                 0                 0                 0               0                   0                 0                 0                 0                0                  0                  0                 0                 0                   0                    0                 0                  0                         0
       Total                        1             14                    1                 0              16                   1               5                   0                 0                 6                 0                9                  2                  0               11                  0                   5                    0                 0                  5                       38
    App             %            6.2           87.5                  6.2               0.0                              16.7             83.3                  0.0               0.0                                 0.0           81.8                18.2                0.0                                  0.0            100.0                     0.0               0.0
   Total              %          2.6           36.8                  2.6               0.0             42.1               2.6            13.2                  0.0               0.0             15.8                0.0           23.7                  5.3               0.0             28.9                 0.0               13.2                   0.0               0.0              13.2
  INT            ID                                                 ROAD 1                                                                                                        ROAD 2                                                                  ROAD 3                              ROAD 4                                COMMUNITY                                                  TMC DATE
      229                          ARKANSAS                                        AVENUE NW                                                        EMERSON STREET                                                               NW                                                                                                                        -                                    3/22/2017
