                                                                               Turning                                      Movement                                                     Count                                Report                                   -      Cars                         &           Trucks
  INT            ID                                                ROAD 1                                                                                                   ROAD 2                                                               ROAD 3                                ROAD 4                                  COMMUNITY                                                     TMC DATE
        23                            GEORGIA AVENUE NW                                                                                           NEWTON PLACE NW                                                                                                                                                                                      -                                      10/7/2010
                                   CARS
                                   NB                                                                                      EB                                                                                            SB                                                                                      WB
          Start                     Left           Thru              Right               Ped                NB               Left           Thru              Right                 Ped                   EB              Left           Thru              Right               Ped                 SB               Left             Thru              Right                Ped                 WB                Interval
        Time                                                                                             Total                                                                                        Total                                                                                    Total                                                                                         Total                   Total
   7:00             AM                  0            116                    0                 1             116                  0                0                  0                   9                   0                0           206                     0                 1            206                    0                 0                   0                 8                  0                   322
   7:15             AM                  0           155                     0                 1            155                   2                0                  5                 12                    7                3           245                     0                 1            248                    0                 0                   0                 9                  0                   410
   7:30             AM                  0           134                   14                  4            148                   2                0                  2                   8                   4                3           253                     0                 0            256                    0                 0                   0               25                   0                   408
   7:45             AM                  0           154                     2                 1            156                   0                0                  0                 11                    0                6           267                     0                 0            273                    0                 0                   0               13                   0                   429
   8:00             AM                  0           121                     2                 2            123                   2                0                  3                   8                   5                3           244                     0                 0            247                    0                 0                   0                 8                  0                   375
   8:15             AM                  0           151                     3                 2            154                   1                0                  0                 14                    1                4           286                     0                 0            290                    0                 0                   0                 6                  0                   445
   8:30             AM                  0           108                     2                 0             110                  2                0                  3                 21                    5                5           260                     0                 3            265                    0                 0                   0               19                   0                   380
   8:45             AM                  0           123                     3                 4            126                   0                0                  0                 18                    0                5           267                     0                 0            272                    0                 0                   0                 9                  0                   398
   9:00             AM                  0             83                    2                 2              85                  1                0                  0                 22                    1                0           259                     0                 0            259                    0                 0                   0                 9                  0                   345
   9:15             AM                  0             68                    1                 0              69                  0                0                  1                 12                    1                3           224                     0                 0            227                    0                 0                   0                 6                  0                   297
   9:30             AM                  0             69                    2                 0              71                  2                0                  1                 12                    3                1           207                     0                 3            208                    0                 0                   0                 7                  0                   282
   9:45             AM                  0           107                     1                 1            108                   2                0                  1                 15                    3                3           170                     0               10             173                    0                 0                   0                 9                  0                   284
 10:00                AM                0           109                     3                 0             112                  0                0                  2                   8                   2                2           148                     0                 4            150                    0                 0                   0               16                   0                   264
 10:15                AM                0             77                    3                 0              80                  0                0                  1                   8                   1                5           163                     0                 0            168                    0                 0                   0                 7                  0                   249
 10:30                AM                0           108                     4                 1             112                  0                0                  4                 32                    4                2           130                     0                 0            132                    0                 0                   0               16                   0                   248
 10:45                AM                0            110                    0                 2             110                  2                0                  3                 15                    5                9           164                     0                 2            173                    0                 0                   0               13                   0                   288
 11:00               AM                 0             89                    2                 1              91                  0                0                  1                 24                    1                2           160                     0                 0            162                    0                 0                   0                 8                  0                   254
 11:15               AM                 0           140                     4                 0            144                   1                0                  0                 26                    1                3           128                     0                 0            131                    0                 0                   0                 7                  0                   276
 11:30               AM                 0            119                    7                 1            126                   1                0                  0                 13                    1                1           172                     0                 0            173                    0                 0                   0               10                   0                   300
 11:45               AM                 0           134                     1                 0            135                   1                0                  0                 16                    1                5           155                     0                 1            160                    0                 0                   0               13                   0                   296
 12:00                 PM               0           106                     4                 1             110                  1                0                  2                 20                    3                5           167                     0                 2            172                    0                 0                   0                11                  0                   285
 12:15                 PM               0             99                    4                 3            103                   2                0                  4                 19                    6                5           147                     0                 0            152                    0                 0                   0               14                   0                   261
 12:30                 PM               0           136                     2                 3            138                   0                0                  3                 16                    3                4           144                     0                 0            148                    0                 0                   0                 6                  0                   289
 12:45                 PM               0           179                     5                 2            184                   1                0                  6                 26                    7                7           144                     0                 3            151                    0                 0                   0               14                   0                   342
   1:00              PM                 0               0                   0                 0                0                 0                0                  0                   0                   0                0                0                  0                 0                0                  0                 0                   0                 0                  0                        0
   1:15              PM                 0               0                   0                 0                0                 0                0                  0                   0                   0                0                0                  0                 0                0                  0                 0                   0                 0                  0                        0
   1:30              PM                 0               0                   0                 0                0                 0                0                  0                   0                   0                0                0                  0                 0                0                  0                 0                   0                 0                  0                        0
   1:45              PM                 0               0                   0                 0                0                 0                0                  0                   0                   0                0                0                  0                 0                0                  0                 0                   0                 0                  0                        0
   2:00              PM                 0           169                     5                 0            174                   1                0                  1                 12                    2                3           161                     0                 2            164                    0                 0                   0               17                   0                   340
   2:15              PM                 0           154                     3                 3            157                   2                0                  3                 15                    5                2           182                     0                 0            184                    0                 0                   0               16                   0                   346
   2:30              PM                 0            110                    3                 2             113                  0                0                  1                 37                    1                2           149                     0                 0            151                    0                 0                   0               21                   0                   265
   2:45              PM                 0            110                    2                 0             112                  0                0                  4                 15                    4                0           171                     0                 0            171                    0                 0                   0               13                   0                   287
   3:00              PM                 0           148                     6                 0            154                   0                0                  0                   9                   0                1           165                     0                 0            166                    0                 0                   0                 0                  0                   320
   3:15              PM                 0           182                     0                 3            182                   0                0                  0                 57                    0                0           177                     0               10             177                    0                 0                   0               10                   0                   359
   3:30              PM                 0            117                    2                 0             119                  0                0                  0                 22                    0                0           176                     0                 0            176                    0                 0                   0                 2                  0                   295
   3:45              PM                 0           133                     2                 3            135                   2                0                  2                 33                    4                3           156                     0                 2            159                    0                 0                   0                 7                  0                   298
   4:00              PM                 0           157                     6                 1            163                   2                0                  2                 32                    4                0           162                     0                 0            162                    0                 0                   0               26                   0                   329
   4:15              PM                 0           121                     5                 2            126                   0                0                  3                 36                    3                0           177                     0                 2            177                    0                 0                   0               20                   0                   306
   4:30              PM                 0           219                     5                 3            224                   2                0                  6                 21                    8                3           171                     0                 0            174                    0                 0                   0               15                   0                   406
   4:45              PM                 0           182                     4                 0            186                   0                0                  2                 35                    2                1           159                     0                 0            160                    0                 0                   0               19                   0                   348
   5:00              PM                 0           185                     5                 2            190                   1                0                  1                 22                    2                0           178                     0                 2            178                    0                 0                   0                 9                  0                   370
   5:15              PM                 0           163                   10                  2            173                   1                0                  1                 19                    2                1           139                     0                 0            140                    0                 0                   0               16                   0                   315
   5:30              PM                 0           144                     5                 3            149                   2                0                  4                 14                    6                3           109                     0                 1             112                   0                 0                   0                 9                  0                   267
   5:45              PM                 0           263                     4                 7            267                   4                0                  2                 50                    6                5           155                     0                 8            160                    0                 0                   0               44                   0                   433
         Total                          0         5352                  138                 63           5490                  40                 0                74                814                 114              110           7297                      0               57           7407                     0                 0                   0             507                    0                13011
      App             %              0.0           97.5                 2.5               1.1                              35.1                0.0             64.9              714.0                                     1.5            98.5                0.0               0.8                                  0.0               0.0                 0.0               0.0
     Total              %            0.0           41.1                 1.1               0.5             42.2                0.3              0.0                0.6                 6.3                 0.9              0.8            56.1                0.0               0.4             56.9                 0.0               0.0                 0.0               3.9               0.0
  INT            ID                                                ROAD 1                                                                                                   ROAD 2                                                               ROAD 3                                ROAD 4                                  COMMUNITY                                                     TMC DATE
        23                            GEORGIA AVENUE NW                                                                                           NEWTON PLACE NW                                                                                                                                                                                      -                                      10/7/2010
                                                             TRUCKS
                                                             NB                                                                                                                                                           SB
                       Start                                       Left                         Thru                              Right                             Ped                             NB                           Left                         Thru                               Right                             Ped                               SB                                Interval
                     Time                                                                                                                                                                       Total                                                                                                                                                            Total                                     Total
                7:00             AM                                     0                          12                                    0                               0                          12                               0                              4                                   0                               0                              4                                       16
                7:15             AM                                     0                            4                                   0                               0                            4                              0                              6                                   0                               0                              6                                       10
                7:30             AM                                     0                           11                                   0                               0                           11                              0                              4                                   0                               0                              4                                       15
                7:45             AM                                     0                            1                                   0                               0                            1                              0                              6                                   0                               0                              6                                         7
                8:00             AM                                     0                            6                                   0                               0                            6                              0                              2                                   0                               0                              2                                         8
                8:15             AM                                     0                            3                                   0                               0                            3                              0                              4                                   0                               0                              4                                         7
                8:30             AM                                     0                            4                                   0                               0                            4                              0                              4                                   0                               0                              4                                         8
                8:45             AM                                     0                            4                                   0                               0                            4                              0                              6                                   0                               0                              6                                       10
                9:00             AM                                     0                            0                                   0                               0                            0                              0                              2                                   0                               0                              2                                         2
                9:15             AM                                     0                            2                                   0                               0                            2                              0                              1                                   0                               0                              1                                         3
                9:30             AM                                     0                            1                                   0                               0                            1                              0                              4                                   0                               0                              4                                         5
                9:45             AM                                     0                            3                                   0                               0                            3                              0                              3                                   0                               0                              3                                         6
              10:00                AM                                   0                            3                                   0                               0                            3                              0                              3                                   0                               0                              3                                         6
              10:15                AM                                   0                            2                                   0                               0                            2                              0                              2                                   0                               0                              2                                         4
              10:30                AM                                   0                            4                                   0                               0                            4                              0                              6                                   0                               0                              6                                       10
              10:45                AM                                   0                            2                                   0                               0                            2                              0                              1                                   0                               0                              1                                         3
              11:00               AM                                    0                            1                                   0                               0                            1                              0                              1                                   0                               0                              1                                         2
              11:15               AM                                    0                            3                                   0                               0                            3                              0                              4                                   0                               0                              4                                         7
              11:30               AM                                    0                            2                                   0                               0                            2                              0                              1                                   0                               0                              1                                         3
              11:45               AM                                    0                            1                                   0                               0                            1                              0                              3                                   0                               0                              3                                         4
              12:00                 PM                                  0                            4                                   0                               0                            4                              0                              2                                   0                               0                              2                                         6
              12:15                 PM                                  0                            1                                   0                               0                            1                              0                              2                                   0                               0                              2                                         3
              12:30                 PM                                  0                            1                                   0                               0                            1                              0                              3                                   0                               0                              3                                         4
              12:45                 PM                                  0                            4                                   0                               0                            4                              0                              1                                   0                               0                              1                                         5
                1:00              PM                                    0                            0                                   0                               0                            0                              0                              0                                   0                               0                              0                                         0
                1:15              PM                                    0                            0                                   0                               0                            0                              0                              0                                   0                               0                              0                                         0
                1:30              PM                                    0                            0                                   0                               0                            0                              0                              0                                   0                               0                              0                                         0
                1:45              PM                                    0                            0                                   0                               0                            0                              0                              0                                   0                               0                              0                                         0
                2:00              PM                                    0                            4                                   0                               0                            4                              0                              4                                   0                               0                              4                                         8
                2:15              PM                                    0                            2                                   0                               0                            2                              0                              0                                   0                               0                              0                                         2
                2:30              PM                                    0                            4                                   0                               0                            4                              0                              4                                   0                               0                              4                                         8
                2:45              PM                                    0                            5                                   0                               0                            5                              0                              2                                   0                               0                              2                                         7
                3:00              PM                                    0                            1                                   0                               0                            1                              0                              5                                   0                               0                              5                                         6
                3:15              PM                                    0                            3                                   0                               0                            3                              0                            11                                    0                               0                            11                                        14
                3:30              PM                                    0                            3                                   0                               0                            3                              0                              6                                   0                               0                              6                                         9
                3:45              PM                                    0                            3                                   0                               0                            3                              0                              7                                   0                               0                              7                                       10
                4:00              PM                                    0                            3                                   0                               0                            3                              0                              5                                   0                               0                              5                                         8
                4:15              PM                                    0                            5                                   0                               0                            5                              0                              5                                   0                               0                              5                                       10
                4:30              PM                                    0                            5                                   0                               0                            5                              0                              7                                   0                               0                              7                                       12
                4:45              PM                                    0                            2                                   0                               0                            2                              0                              7                                   0                               0                              7                                         9
                5:00              PM                                    0                            5                                   0                               0                            5                              0                              3                                   0                               0                              3                                         8
                5:15              PM                                    0                            1                                   0                               0                            1                              0                              4                                   0                               0                              4                                         5
                5:30              PM                                    0                            1                                   0                               0                            1                              0                              3                                   0                               0                              3                                         4
                5:45              PM                                    0                            4                                   0                               0                            4                              0                              4                                   0                               0                              4                                         8
                      Total                                             0                        130                                     0                               0                        130                                0                          152                                     0                               0                          152                                       282
                   App             %                                0.0                       100.0                                   0.0                            0.0                                                         0.0                        100.0                                   0.0                              0.0
                  Total              %                              0.0                         46.1                                  0.0                            0.0                          46.1                           0.0                          53.9                                  0.0                              0.0                          53.9
  INT            ID                                                ROAD 1                                                                                                   ROAD 2                                                               ROAD 3                                ROAD 4                                  COMMUNITY                                                     TMC DATE
        23                            GEORGIA AVENUE NW                                                                                           NEWTON PLACE NW                                                                                                                                                                                      -                                      10/7/2010
