                                                                               Turning                                      Movement                                                     Count                                Report                                   -      Cars                         &           Trucks
    INT            ID                                             ROAD 1                                                                                  ROAD 2                                                     ROAD 3                                      ROAD 4                                          COMMUNITY                                                               TMC DATE
        233                                    FIRST                    STREET                            NE                                   K STREET                                  NE                                                                                                                                              -                                                9/27/2016
                                   CARS
                                   NB                                                                                       EB                                                                                       SB                                                                                           WB
          Start                     Left            Thru              Right               Ped                NB               Left           Thru              Right               Ped                EB              Left           Thru              Right                  Ped                  SB                Left           Thru               Right                Ped                WB                Interval
        Time                                                                                              Total                                                                                    Total                                                                                        Total                                                                                        Total                   Total
   7:00             AM                   6               7                   7              25                20                11              32                  11                16               54                 2              22                 31                158                   55                 26             142                  14                   6              182                     311
   7:15             AM                   3             12                 10                25                25                  7             43                  24                21               74                 2              27                 32                141                   61                 40             120                    5                  6              165                     325
   7:30             AM                   4             12                    6              36                22                  9             56                  16                23               81                 2              44                 31                118                   77                 38             152                  14                 12               204                     384
   7:45             AM                   9             18                    9              37                36                  7             53                  30                36               90                 3              40                 28                115                   71                 49             141                  12                  11              202                     399
   8:00             AM                   3             14                 14                47                31                  7             47                  32                23               86                 7              41                 23                163                   71                 52             169                    4                24               225                     413
   8:15             AM                   9             14                    4              28                27                  8             48                  35                25               91                 3              49                 27                135                   79                 49             145                  12                 17               206                     403
   8:30             AM                   4              11                   9              20                24                10              43                  27                30               80                 5              56                 30                135                   91                 43             134                    7                  9              184                     379
   8:45             AM                   3               9                   9              25                21                13              43                  35                36               91                 3              48                 34                  98                  85                 55             145                    5                13               205                     402
   9:00             AM                10               12                    5              10                27                  8             46                  29                11               83                 2              26                 25                  60                  53                 47             106                    8                  3              161                     324
   9:15             AM                   5               7                   5              13                17                13              37                  24                19               74                 3              36                 18                  67                  57                 39             119                  15                   3              173                     321
   9:30             AM                   7             17                 12                20                36                13              47                  33                  9              93                 6              49                 22                  58                  77                 20               85                   9                  7              114                     320
   9:45             AM                   7              11                   4              13                22                13              62                  17                15               92                 7              29                 33                  45                  69                 19               80                  11                  4              110                     293
 11:00               AM                  0               0                   0                 0                0                 0               0                   0                 0                0                0                0                  0                    0                  0                  0                0                  0                  0                  0                       0
 11:15               AM                  0               0                   0                 0                0                 0               0                   0                 0                0                0                0                  0                    0                  0                  0                0                  0                  0                  0                       0
 11:30               AM                  7               7                   9              14                23                12              51                  19                32               82                 4              17                 27                  85                  48                 19               74                   9                  6              102                     255
 11:45               AM                  6               8                   8              19                22                  8             57                  21                29               86                 8              24                 27                146                   59                 17               67                   8                  9                92                    259
 12:00                 PM                5               8                   4              37                17                14              64                  19                32               97                 4              21                 32                156                   57                 15               53                   9                10                 77                    248
 12:15                 PM             10                 7                   6              26                23                12              60                  15                23               87                 7              18                 37                  66                  62                 16               68                   7                14                 91                    263
 12:30                 PM                9             15                    9              22                33                15              65                  11                33               91                 4              20                 32                106                   56                 17               49                 13                   5                79                    259
 12:45                 PM             11                11                   2              29                24                14              74                    8               11               96                 3              23                 27                125                   53                 14               67                   9                28                 90                    263
   1:00              PM               11               18                    7              27                36                  9             71                  12                32               92                 6              14                 37                136                   57                 14               75                  11                13               100                     285
   1:15              PM                  7             12                    9              16                28                17              81                  11                  9            109                  6              19                 25                  93                  50                 14               65                 15                  11                94                    281
   1:30              PM                  4               8                14                17                26                15              61                  14                15               90                 6              16                 34                  59                  56                 19               71                 12                   9              102                     274
   1:45              PM               16               15                 11                17                42                  8             76                  17                15             101                  8              35                 30                  49                  73                 17               62                   6                  8                85                    301
   2:00              PM                  4             13                    9              14                26                14              80                  15                16             109                  6              30                 34                  46                  70                 18               65                 13                   6                96                    301
   2:15              PM                  6             10                    7                 7              23                23              95                  17                12             135                 11              31                 33                  57                  75                 19               67                  11                  0                97                    330
   2:30              PM                  0               0                   0                 0                0                 0               0                   0                 0                0                0                0                  0                    0                  0                  0                0                  0                  0                  0                       0
   2:45              PM                  0               0                   0                 0                0                 0               0                   0                 0                0                0                0                  0                    0                  0                  0                0                  0                  0                  0                       0
   4:00              PM                  9             23                 39                39                71                14            159                   14                16             187                  6              24                 32                104                   62                   9              70                 10                 16                 89                    409
   4:15              PM                  8             30                 38                32                76                19            182                   10                  5             211                 9              19                 30                  74                  58                 17               65                   6                16                 88                    433
   4:30              PM               10               20                 50                38                80                15            186                   17                16             218                  6              20                 41                  89                  67                 15               50                 15                 15                 80                    445
   4:45              PM               14               24                 32                38                70                11            165                   24                17             200                  7              23                 41                109                   71                 10               72                   9                  5                91                    432
   5:00              PM               16               32                 39                58                87                26            201                   13                35             240                  6              20                 24                  92                  50                   7              66                 17                 15                 90                    467
   5:15              PM               21               16                 31                52                68                  9           205                   12                12             226                  4              19                 19                122                   42                 23               92                   9                13               124                     460
   5:30              PM               20               19                 43                43                82                18            201                   15                28             234                  6              27                 31                  80                  64                 20               54                 10                 16                 84                    464
   5:45              PM               20               29                 37                24                86                19            176                   17                11             212                  7              27                 33                101                   67                 12               72                  11                  4                95                    460
   6:00              PM               20               30                 32                27                82                20            168                   12                26             200                  6              32                 35                  84                  73                 10               68                   7                16                 85                    440
   6:15              PM               16               33                 35                26                84                31            160                     7               14             198                  8              42                 37                  78                  87                 19               58                 13                   9                90                    459
   6:30              PM               17               22                 24                17                63                12            141                   11                12             164                17               31                 39                  65                  87                   9              68                   7                  5                84                    398
   6:45              PM               12               12                 22                19                46                21            149                     8                 3            178                14               24                 34                  45                  72                   9              60                 10                   8                79                    375
         Total                      349              566                611               957            1526                 495           3485                  652               718            4632               214            1043               1105                3460                2362                836             3116                 363                372             4315                  12835
      App             %            22.9             37.1               40.0              62.7                               10.7             75.2               14.1              15.5                                  9.1           44.2               46.8              146.5                                   19.4              72.2                  8.4               8.6
     Total              %            2.7              4.4                4.8               7.5             11.9               3.9            27.2                 5.1               5.6             36.1                1.7             8.1                8.6               27.0                18.4                6.5             24.3                  2.8               2.9             33.6
    INT            ID                                             ROAD 1                                                                                  ROAD 2                                                     ROAD 3                                      ROAD 4                                          COMMUNITY                                                               TMC DATE
        233                                    FIRST                    STREET                            NE                                   K STREET                                  NE                                                                                                                                              -                                                9/27/2016
                             TRUCKS
                             NB                                                                                              EB                                                                                        SB                                                                                             WB
       Start                  Left           Thru             Right                    Ped                     NB             Left           Thru             Right                Ped                  EB             Left           Thru             Right                    Ped                     SB              Left            Thru             Right                 Ped                 WB              Interval
     Time                                                                                                  Total                                                                                     Total                                                                                          Total                                                                                       Total                 Total
7:00             AM               0               0                 0                    25                       0               0               3                 0                16                    3                0              1                 2                  158                        3                0                6                 0                   6                  6                   12
7:15             AM               0               0                 0                    25                       0               0               2                 1                21                    3                0              1                 3                  141                        4                0              10                  1                   6                11                    18
7:30             AM               0               0                 0                    36                       0               0               3                 0                23                    3                0              1                 0                  118                        1                0                6                 3                 12                   9                   13
7:45             AM               1               1                 0                    37                       2               2               2                 0                36                    4                0              1                 0                  115                        1                0                5                 2                 11                   7                   14
8:00             AM               2               1                 0                    47                       3               0               0                 0                23                    0                0              1                 0                  163                        1                0                4                 1                 24                   5                      9
8:15             AM               0               0                 0                    28                       0               0               2                 1                25                    3                0              1                 1                  135                        2                1                9                 0                 17                 10                    15
8:30             AM               1               2                 0                    20                       3               0               0                 0                30                    0                0              0                 0                  135                        0                0                8                 1                   9                  9                   12
8:45             AM               0               1                 0                    25                       1               1               0                 1                36                    2                1              1                 1                    98                       3                0                3                 1                 13                   4                   10
9:00             AM               0               0                 0                    10                       0               0               3                 1                 11                   4                0              2                 1                    60                       3                1              10                  2                   3                13                    20
9:15             AM               0               0                 0                    13                       0               1               2                 2                19                    5                0              2                 2                    67                       4                0                5                 2                   3                  7                   16
9:30             AM               0               1                 0                    20                       1               2               1                 1                   9                  4                0              2                 3                    58                       5                2                7                 0                   7                  9                   19
9:45             AM               0               0                 0                    13                       0               1               4                 1                15                    6                0              3                 2                    45                       5                0                7                 2                   4                  9                   20
     11:00                        0               0                 0                      0                      0               0               0                 0                   0                  0                0              0                 0                      0                      0                0                0                 0                   0                  0                      0
         AM
     11:15                        0               0                 0                      0                      0               0               0                 0                   0                  0                0              0                 0                      0                      0                0                0                 0                   0                  0                      0
         AM
     11:30                        0               1                 0                    14                       1               2               3                 2                32                    7                0              1                 1                    85                       2                0                1                 0                   6                  1                    11
         AM
     11:45                        3               0                 0                    19                       3               0               4                 3                29                    7                0              1                 2                  146                        3                0                6                 1                   9                  7                   20
         AM
    12:00                         1               0                 0                    37                       1               1               0                 3                32                    4                0              1                 0                  156                        1                0                3                 0                 10                   3                      9
         PM
    12:15                         0               1                 0                    26                       1               0               3                 2                23                    5                0              0                 1                    66                       1                2                3                 0                 14                   5                   12
         PM
    12:30                         0               1                 0                    22                       1               0               2                 1                33                    3                0              0                 0                  106                        0                1                1                 2                   5                  4                      8
         PM
    12:45                         0               0                 0                    29                       0               1               6                 1                 11                   8                0              0                 0                  125                        0                1                5                 0                 28                   6                   14
         PM
1:00             PM               1               0                 0                    27                       1               0               3                 1                32                    4                0              1                 1                  136                        2                0                0                 0                 13                   0                      7
1:15             PM               1               0                 1                    16                       2               0               2                 2                   9                  4                0              1                 0                    93                       1                0                2                 1                 11                   3                   10
1:30             PM               0               1                 0                    17                       1               0               4                 3                15                    7                1              1                 0                    59                       2                0                1                 0                   9                  1                    11
1:45             PM               0               0                 0                    17                       0               2               1                 0                15                    3                1              0                 1                    49                       2                2                2                 0                   8                  4                      9
2:00             PM               0               0                 0                    14                       0               1               5                 1                16                    7                1              1                 1                    46                       3                1                4                 0                   6                  5                   15
2:15             PM               0               0                 1                      7                      1               1               5                 1                12                    7                0              1                 1                    57                       2                1                2                 0                   0                  3                   13
2:30             PM               0               0                 0                      0                      0               0               0                 0                   0                  0                0              0                 0                      0                      0                0                0                 0                   0                  0                      0
2:45             PM               0               0                 0                      0                      0               0               0                 0                   0                  0                0              0                 0                      0                      0                0                0                 0                   0                  0                      0
4:00             PM               0               0                 0                    39                       0               0               5                 1                16                    6                0              0                 1                  104                        1                1                1                 0                 16                   2                      9
4:15             PM               0               0                 0                    32                       0               0               6                 1                   5                  7                0              2                 1                    74                       3                2                5                 0                 16                   7                   17
4:30             PM               0               0                 0                    38                       0               0               6                 0                16                    6                0              0                 0                    89                       0                0                4                 0                 15                   4                   10
4:45             PM               0               0                 1                    38                       1               0               3                 1                17                    4                0              2                 1                  109                        3                1                1                 0                   5                  2                   10
5:00             PM               0               0                 0                    58                       0               0               3                 1                35                    4                0              0                 0                    92                       0                0                2                 0                 15                   2                      6
5:15             PM               0               0                 0                    52                       0               1               5                 0                12                    6                0              0                 1                  122                        1                0                2                 0                 13                   2                      9
5:30             PM               0               1                 0                    43                       1               0               4                 0                28                    4                0              1                 0                    80                       1                0                3                 0                 16                   3                      9
5:45             PM               0               0                 1                    24                       1               0               8                 2                 11                 10                 0              0                 0                  101                        0                2                2                 0                   4                  4                   15
6:00             PM               0               0                 0                    27                       0               0             10                  0                26                  10                 0              2                 0                    84                       2                1                2                 0                 16                   3                   15
6:15             PM               0               0                 0                    26                       0               0               5                 1                14                    6                0              1                 0                    78                       1                0                1                 0                   9                  1                      8
6:30             PM               0               0                 1                    17                       1               0               9                 0                12                    9                0              0                 0                    65                       0                0                1                 0                   5                  1                    11
6:45             PM               0               1                 0                    19                       1               0               3                 0                   3                  3                0              0                 1                    45                       1                0                1                 0                   8                  1                      6
      Total                     10              12                  5                  957                      27              16            127                 35               718                 178                  4            32                28                 3460                       64               19             135                 19               372                 173                   442
   App             %         37.044.4                          18.5              3,544.4                                       9.0          71.3               19.7             403.4                                   6.2           50.0              43.8              5,406.2                                      11.0             78.0              11.0              215.0
  Total              %         2.3             2.7                1.1               216.5                     6.1              3.6          28.7                 7.9            162.4                40.3               0.9             7.2                6.3               782.8                   14.5                4.3            30.5                4.3               84.2              39.1
    INT            ID                                             ROAD 1                                                                                  ROAD 2                                                     ROAD 3                                      ROAD 4                                          COMMUNITY                                                               TMC DATE
        233                                    FIRST                    STREET                            NE                                   K STREET                                  NE                                                                                                                                              -                                                9/27/2016
