                                                                               Turning                                      Movement                                                     Count                                Report                                   -      Cars                         &           Trucks
    INT            ID                                             ROAD 1                                                                                  ROAD 2                                                     ROAD 3                                     ROAD 4                                           COMMUNITY                                                               TMC DATE
        234                                    FIRST                    STREET                            NE                                   L      STREET                            NE                                                                                                                                               -                                                9/27/2016
                                   CARS
                                   NB                                                                                      EB                                                                                          SB                                                                                       WB
          Start                     Left           Thru              Right               Ped                NB               Left           Thru              Right                 Ped                 EB              Left            Thru              Right               Ped                SB               Left            Thru               Right                 Ped                 WB                Interval
        Time                                                                                             Total                                                                                      Total                                                                                     Total                                                                                          Total                   Total
   7:00             AM                  0             26                    2                 9              28                  9              40                 21                 36                70                   9             47                    0              11                56                   6                0                16                  12                  22                    176
   7:15             AM                  0             19                    2                 5              21                10               34                 16                 31                60                   7             50                    0                 5              57                   9                0                22                  23                  31                    169
   7:30             AM                  0             19                    1                 2              20                  9              37                 23                 53                69                12               45                    0              16                57                   7                0                30                  25                  37                    183
   7:45             AM                  0              11                   1               12               12                  9              43                 19                 46                71                   9             45                    0                 4              54                   7                0                32                  18                  39                    176
   8:00             AM                  0             32                    4                 4              36                  8              39                 26                 48                73                19               53                    0                 9              72                14                  0                39                  19                  53                    234
   8:15             AM                  0             17                    0                 8              17                11               47                 10                 44                68                19               90                    0              13              109                 10                  0                40                  28                  50                    244
   8:30             AM                  0             12                    1               10               13                  8              32                   6                48                46                10               62                    0              17                72                16                  0                42                  21                  58                    189
   8:45             AM                  0             21                    1                 2              22                  8              40                 11                 35                59                11               55                    0              13                66                15                  0                43                  27                  58                    205
   9:00             AM                  0             25                    2                 6              27                  4              41                 10                 36                55                   8             69                    0              12                77                16                  0                33                    6                 49                    208
   9:15             AM                  0             17                    2                 2              19                10               26                   7                32                43                11               51                    0                 4              62                   8                0                30                  10                  38                    162
   9:30             AM                  0             29                    0                 7              29                  8              29                   9                33                46                   9             49                    0                 5              58                   7                0                13                    5                 20                    153
   9:45             AM                  0             33                    2                 8              35                12               20                   8                23                40                   9             51                    0              10                60                   4                0                17                  17                  21                    156
 11:00               AM                 0               0                   0                 0                0                 0                0                  0                  0                  0                 0               0                   0                 0                0                  0                0                  0                   0                   0                       0
 11:15               AM                 0               0                   0                 0                0                 0                0                  0                  0                  0                 0               0                   0                 0                0                  0                0                  0                   0                   0                       0
 11:30               AM                 0             22                    0               12               22                18               25                 10               103                 53                   5             57                    0                 7              62                   6                0                13                  23                  19                    156
 11:45               AM                 0             25                    1                 6              26                20               42                 16                 87                78                11               39                    0              19                50                   6                0                17                  33                  23                    177
 12:00                 PM               0             32                    2               11               34                15               24                 12               144                 51                   7             36                    0              14                43                10                  0                17                  49                  27                    155
 12:15                 PM               0             25                    2                 3              27                17               41                 12               139                 70                   5             25                    0              14                30                   2                0                13                  48                  15                    142
 12:30                 PM               0             27                    2               17               29                11               30                 15               150                 56                   5             39                    0              19                44                   4                0                13                  77                  17                    146
 12:45                 PM               0             18                    1                 9              19                11               42                 10               153                 63                   4             39                    0              12                43                   3                0                14                  50                  17                    142
   1:00              PM                 0             20                    0               11               20                15               32                   8              127                 55                   9             22                    0              13                31                   2                0                15                  41                  17                    123
   1:15              PM                 0             18                    2                 5              20                  9              41                   8              108                 58                   3             51                    0              14                54                   2                0                  8                 32                  10                    142
   1:30              PM                 0             16                    1                 8              17                19               41                 14                 57                74                   8             43                    0                 9              51                   7                0                15                  31                  22                    164
   1:45              PM                 0             27                    2                 5              29                  5              35                 16                 84                56                   7             48                    0              15                55                   3                0                21                  11                  24                    164
   2:00              PM                 0             20                    1                 6              21                10               36                 16                 86                62                   7             53                    0                 4              60                   4                0                18                  22                  22                    165
   2:15              PM                 0             27                    1                 5              28                11               34                 15                 98                60                10               50                    0              14                60                   9                0                21                  26                  30                    178
   2:30              PM                 0               0                   0                 0                0                 0                0                  0                  0                  0                 0               0                   0                 0                0                  0                0                  0                   0                   0                       0
   2:45              PM                 0               0                   0                 0                0                 0                0                  0                  0                  0                 0               0                   0                 0                0                  0                0                  0                   0                   0                       0
   4:00              PM                 0             40                    6                 8              46                27               82                 27                 80              136                 18               33                    0              11                51                10                  0                25                  32                  35                    268
   4:15              PM                 0             22                    4                 2              26                20               69                 19                 30              108                 12               43                    0                 7              55                   4                0                13                  21                  17                    206
   4:30              PM                 0             37                    4                 5              41                21               71                 15                 23              107                 15               33                    0                 9              48                   3                0                20                  33                  23                    219
   4:45              PM                 0             26                    2               11               28                28               69                 13                 81               110                   9             30                    0              11                39                   5                0                17                  37                  22                    199
   5:00              PM                 0             47                    2                 9              49                23               71                 27                 71              121                 16               38                    0              23                54                   6                0                23                  45                  29                    253
   5:15              PM                 0             50                    8                 9              58                23               86                 12                 51              121                 14               39                    0                 9              53                   1                0                22                  32                  23                    255
   5:30              PM                 0             51                  10                  9              61                21               72                 11                 32              104                 16               29                    0              17                45                   2                0                12                  27                  14                    224
   5:45              PM                 0             41                    3                 6              44                22               79                 22                 34              123                 20               38                    0                 4              58                   4                0                18                  21                  22                    247
   6:00              PM                 0             40                    4                 4              44                23               65                 23                 42               111                16               36                    0              15                52                   3                0                22                  33                  25                    232
   6:15              PM                 0             68                    8                 6              76                18               87                 27                 25              132                 18               42                    0              10                60                   5                0                25                  25                  30                    298
   6:30              PM                 0             55                    3                 7              58                29               65                 25                 48               119                   9             43                    0              13                52                   6                0                25                  25                  31                    260
   6:45              PM                 0             35                    7                 8              42                16               47                 21                 37                84                10               43                    0              15                53                   5                0                16                  23                  21                    200
         Total                          0         1050                    94              257            1144                538           1714                  560             2355               2812                387            1616                      0            417            2003                 231                   0              780               1008               1011                     6970
      App             %              0.0           91.8                 8.2             22.5                               19.1              61.0              19.9                83.7                                19.3             80.7                 0.0             20.8                                22.8                0.0              77.2                99.7
     Total              %            0.0           15.1                 1.3               3.7             16.4                7.7            24.6                 8.0              33.8               40.3               5.6            23.2                 0.0               6.0             28.7                3.3               0.0              11.2                14.5               14.5
    INT            ID                                             ROAD 1                                                                                  ROAD 2                                                     ROAD 3                                     ROAD 4                                           COMMUNITY                                                               TMC DATE
        234                                    FIRST                    STREET                            NE                                   L      STREET                            NE                                                                                                                                               -                                                9/27/2016
                            TRUCKS
                            NB                                                                                        EB                                                                                              SB                                                                                        WB
      Start                  Left          Thru              Right                Ped                  NB             Left           Thru              Right                   Ped                      EB             Left           Thru             Right                 Ped                  SB             Left            Thru              Right                   Ped                     WB              Interval
     Time                                                                                          Total                                                                                            Total                                                                                     Total                                                                                             Total                 Total
7:00             AM              0               1                 0                  9                   1               0                1                 0                    36                      1                0               2                 0                 11                   2                 1                0                 0                    12                      1                      5
7:15             AM              0               1                 0                  5                   1               0                1                 0                    31                      1                0               4                 0                   5                  4                 0                0                 0                    23                      0                      6
7:30             AM              0               0                 0                  2                   0               0                1                 1                    53                      2                0               0                 0                 16                   0                 0                0                 1                    25                      1                      3
7:45             AM              0               0                 0                12                    0               0                2                 0                    46                      2                0               3                 0                   4                  3                 0                0                 0                    18                      0                      5
8:00             AM              0               0                 0                  4                   0               0                3                 0                    48                      3                0               0                 0                   9                  0                 0                0                 3                    19                      3                      6
8:15             AM              0               1                 0                  8                   1               1                0                 0                    44                      1                0               0                 0                 13                   0                 0                0                 0                    28                      0                      2
8:30             AM              0               1                 0                10                    1               0                2                 0                    48                      2                2               3                 0                 17                   5                 1                0                 1                    21                      2                   10
8:45             AM              0               2                 0                  2                   2               1                1                 0                    35                      2                0               0                 0                 13                   0                 0                0                 0                    27                      0                      4
9:00             AM              0               0                 0                  6                   0               1                0                 0                    36                      1                0               1                 0                 12                   1                 0                0                 1                      6                     1                      3
9:15             AM              0               0                 0                  2                   0               0                0                 0                    32                      0                0               1                 0                   4                  1                 0                0                 1                    10                      1                      2
9:30             AM              0               1                 0                  7                   1               0                0                 0                    33                      0                1               0                 0                   5                  1                 0                0                 0                      5                     0                      2
9:45             AM              0               0                 0                  8                   0               0                2                 1                    23                      3                1               2                 0                 10                   3                 0                0                 0                    17                      0                      6
    11:00                        0               0                 0                  0                   0               0                0                 0                      0                     0                0               0                 0                   0                  0                 0                0                 0                      0                     0                      0
        AM
    11:15                        0               0                 0                  0                   0               0                0                 0                      0                     0                0               0                 0                   0                  0                 0                0                 0                      0                     0                      0
        AM
    11:30                        0               1                 0                12                    1               3                0                 0                  103                       3                0               3                 0                   7                  3                 0                0                 0                    23                      0                      7
        AM
    11:45                        0               3                 0                  6                   3               0                0                 0                    87                      0                0               3                 0                 19                   3                 0                0                 0                    33                      0                      6
        AM
    12:00                        0               1                 0                 11                   1               0                0                 1                  144                       1                0               1                 0                 14                   1                 0                0                 1                    49                      1                      4
        PM
    12:15                        0               1                 1                  3                   2               1                1                 0                  139                       2                1               0                 0                 14                   1                 0                0                 1                    48                      1                      6
        PM
    12:30                        0               0                 0                17                    0               0                0                 0                  150                       0                0               1                 0                 19                   1                 0                0                 1                    77                      1                      2
        PM
    12:45                        0               0                 0                  9                   0               0                0                 0                  153                       0                0               0                 0                 12                   0                 2                0                 0                    50                      2                      2
        PM
      1:00                       0               1                 0                 11                   1               1                1                 0                  127                       2                0               4                 0                 13                   4                 0                0                 3                    41                      3                   10
        PM
      1:15                       0               0                 0                  5                   0               0                1                 0                  108                       1                1               2                 0                 14                   3                 0                0                 0                    32                      0                      4
        PM
      1:30                       0               2                 0                  8                   2               1                1                 1                    57                      3                0               1                 0                   9                  1                 0                0                 1                    31                      1                      7
        PM
      1:45                       0               1                 0                  5                   1               0                3                 1                    84                      4                0               2                 0                 15                   2                 0                0                 0                    11                      0                      7
        PM
      2:00                       0               2                 0                  6                   2               1                1                 1                    86                      3                0               1                 0                   4                  1                 0                0                 0                    22                      0                      6
        PM
      2:15                       0               1                 0                  5                   1               0                0                 0                    98                      0                0               2                 0                 14                   2                 0                0                 0                    26                      0                      3
        PM
      2:30                       0               0                 0                  0                   0               0                0                 0                      0                     0                0               0                 0                   0                  0                 0                0                 0                      0                     0                      0
        PM
      2:45                       0               0                 0                  0                   0               0                0                 0                      0                     0                0               0                 0                   0                  0                 0                0                 0                      0                     0                      0
        PM
      4:00                       0               1                 0                  8                   1               0                1                 0                    80                      1                0               2                 0                 11                   2                 0                0                 0                    32                      0                      4
        PM
      4:15                       0               2                 0                  2                   2               0                1                 0                    30                      1                0               1                 0                   7                  1                 0                0                 0                    21                      0                      4
        PM
      4:30                       0               0                 0                  5                   0               0                1                 0                    23                      1                0               1                 0                   9                  1                 0                0                 0                    33                      0                      2
        PM
      4:45                       0               1                 0                 11                   1               0                1                 0                    81                      1                0               0                 0                 11                   0                 0                0                 0                    37                      0                      2
        PM
      5:00                       0               1                 0                  9                   1               0                1                 0                    71                      1                0               0                 0                 23                   0                 0                0                 0                    45                      0                      2
        PM
      5:15                       0               0                 0                  9                   0               0                2                 0                    51                      2                0               0                 0                   9                  0                 0                0                 0                    32                      0                      2
        PM
      5:30                       0               1                 0                  9                   1               0                1                 0                    32                      1                0               0                 0                 17                   0                 0                0                 0                    27                      0                      2
        PM
      5:45                       0               0                 0                  6                   0               0                2                 0                    34                      2                0               1                 0                   4                  1                 0                0                 0                    21                      0                      3
        PM
      6:00                       0               0                 0                  4                   0               0                1                 0                    42                      1                0               0                 0                 15                   0                 0                0                 0                    33                      0                      1
        PM
      6:15                       0               0                 0                  6                   0               0                0                 0                    25                      0                0               0                 0                 10                   0                 0                0                 0                    25                      0                      0
        PM
      6:30                       0               1                 0                  7                   1               0                0                 0                    48                      0                0               1                 0                 13                   1                 0                0                 0                    25                      0                      2
        PM
      6:45                       0               0                 0                  8                   0               0                2                 1                    37                      3                0               0                 0                 15                   0                 0                0                 0                    23                      0                      3
        PM
     Total                       0             27                  1              257                   28              10               34                  7                2355                      51                 6             42                  0               417                  48                  4                0               14                1008                       18                  145
   App             %          0.0          96.4                 3.6            917.9                                 19.666.7                           13.7             4,617.6                                      12.587.5                             0.0            868.8                                  22.2              0.0              77.8             5,600.0
 Total              %         0.0          18.6                 0.7            177.2                19.3                6.9          23.4                 4.8            1,624.1                     35.2               4.1           29.0                 0.0            287.6                33.1                2.8             0.0                9.7               695.2                   12.4
    INT            ID                                             ROAD 1                                                                                  ROAD 2                                                     ROAD 3                                     ROAD 4                                           COMMUNITY                                                               TMC DATE
        234                                    FIRST                    STREET                            NE                                   L      STREET                            NE                                                                                                                                               -                                                9/27/2016
