                                                                               Turning                                      Movement                                                     Count                                Report                                   -      Cars                         &           Trucks
  INT            ID                                                                ROAD 1                                                                                                   ROAD 2                                              ROAD 3                                ROAD 4                                   COMMUNITY                                                     TMC DATE
      238                                 NORTH CAPITOL                                                        STREET                            NE                             M        STREET                            NE                                                                                                                          -                                      9/27/2016
                                   CARS
                                   NB                                                                                      EB                                                                                          SB                                                                                          WB
          Start                     Left           Thru              Right               Ped                NB                Left            Thru              Right               Ped                 EB              Left           Thru              Right               Ped                   SB                Left            Thru               Right               Ped                WB                Interval
        Time                                                                                             Total                                                                                      Total                                                                                      Total                                                                                        Total                    Total
   7:00             AM                  0           253                   12                40             265                160                 15                 12                23             187                   9           254                     0               13               263                     0                 0                  0                24                  0                   715
   7:15             AM                  0           192                   14                12             206                136                 27                 13                19             176                   6           184                     0               18               190                     0                 0                  0                21                  0                   572
   7:30             AM                  0           223                   10                44             233                117                 24                 10                32             151                   7           221                     0               20               228                     0                 0                  0                22                  0                   612
   7:45             AM                  0            211                  16                38             227                104                 20                 16                26             140                   6            211                    0               23               217                     0                 0                  0                12                  0                   584
   8:00             AM                  0           201                   21                45             222                128                 10                 19                29             157                   9           194                     0               25               203                     0                 0                  0                21                  0                   582
   8:15             AM                  0           164                   20                20             184                117                 15                 18                27             150                 11            172                     0               18               183                     0                 0                  0                16                  0                   517
   8:30             AM                  0             72                    8                 5              80                 95                26                 14                20             135                   5           497                     0                 8              502                     0                 0                  0                23                  0                   717
   8:45             AM                  0           184                     2               12             186                119                 25                 14                14             158                   1           360                     0                 5              361                     0                 0                  0                  6                 0                   705
   9:00             AM                  0           164                   15                17             179                109                 25                 16                16             150                   3           346                     0                 6              349                     0                 0                  0                  0                 0                   678
   9:15             AM                  0           233                   17                  9            250                110                 19                   8                 9            137                   0           325                     0                 8              325                     0                 0                  0                  0                 0                   712
   9:30             AM                  0           172                   27                11             199                144                   4                  8                 3            156                   1           331                     0                 2              332                     0                 0                  0                  0                 0                   687
   9:45             AM                  0           193                   16                13             209                  82                  0                10                  0              92                  0           322                     0                 6              322                     0                 0                  0                  0                 0                   623
 11:00               AM                 0               0                   0                 0                0                  0                 0                  0                 0                 0                0               0                   0                 0                  0                   0                 0                  0                  0                 0                       0
 11:15               AM                 0               0                   0                 0                0                  0                 0                  0                 0                 0                0               0                   0                 0                  0                   0                 0                  0                  0                 0                       0
 11:30               AM                 0           162                   19                15             181                  94                14                   4               17              112                  0           287                     0                 5              287                     0                 0                  0                20                  0                   580
 11:45               AM                 0           154                   17                14             171                  87                15                   7               18             109                   0           279                     0                 4              279                     0                 0                  0                14                  0                   559
 12:00                 PM               0           192                   11                14             203                102                 30                   9               14             141                   0           257                     0                 6              257                     0                 0                  0                12                  0                   601
 12:15                 PM               0           198                   10                  6            208                105                 24                   7               14             136                   0           225                     0                 4              225                     0                 0                  0                10                  0                   569
 12:30                 PM               0           183                   20                  6            203                131                 23                   8               12             162                   0           249                     0                 6              249                     0                 0                  0                  6                 0                   614
 12:45                 PM               0           180                   14                10             194                106                 18                 11                13             135                   2           222                     0               12               224                     0                 0                  0                  6                 0                   553
   1:00              PM                 0           180                   20                14             200                117                 15                   3               15             135                   0           218                     0                 7              218                     0                 0                  0                11                  0                   553
   1:15              PM                 0           216                   17                  8            233                113                 21                   5                 9            139                   1           274                     0                 8              275                     0                 0                  0                11                  0                   647
   1:30              PM                 1           194                   16                19              211               104                 21                 10                  4            135                   2           293                     0                 8              295                     0                 0                  0                12                  0                   641
   1:45              PM                 0           196                   18                  7            214                131                 32                 10                18             173                   1           247                     0                 1              248                     0                 0                  0                  6                 0                   635
   2:00              PM                 0           229                   11                12             240                157                 22                   8                 5            187                   1           212                     0                 7              213                     0                 0                  0                  8                 0                   640
   2:15              PM                 0           274                   17                14             291                146                 29                   6                 8            181                   3           241                     0               12               244                     0                 0                  0                  9                 0                   716
   2:30              PM                 0               0                   0                 0                0                  0                 0                  0                 0                 0                0               0                   0                 0                  0                   0                 0                  0                  0                 0                       0
   2:45              PM                 0               0                   0                 0                0                  0                 0                  0                 0                 0                0               0                   0                 0                  0                   0                 0                  0                  0                 0                       0
   4:00              PM                 0           304                   29                10             333                108                   0                  6                 0             114                  7           307                     0               23               314                     0                 0                  0                  0                 0                   761
   4:15              PM                 0           269                   26                12             295                120                   0                10                  0            130                   4           279                     0                 7              283                     0                 0                  0                  0                 0                   708
   4:30              PM                 0           271                   26                10             297                138                 45                   3               12             186                   1           337                     0               21               338                     0                 0                  0                  9                 0                   821
   4:45              PM                 0           304                   25                  9            329                152                 23                   8               12             183                   0           303                     0               18               303                     0                 0                  0                  9                 0                   815
   5:00              PM                 0           294                   33                12             327                135                 39                 12                14             186                   3           298                     0               22               301                     0                 0                  0                15                  0                   814
   5:15              PM                 0           253                   33                  7            286                146                 31                   2                 8            179                   1           292                     0                 9              293                     0                 0                  0                24                  0                   758
   5:30              PM                 0           235                   43                  8            278                130                 42                 13                13             185                   1           273                     0               10               274                     0                 0                  0                11                  0                   737
   5:45              PM                 0           217                   28                  8            245                161                 30                   9                 9            200                   1           306                     0               14               307                     0                 0                  0                25                  0                   752
   6:00              PM                 0           256                   14                19             270                150                 45                   3               14             198                   0           307                     0                 8              307                     0                 0                  0                13                  0                   775
   6:15              PM                 0           276                   20                  7            296                158                 34                   8               19             200                   0           284                     0               19               284                     0                 0                  0                13                  0                   780
   6:30              PM                 0           275                   26                12             301                181                 32                 13                11             226                   1           272                     0                 7              273                     0                 0                  0                  8                 0                   800
   6:45              PM                 0           251                   20                14             271                160                 26                   7                 7            193                   0           267                     0               12               267                     0                 0                  0                22                  0                   731
         Total                          1         7825                  691               533            8517              4553                 821                340               484            5714                  87          9946                      0             402            10033                       0                 0                  0             419                    0               24264
      App             %              0.0           91.9                 8.1               6.3                                79.7              14.4                 6.0               8.5                                0.9           99.1                 0.0               4.0                                     0.0               0.0                0.0               0.0
     Total              %            0.0           32.2                 2.8               2.2             35.1               18.8                3.4                1.4               2.0             23.5               0.4           41.0                 0.0               1.7               41.3                  0.0               0.0                0.0               1.7               0.0
  INT            ID                                                                ROAD 1                                                                                                   ROAD 2                                              ROAD 3                                ROAD 4                                   COMMUNITY                                                     TMC DATE
      238                                 NORTH CAPITOL                                                        STREET                            NE                             M        STREET                            NE                                                                                                                          -                                      9/27/2016
                                  TRUCKS
                                  NB                                                                                        EB                                                                                          SB                                                                                          WB
         Start                     Left          Thru             Right                 Ped                  NB              Left           Thru             Right                 Ped                   EB              Left          Thru              Right                  Ped                  SB               Left            Thru              Right               Ped                WB                Interval
        Time                                                                                             Total                                                                                       Total                                                                                        Total                                                                                      Total                   Total
  7:00             AM                  0               0                 0                40                    0                0               0                  0                 23                    0                0               0                  0                 13                    0                 0                0                   0               24                  0                       0
  7:15             AM                  0               0                 0                12                    0                0               0                  0                 19                    0                0               0                  0                 18                    0                 0                0                   0               21                  0                       0
  7:30             AM                  0             21                  4                44                 25                  2               0                  1                 32                    3                0               0                  0                 20                    0                 0                0                   0               22                  0                     28
  7:45             AM                  0             18                  6                38                 24                  5               1                  3                 26                    9                0               0                  0                 23                    0                 0                0                   0               12                  0                     33
  8:00             AM                  0             22                  6                45                 28                  1               1                  1                 29                    3                0               0                  0                 25                    0                 0                0                   0               21                  0                     31
  8:15             AM                  0               4                 2                20                    6                3               0                  1                 27                    4                0               0                  0                 18                    0                 0                0                   0               16                  0                     10
  8:30             AM                  0             16                10                   5                26                  3               2                  0                 20                    5                0               0                  0                   8                   0                 0                0                   0               23                  0                     31
  8:45             AM                  0               7                 4                12                  11                 2               0                  0                 14                    2                0               0                  0                   5                   0                 0                0                   0                 6                 0                     13
  9:00             AM                  0               1                 3                17                    4                4               0                  2                 16                    6                0             11                   0                   6                 11                  0                0                   0                 0                 0                     21
  9:15             AM                  0               5                 4                  9                   9                3               0                  0                   9                   3                0             21                   0                   8                 21                  0                0                   0                 0                 0                     33
  9:30             AM                  0               7                 1                 11                   8                0               2                  1                   3                   3                0             12                   0                   2                 12                  0                0                   0                 0                 0                     23
  9:45             AM                  0               7                 4                13                  11                 6               0                  0                   0                   6                0             12                   0                   6                 12                  0                0                   0                 0                 0                     29
 11:00               AM                0               0                 0                  0                   0                0               0                  0                   0                   0                0               0                  0                   0                   0                 0                0                   0                 0                 0                       0
 11:15               AM                0               0                 0                  0                   0                0               0                  0                   0                   0                0               0                  0                   0                   0                 0                0                   0                 0                 0                       0
 11:30               AM                0               4                 3                15                    7                1               1                  2                 17                    4                0               9                  0                   5                   9                 0                0                   0               20                  0                     20
 11:45               AM                0               8                 4                14                 12                  0               2                  0                 18                    2                0               9                  0                   4                   9                 0                0                   0               14                  0                     23
12:00                 PM               0             10                  3                14                 13                  2               0                  1                 14                    3                0               4                  0                   6                   4                 0                0                   0               12                  0                     20
12:15                 PM               0             11                  1                  6                12                  1               0                  0                 14                    1                0             10                   0                   4                 10                  0                0                   0               10                  0                     23
12:30                 PM               0               7                 2                  6                   9                2               0                  0                 12                    2                0               8                  0                   6                   8                 0                0                   0                 6                 0                     19
12:45                 PM               0             12                  1                10                 13                  2               0                  0                 13                    2                0               7                  0                 12                    7                 0                0                   0                 6                 0                     22
  1:00              PM                 0               8                 1                14                    9                0               1                  2                 15                    3                0               7                  0                   7                   7                 0                0                   0               11                  0                     19
  1:15              PM                 0               7                 3                  8                10                  1               0                  1                   9                   2                0               7                  0                   8                   7                 0                0                   0               11                  0                     19
  1:30              PM                 0               6                 0                19                    6                4               0                  2                   4                   6                0               5                  0                   8                   5                 0                0                   0               12                  0                     17
  1:45              PM                 0             12                  2                  7                14                  2               1                  1                 18                    4                0               4                  0                   1                   4                 0                0                   0                 6                 0                     22
  2:00              PM                 0               9                 2                12                  11                 2               0                  1                   5                   3                0               9                  0                   7                   9                 0                0                   0                 8                 0                     23
  2:15              PM                 0               6                 2                14                    8                6               0                  1                   8                   7                0               7                  0                 12                    7                 0                0                   0                 9                 0                     22
  2:30              PM                 0               0                 0                  0                   0                0               0                  0                   0                   0                0               0                  0                   0                   0                 0                0                   0                 0                 0                       0
  2:45              PM                 0               0                 0                  0                   0                0               0                  0                   0                   0                0               0                  0                   0                   0                 0                0                   0                 0                 0                       0
  4:00              PM                 0               5                 2                10                    7                3               0                  0                   0                   3                0             11                   0                 23                  11                  0                0                   0                 0                 0                     21
  4:15              PM                 0               4                 0                12                    4                3               0                  1                   0                   4                0               5                  0                   7                   5                 0                0                   0                 0                 0                     13
  4:30              PM                 0               3                 1                10                    4                1               1                  1                 12                    3                0               8                  0                 21                    8                 0                0                   0                 9                 0                     15
  4:45              PM                 0               1                 0                  9                   1                1               2                  0                 12                    3                0               5                  0                 18                    5                 0                0                   0                 9                 0                       9
  5:00              PM                 0               3                 0                12                    3                0               0                  0                 14                    0                1               6                  0                 22                    7                 0                0                   0               15                  0                     10
  5:15              PM                 0               6                 1                  7                   7                3               1                  1                   8                   5                0               6                  0                   9                   6                 0                0                   0               24                  0                     18
  5:30              PM                 0               3                 1                  8                   4                1               0                  0                 13                    1                0               3                  0                 10                    3                 0                0                   0               11                  0                       8
  5:45              PM                 0               4                 1                  8                   5                0               0                  1                   9                   1                0               8                  0                 14                    8                 0                0                   0               25                  0                     14
  6:00              PM                 0               7                 2                19                    9                1               0                  0                 14                    1                0               3                  0                   8                   3                 0                0                   0               13                  0                     13
  6:15              PM                 0               6                 0                  7                   6                2               1                  0                 19                    3                0               5                  0                 19                    5                 0                0                   0               13                  0                     14
  6:30              PM                 0               8                 1                12                    9                1               0                  1                 11                    2                1               5                  0                   7                   6                 0                0                   0                 8                 0                     17
  6:45              PM                 0               3                 1                14                    4                0               0                  0                   7                   0                0               7                  0                 12                    7                 0                0                   0               22                  0                     11
        Total                          0          261                  78               533                339                 68              16                 25                484                109                   2           214                    0               402                 216                   0                0                   0             419                   0                   664
      App             %            0.0           77.0               23.0             157.2                                  62.414.7                          22.9              444.0                                    0.9            99.1                 0.0             186.1                                     0.0               0.0               0.0               0.0
    Total              %           0.0           39.3               11.7               80.3                51.1             10.2              2.4                3.8               72.9                16.4              0.3            32.2                 0.0               60.5                32.5                0.0               0.0               0.0             63.1                0.0
  INT            ID                                                                ROAD 1                                                                                                   ROAD 2                                              ROAD 3                                ROAD 4                                   COMMUNITY                                                     TMC DATE
      238                                 NORTH CAPITOL                                                        STREET                            NE                             M        STREET                            NE                                                                                                                          -                                      9/27/2016
