                                                                               Turning                                      Movement                                                     Count                                Report                                   -      Cars                         &           Trucks
  INT            ID                                                           ROAD 1                                                                                                        ROAD 2                                                        ROAD 3                              ROAD 4                                COMMUNITY                                                  TMC DATE
      239                            NORTH CAPITOL                                                        STREET                            NE                       PEIRCE STREET                                                     NE                                                                                                                   -                                   9/27/2016
                                   CARS
                                   NB                                                                                        EB                                                                                       SB                                                                                         WB
          Start                     Left            Thru               Right               Ped                 NB             Left            Thru              Right               Ped                EB              Left             Thru              Right               Ped                  SB               Left            Thru               Right                Ped                WB                Interval
        Time                                                                                               Total                                                                                    Total                                                                                      Total                                                                                         Total                   Total
   7:00             AM                  0             251                     0               10             251                   0               0                   0                 2                0                0             409                     0                 0             409                  13                  0                18                   1                31                    691
   7:15             AM                  0             183                     0                 5            183                   0               0                   0                 5                0                0             368                     0                 0             368                  29                  0                28                   0                57                    608
   7:30             AM                  1             213                     0                 9            214                   0               0                   0                 3                0                0             442                     0                 0             442                  26                  0                35                   0                61                    717
   7:45             AM                  0             207                     0               10             207                   0               0                   0                 2                0                0             427                     0                 0             427                  37                  0                39                   0                76                    710
   8:00             AM                  0             172                     0               13             172                   0               0                   0                 5                0                0             453                     0                 0             453                  37                  0                35                   1                72                    697
   8:15             AM                  0             160                     0               18             160                   0               0                   0                 3                0                0             455                     0                 0             455                  24                  0                17                   0                41                    656
   8:30             AM                  0             167                     0               16             167                   0               0                   0                 9                0                0             463                     0                 0             463                  21                  0                26                   0                47                    677
   8:45             AM                  0             179                     0               15             179                   0               0                   0                 3                0                0             447                     0                 0             447                  22                  0                32                   0                54                    680
   9:00             AM                  0             174                     0                 7            174                   0               0                   0                 4                0                0             386                     0                 0             386                  30                  0                25                   0                55                    615
   9:15             AM                  0             195                     0                 4            195                   0               0                   0                 4                0                0             363                     0                 0             363                  19                  0                23                   0                42                    600
   9:30             AM                  0             188                     0                 7            188                   0               0                   0                 0                0                0             299                     0                 0             299                    6                 0                17                   1                23                    510
   9:45             AM                  0             191                     0               11             191                   0               0                   0                 4                0                0             263                     0                 0             263                    8                 0                21                   0                29                    483
 11:00               AM                 0                 0                   0                 0                0                 0               0                   0                 0                0                0                 0                   0                 0                 0                  0                 0                  0                  0                  0                       0
 11:15               AM                 0                 0                   0                 0                0                 0               0                   0                 0                0                0                 0                   0                 0                 0                  0                 0                  0                  0                  0                       0
 11:30               AM                 0             150                     0                 6            150                   0               0                   0                 1                0                0             255                     0                 0             255                    4                 0                26                   1                30                    435
 11:45               AM                 0             151                     0                 1            151                   0               0                   0                 0                0                0             243                     0                 0             243                    1                 0                13                   0                14                    408
 12:00                 PM               0             185                     0                 8            185                   0               0                   0                 0                0                0             261                     0                 0             261                    4                 0                15                   0                19                    465
 12:15                 PM               0             202                     0                 1            202                   0               0                   0                 0                0                0             205                     0                 0             205                    1                 0                  7                  0                  8                   415
 12:30                 PM               0             190                     0                 1            190                   0               0                   0                 0                0                0             221                     0                 0             221                    3                 0                  9                  0                12                    423
 12:45                 PM               0             540                     0               15             540                   0               0                   0                 0                0                0             657                     0                 0             657                    4                 0                29                   0                33                 1230
   1:00              PM                 0             192                     0                 9            192                   0               0                   0                 0                0                0             207                     0                 0             207                    3                 0                14                   0                17                    416
   1:15              PM                 0             201                     0                 7            201                   0               0                   0                 2                0                0             220                     0                 0             220                    2                 0                  8                  2                10                    431
   1:30              PM                 0             173                     0                 3            173                   0               0                   0                 3                0                0             247                     1                 0             248                  10                  0                13                   0                23                    444
   1:45              PM                 0             186                     0                 3            186                   0               0                   0                 0                0                0             233                     0                 0             233                  12                  0                16                   0                28                    447
   2:00              PM                 0                 0                   0                 0                0                 0               0                   0                 0                0                0                 0                   0                 0                 0                  0                 0                  0                  0                  0                       0
   2:15              PM                 0                 0                   0                 0                0                 0               0                   0                 0                0                0                 0                   0                 0                 0                  0                 0                  0                  0                  0                       0
   2:30              PM                 0                 0                   0                 0                0                 0               0                   0                 0                0                0                 0                   0                 0                 0                  0                 0                  0                  0                  0                       0
   2:45              PM                 0                 0                   0                 0                0                 0               0                   0                 0                0                0                 0                   0                 0                 0                  0                 0                  0                  0                  0                       0
   4:00              PM                 0                 0                   0                 0                0                 0               0                   0                 0                0                0                 0                   0                 0                 0                  0                 0                  0                  0                  0                       0
   4:15              PM                 0                 0                   0                 0                0                 0               0                   0                 0                0                0                 0                   0                 0                 0                  0                 0                  0                  0                  0                       0
   4:30              PM                 0                 0                   0                 0                0                 0               0                   0                 0                0                0                 0                   0                 0                 0                  0                 0                  0                  0                  0                       0
   4:45              PM                 0                 0                   0                 0                0                 0               0                   0                 0                0                0                 0                   0                 0                 0                  0                 0                  0                  0                  0                       0
   5:00              PM                 0                 0                   0                 0                0                 0               0                   0                 0                0                0                 0                   0                 0                 0                  0                 0                  0                  0                  0                       0
   5:15              PM                 0                 0                   0                 0                0                 0               0                   0                 0                0                0                 0                   0                 0                 0                  0                 0                  0                  0                  0                       0
   5:30              PM                 0                 0                   0                 0                0                 0               0                   0                 0                0                0                 0                   0                 0                 0                  0                 0                  0                  0                  0                       0
   5:45              PM                 0                 0                   0                 0                0                 0               0                   0                 0                0                0                 0                   0                 0                 0                  0                 0                  0                  0                  0                       0
   6:00              PM                 0                 0                   0                 0                0                 0               0                   0                 0                0                0                 0                   0                 0                 0                  0                 0                  0                  0                  0                       0
   6:15              PM                 0                 0                   0                 0                0                 0               0                   0                 0                0                0                 0                   0                 0                 0                  0                 0                  0                  0                  0                       0
   6:30              PM                 0                 0                   0                 0                0                 0               0                   0                 0                0                0                 0                   0                 0                 0                  0                 0                  0                  0                  0                       0
   6:45              PM                 0                 0                   0                 0                0                 0               0                   0                 0                0                0                 0                   0                 0                 0                  0                 0                  0                  0                  0                       0
         Total                          1          4450                       0             179            4451                    0               0                   0              50                  0                0           7524                      1                 0           7525                 316                   0              466                    6              782                12758
      App             %              0.0          100.0                   0.0               4.0                                 0.0             0.0                0.0               0.0                                0.0          100.0                    0.0               0.0                               40.4                0.0               59.6                 0.8
     Total              %            0.0            34.9                  0.0               1.4             34.9                0.0             0.0                0.0               0.4               0.0              0.0            59.0                   0.0               0.0             59.0                2.5               0.0                  3.7               0.0               6.1
  INT            ID                                                           ROAD 1                                                                                                        ROAD 2                                                        ROAD 3                              ROAD 4                                COMMUNITY                                                  TMC DATE
      239                            NORTH CAPITOL                                                        STREET                            NE                       PEIRCE STREET                                                     NE                                                                                                                   -                                   9/27/2016
                                   TRUCKS
                                   NB                                                                                            EB                                                                                      SB                                                                                         WB
          Start                     Left            Thru              Right                  Ped                  NB              Left          Thru              Right                Ped                EB              Left            Thru               Right               Ped                 SB               Left            Thru              Right               Ped                WB                Interval
        Time                                                                                                   Total                                                                                  Total                                                                                      Total                                                                                       Total                   Total
   7:00             AM                  0                9                   0                 10                    9                0               0                  0                 2                 0                0               12                    0                 0              12                   0                0                   1                 1                 1                     22
   7:15             AM                  0                6                   0                   5                   6                0               0                  0                 5                 0                0               10                    0                 0              10                   0                0                   1                 0                 1                     17
   7:30             AM                  0                7                   0                   9                   7                0               0                  0                 3                 0                0               11                    0                 0               11                  1                0                   1                 0                 2                     20
   7:45             AM                  0                0                   0                 10                    0                0               0                  0                 2                 0                0                 6                   0                 0                6                  0                0                   1                 0                 1                       7
   8:00             AM                  0                7                   0                 13                    7                0               0                  0                 5                 0                0                 6                   0                 0                6                  1                0                   3                 1                 4                     17
   8:15             AM                  0                3                   0                 18                    3                0               0                  0                 3                 0                0                 9                   0                 0                9                  0                0                   0                 0                 0                     12
   8:30             AM                  0                5                   0                 16                    5                0               0                  0                 9                 0                0                 3                   0                 0                3                  0                0                   3                 0                 3                      11
   8:45             AM                  0                6                   0                 15                    6                0               0                  0                 3                 0                0               18                    0                 0              18                   1                0                   3                 0                 4                     28
   9:00             AM                  0                6                   0                   7                   6                0               0                  0                 4                 0                0                 4                   0                 0                4                  0                0                   0                 0                 0                     10
   9:15             AM                  0                6                   0                   4                   6                0               0                  0                 4                 0                0                 5                   0                 0                5                  1                0                   0                 0                 1                     12
   9:30             AM                  0              11                    0                   7                 11                 0               0                  0                 0                 0                0               14                    0                 0              14                   0                1                   4                 1                 5                     30
   9:45             AM                  0                3                   0                 11                    3                0               0                  0                 4                 0                0                 6                   0                 0                6                  1                0                   1                 0                 2                      11
 11:00               AM                 0                0                   0                   0                   0                0               0                  0                 0                 0                0                 0                   0                 0                0                  0                0                   0                 0                 0                       0
 11:15               AM                 0                0                   0                   0                   0                0               0                  0                 0                 0                0                 0                   0                 0                0                  0                0                   0                 0                 0                       0
 11:30               AM                 0                1                   0                   6                   1                0               0                  0                 1                 0                0                 4                   0                 0                4                  0                0                   0                 1                 0                       5
 11:45               AM                 0                8                   0                   1                   8                0               0                  0                 0                 0                0                 8                   0                 0                8                  0                0                   1                 0                 1                     17
 12:00                 PM               0                8                   0                   8                   8                0               0                  0                 0                 0                0                 4                   0                 0                4                  1                0                   1                 0                 2                     14
 12:15                 PM               0              10                    0                   1                 10                 0               0                  0                 0                 0                0                 9                   0                 0                9                  1                0                   3                 0                 4                     23
 12:30                 PM               0                6                   0                   1                   6                0               0                  0                 0                 0                0                 8                   0                 0                8                  0                0                   1                 0                 1                     15
 12:45                 PM               0              23                    0                 15                  23                 0               0                  0                 0                 0                0               14                    0                 0              14                   0                0                   3                 0                 3                     40
   1:00              PM                 0                4                   0                   9                   4                0               0                  0                 0                 0                0                 8                   0                 0                8                  0                0                   1                 0                 1                     13
   1:15              PM                 0                6                   0                   7                   6                0               0                  0                 2                 0                0                 4                   0                 0                4                  0                0                   2                 2                 2                     12
   1:30              PM                 0                7                   0                   3                   7                0               0                  0                 3                 0                0                 4                   0                 0                4                  0                0                   0                 0                 0                      11
   1:45              PM                 0                0                   0                   3                   0                0               0                  0                 0                 0                0                 0                   0                 0                0                  0                0                   0                 0                 0                       0
   2:00              PM                 0                0                   0                   0                   0                0               0                  0                 0                 0                0                 0                   0                 0                0                  0                0                   0                 0                 0                       0
   2:15              PM                 0                0                   0                   0                   0                0               0                  0                 0                 0                0                 0                   0                 0                0                  0                0                   0                 0                 0                       0
   2:30              PM                 0                0                   0                   0                   0                0               0                  0                 0                 0                0                 0                   0                 0                0                  0                0                   0                 0                 0                       0
   2:45              PM                 0                0                   0                   0                   0                0               0                  0                 0                 0                0                 0                   0                 0                0                  0                0                   0                 0                 0                       0
   4:00              PM                 0                0                   0                   0                   0                0               0                  0                 0                 0                0                 0                   0                 0                0                  0                0                   0                 0                 0                       0
   4:15              PM                 0                0                   0                   0                   0                0               0                  0                 0                 0                0                 0                   0                 0                0                  0                0                   0                 0                 0                       0
   4:30              PM                 0                0                   0                   0                   0                0               0                  0                 0                 0                0                 0                   0                 0                0                  0                0                   0                 0                 0                       0
   4:45              PM                 0                0                   0                   0                   0                0               0                  0                 0                 0                0                 0                   0                 0                0                  0                0                   0                 0                 0                       0
   5:00              PM                 0                0                   0                   0                   0                0               0                  0                 0                 0                0                 0                   0                 0                0                  0                0                   0                 0                 0                       0
   5:15              PM                 0                0                   0                   0                   0                0               0                  0                 0                 0                0                 0                   0                 0                0                  0                0                   0                 0                 0                       0
   5:30              PM                 0                0                   0                   0                   0                0               0                  0                 0                 0                0                 0                   0                 0                0                  0                0                   0                 0                 0                       0
   5:45              PM                 0                0                   0                   0                   0                0               0                  0                 0                 0                0                 0                   0                 0                0                  0                0                   0                 0                 0                       0
   6:00              PM                 0                0                   0                   0                   0                0               0                  0                 0                 0                0                 0                   0                 0                0                  0                0                   0                 0                 0                       0
   6:15              PM                 0                0                   0                   0                   0                0               0                  0                 0                 0                0                 0                   0                 0                0                  0                0                   0                 0                 0                       0
   6:30              PM                 0                0                   0                   0                   0                0               0                  0                 0                 0                0                 0                   0                 0                0                  0                1                   0                 0                 1                       1
   6:45              PM                 0                0                   0                   0                   0                0               0                  0                 0                 0                0                 0                   0                 0                0                  0                0                   0                 0                 0                       0
         Total                          0            142                     0               179                 142                  0               0                  0               50                  0                0             167                     0                 0            167                    7                2                 30                  6               39                    348
      App             %             0.0          100.0                    0.0             126.1                                    0.0             0.0                0.0               0.0                                0.0          100.0                    0.0               0.0                              17.9                 5.1             76.9              15.4
     Total              %           0.0            40.8                   0.0               51.4                40.8               0.0             0.0                0.0             14.4                0.0              0.0            48.0                   0.0               0.0            48.0                 2.0               0.6               8.6               1.7              11.2
  INT            ID                                                           ROAD 1                                                                                                        ROAD 2                                                        ROAD 3                              ROAD 4                                COMMUNITY                                                  TMC DATE
      239                            NORTH CAPITOL                                                        STREET                            NE                       PEIRCE STREET                                                     NE                                                                                                                   -                                   9/27/2016
