                                                                               Turning                                      Movement                                                     Count                                Report                                   -      Cars                         &           Trucks
   INT            ID                                                          ROAD 1                                                                                             ROAD 2                                                   ROAD 3                                  ROAD 4                                    COMMUNITY                                                       TMC DATE
         24                                WISCONSIN AVENUE NW                                                                                                      M        STREET                            NW                                                                                                                                   -                                        9/16/2010
                                  CARS
                                  NB                                                                                        EB                                                                                        SB                                                                                           WB
         Start                     Left           Thru             Right                 Ped                  NB             Left           Thru             Right                 Ped                 EB               Left            Thru              Right                 Ped                 SB               Left            Thru              Right                Ped                 WB               Interval
        Time                                                                                              Total                                                                                    Total                                                                                        Total                                                                                        Total                   Total
  7:00             AM                29              23                  5                 33                 57               11            158                  41                 10              210                  26               31                  20                 17                77                   0              94                  30                22               124                      468
  7:15             AM                21              12                  7                 41                 40               20            170                  48                 14              238                  33               29                  33                   9               95                   2              90                  28                15               120                      493
  7:30             AM                24              28                  5                 38                 57               27            154                  43                 19              224                  43               57                  33                 20              133                    1            106                   37                10               144                      558
  7:45             AM                26              25                  5                 63                 56               21            189                  47                 28              257                  73               54                  31                 20              158                    0            103                   29                21               132                      603
  8:00             AM                22              17                  7                 66                 46               21            214                  66                 22              301                  55               69                  35                 24              159                    0             117                  48                21               165                      671
  8:15             AM                22              18                  7                 65                 47               23            236                  89                 24              348                  82               80                  34                 23              196                    0             111                  51                22               162                      753
  8:30             AM                15              28                18                  80                 61               18            251                  67                 44              336                  66               55                  43                 31              164                    1            106                   39                44               146                      707
  8:45             AM                23              28                10                110                  61               19            253                  84                 32              356                  56               67                  32                 21              155                    0              97                  31                26               128                      700
  9:00             AM                  0               0                 0                   0                  0                0               0                  0                  0                  0                 0                 0                  0                  0                 0                  0                0                   0                  0                 0                        0
  9:15             AM                  0               0                 0                   0                  0                0               0                  0                  0                  0                 0                 0                  0                  0                 0                  0                0                   0                  0                 0                        0
  9:30             AM                  0               0                 0                   0                  0                0               0                  0                  0                  0                 0                 0                  0                  0                 0                  0                0                   0                  0                 0                        0
  9:45             AM                  0               0                 0                   0                  0                0               0                  0                  0                  0                 0                 0                  0                  0                 0                  0                0                   0                  0                 0                        0
10:00                AM                0               0                 0                   0                  0                0               0                  0                  0                  0                 0                 0                  0                  0                 0                  0                0                   0                  0                 0                        0
10:15                AM                0               0                 0                   0                  0                0               0                  0                  0                  0                 0                 0                  0                  0                 0                  0                0                   0                  0                 0                        0
10:30                AM                0               0                 0                   0                  0                0               0                  0                  0                  0                 0                 0                  0                  0                 0                  0                0                   0                  0                 0                        0
10:45                AM                0               0                 0                   0                  0                0               0                  0                  0                  0                 0                 0                  0                  0                 0                  0                0                   0                  0                 0                        0
 11:00               AM                0               0                 0                   0                  0                0               0                  0                  0                  0                 0                 0                  0                  0                 0                  0                0                   0                  0                 0                        0
 11:15               AM                0               0                 0                   0                  0                0               0                  0                  0                  0                 0                 0                  0                  0                 0                  0                0                   0                  0                 0                        0
 11:30               AM              40              35                18                127                  93               14            117                  55                 67              186                  37               38                  39                 77               114                   0            122                   53                67               175                      568
 11:45               AM              39              43                47                123                129                17            101                  56                 57              174                  60               32                  22                 81               114                   1            124                   44                91               169                      586
12:00                 PM             46              43                14                138                103                13            105                  57               112               175                  39               34                  29               117               102                    1            139                   51                81               191                      571
12:15                 PM             29              32                13                170                  74               13            112                  47               138               172                  55               40                  41              153                136                    0            133                   40                71               173                      555
12:30                 PM             33              34                33                193                100                14            130                  53               104               197                  45               41                  33               118                119                   1              99                  40                99               140                      556
12:45                 PM             31              41                15                196                  87               12            127                  45                 94              184                  42               30                  26               113                 98                   1            130                   59                77               190                      559
  1:00              PM               27              21                12                166                  60               23            118                  40               103               181                  40               37                  38               110                115                   1             111                  56                89               168                      524
  1:15              PM               43              28                 11               202                  82               14            114                  39               124               167                  44               34                  40              127                 118                   0             119                  51                93               170                      537
  1:30              PM                 0               0                 0                   0                  0                0               0                  0                  0                  0                 0                 0                  0                  0                 0                  0                0                   0                  0                 0                        0
  1:45              PM                 0               0                 0                   0                  0                0               0                  0                  0                  0                 0                 0                  0                  0                 0                  0                0                   0                  0                 0                        0
  2:00              PM                 0               0                 0                   0                  0                0               0                  0                  0                  0                 0                 0                  0                  0                 0                  0                0                   0                  0                 0                        0
  2:15              PM                 0               0                 0                   0                  0                0               0                  0                  0                  0                 0                 0                  0                  0                 0                  0                0                   0                  0                 0                        0
  2:30              PM                 0               0                 0                   0                  0                0               0                  0                  0                  0                 0                 0                  0                  0                 0                  0                0                   0                  0                 0                        0
  2:45              PM                 0               0                 0                   0                  0                0               0                  0                  0                  0                 0                 0                  0                  0                 0                  0                0                   0                  0                 0                        0
  3:00              PM                 0               0                 0                   0                  0                0               0                  0                  0                  0                 0                 0                  0                  0                 0                  0                0                   0                  0                 0                        0
  3:15              PM                 0               0                 0                   0                  0                0               0                  0                  0                  0                 0                 0                  0                  0                 0                  0                0                   0                  0                 0                        0
  3:30              PM                 0               0                 0                   0                  0                0               0                  0                  0                  0                 0                 0                  0                  0                 0                  0                0                   0                  0                 0                        0
  3:45              PM                 0               0                 0                   0                  0                0               0                  0                  0                  0                 0                 0                  0                  0                 0                  0                0                   0                  0                 0                        0
  4:00              PM               47              25                12                148                  84               13            113                  42               126               168                  49               36                  49               110               134                    1            150                   49                78               200                      586
  4:15              PM               56              27                 11               143                  94               29              89                 40               108               158                  44               39                  26               112               109                    0            146                   32                84               178                      539
  4:30              PM               61              30                  7               136                  98               27              88                 30                 79              145                  43               30                  30                 81              103                    1            147                   38                88               186                      532
  4:45              PM               51              26                  6               160                  83               19              89                 43                 98              151                  56               36                  37                 86              129                    0            133                   38              101                171                      534
  5:00              PM               70              23                  8               169                101                37              98                 40                 97              175                  28               31                  22              133                  81                   0            147                   35               118               182                      539
  5:15              PM               46              28                  4               156                  78               37              64                 26               113               127                  57               27                  34              127                 118                   2            129                   22               118               153                      476
  5:30              PM               62              40                  6               170                108                35              77                 53                 87              165                  41               38                  35              105                 114                   2            156                   26                95               184                      571
  5:45              PM               60              46                  4               204                110                19            100                  44               109               163                  45               29                  43              124                 117                   0            142                   26                91               168                      558
        Total                      923             701               285              3097                1909               496           3267               1195              1809               4958               1159               994                 805             1939               2958                   15           2951                  953             1622               3919                  13744
      App             %           48.336.7                          14.9              162.2                                 10.065.9                          24.1                36.5                                 39.2              33.6              27.2                65.6                                   0.4            75.3               24.3                41.4
    Total              %            6.7             5.1                2.1              22.5               13.9               3.6           23.8                 8.7              13.2               36.1                8.4               7.2               5.9               14.1              21.5                 0.1            21.5                 6.9               11.8              28.5
   INT            ID                                                          ROAD 1                                                                                             ROAD 2                                                   ROAD 3                                  ROAD 4                                    COMMUNITY                                                       TMC DATE
         24                                WISCONSIN AVENUE NW                                                                                                      M        STREET                            NW                                                                                                                                   -                                        9/16/2010
                                   TRUCKS
                                   NB                                                                                      EB                                                                                        SB                                                                                         WB
          Start                     Left           Thru              Right               Ped                NB              Left           Thru               Right               Ped                 EB               Left           Thru               Right               Ped                 SB               Left             Thru               Right                Ped                WB                Interval
        Time                                                                                             Total                                                                                     Total                                                                                      Total                                                                                        Total                     Total
   7:00             AM                  0               2                   1                 0                3                0                2                  0                  0                 2                 4                0                  1                  0                 5                 0                  4                  6                  1                10                       20
   7:15             AM                  0               3                   0                 0                3                0                6                  0                  0                 6                 5                0                  0                  0                 5                 0                  2                  3                  0                  5                      19
   7:30             AM                  0               2                   0                 0                2                0                3                  0                  0                 3                 5                0                  1                  0                 6                 0                  3                  6                  0                  9                      20
   7:45             AM                  0               3                   0                 0                3                0                4                  0                  0                 4                 4                0                  0                  0                 4                 0                  3                  2                  0                  5                      16
   8:00             AM                  0               3                   0                 0                3                0                3                  0                  0                 3                 4                3                  0                  0                 7                 0                  3                  2                  0                  5                      18
   8:15             AM                  0               3                   0                 0                3                1                4                  0                  0                 5                 3                2                  0                  0                 5                 0                  4                  3                  0                  7                      20
   8:30             AM                  0               2                   0                 0                2                0                4                  0                  0                 4                 3                0                  0                  0                 3                 0                  2                  5                  0                  7                      16
   8:45             AM                  0               2                   0                 0                2                0                6                  0                  0                 6                 8                0                  0                  0                 8                 0                  2                  5                  0                  7                      23
   9:00             AM                  0               0                   0                 0                0                0                0                  0                  0                 0                 0                0                  0                  0                 0                 0                  0                  0                  0                  0                        0
   9:15             AM                  0               0                   0                 0                0                0                0                  0                  0                 0                 0                0                  0                  0                 0                 0                  0                  0                  0                  0                        0
   9:30             AM                  0               0                   0                 0                0                0                0                  0                  0                 0                 0                0                  0                  0                 0                 0                  0                  0                  0                  0                        0
   9:45             AM                  0               0                   0                 0                0                0                0                  0                  0                 0                 0                0                  0                  0                 0                 0                  0                  0                  0                  0                        0
 10:00                AM                0               0                   0                 0                0                0                0                  0                  0                 0                 0                0                  0                  0                 0                 0                  0                  0                  0                  0                        0
 10:15                AM                0               0                   0                 0                0                0                0                  0                  0                 0                 0                0                  0                  0                 0                 0                  0                  0                  0                  0                        0
 10:30                AM                0               0                   0                 0                0                0                0                  0                  0                 0                 0                0                  0                  0                 0                 0                  0                  0                  0                  0                        0
 10:45                AM                0               0                   0                 0                0                0                0                  0                  0                 0                 0                0                  0                  0                 0                 0                  0                  0                  0                  0                        0
 11:00               AM                 0               0                   0                 0                0                0                0                  0                  0                 0                 0                0                  0                  0                 0                 0                  0                  0                  0                  0                        0
 11:15               AM                 0               0                   0                 0                0                0                0                  0                  0                 0                 0                0                  0                  0                 0                 0                  0                  0                  0                  0                        0
 11:30               AM                 0               2                   1                 0                3                0                4                  0                  0                 4                 5                0                  1                  0                 6                 0                  2                  2                  0                  4                      17
 11:45               AM                 0               4                   1                 0                5                0                3                  1                  0                 4                 5                1                  0                  0                 6                 0                  4                  3                  0                  7                      22
 12:00                 PM               0               3                   0                 0                3                0                3                  0                  0                 3                 7                0                  0                  0                 7                 0                  2                  2                  0                  4                      17
 12:15                 PM               1               3                   1                 0                5                0                1                  0                  0                 1                 5                1                  0                  0                 6                 0                  3                  1                  0                  4                      16
 12:30                 PM               0               2                   0                 0                2                0                2                  0                  0                 2                 4                0                  0                  0                 4                 0                  2                  1                  0                  3                      11
 12:45                 PM               0               1                   0                 0                1                0                2                  0                  0                 2                 7                1                  0                  0                 8                 0                  3                  3                  0                  6                      17
   1:00              PM                 0               3                   3                 0                6                0                1                  0                  0                 1                 6                1                  0                  0                 7                 0                  2                  1                  0                  3                      17
   1:15              PM                 0               2                   0                 0                2                0                3                  1                  0                 4                 5                1                  1                  0                 7                 0                  3                  1                  0                  4                      17
   1:30              PM                 0               0                   0                 0                0                0                0                  0                  0                 0                 0                0                  0                  0                 0                 0                  0                  0                  0                  0                        0
   1:45              PM                 0               0                   0                 0                0                0                0                  0                  0                 0                 0                0                  0                  0                 0                 0                  0                  0                  0                  0                        0
   2:00              PM                 0               0                   0                 0                0                0                0                  0                  0                 0                 0                0                  0                  0                 0                 0                  0                  0                  0                  0                        0
   2:15              PM                 0               0                   0                 0                0                0                0                  0                  0                 0                 0                0                  0                  0                 0                 0                  0                  0                  0                  0                        0
   2:30              PM                 0               0                   0                 0                0                0                0                  0                  0                 0                 0                0                  0                  0                 0                 0                  0                  0                  0                  0                        0
   2:45              PM                 0               0                   0                 0                0                0                0                  0                  0                 0                 0                0                  0                  0                 0                 0                  0                  0                  0                  0                        0
   3:00              PM                 0               0                   0                 0                0                0                0                  0                  0                 0                 0                0                  0                  0                 0                 0                  0                  0                  0                  0                        0
   3:15              PM                 0               0                   0                 0                0                0                0                  0                  0                 0                 0                0                  0                  0                 0                 0                  0                  0                  0                  0                        0
   3:30              PM                 0               0                   0                 0                0                0                0                  0                  0                 0                 0                0                  0                  0                 0                 0                  0                  0                  0                  0                        0
   3:45              PM                 0               0                   0                 0                0                0                0                  0                  0                 0                 0                0                  0                  0                 0                 0                  0                  0                  0                  0                        0
   4:00              PM                 0               2                   1                 0                3                0                2                  0                  0                 2                 7                2                  0                  0                 9                 0                  6                  3                  0                  9                      23
   4:15              PM                 0               2                   0                 0                2                0                5                  0                  0                 5                 4                1                  0                  0                 5                 0                  3                  3                  0                  6                      18
   4:30              PM                 0               1                   1                 0                2                0                3                  0                  0                 3                 6                2                  0                  0                 8                 0                  6                  3                  0                  9                      22
   4:45              PM                 0               1                   0                 0                1                1                1                  0                  0                 2                 1                1                  0                  0                 2                 0                  4                  1                  0                  5                      10
   5:00              PM                 0               0                   1                 0                1                0                2                  0                  0                 2               10                 0                  0                  0               10                  0                  2                  1                  0                  3                      16
   5:15              PM                 0               0                   0                 0                0                0                3                  1                  0                 4                 2                0                  0                  0                 2                 0                  1                  4                  0                  5                      11
   5:30              PM                 0               0                   1                 0                1                0                2                  0                  0                 2                 3                1                  0                  0                 4                 0                  4                  1                  0                  5                      12
   5:45              PM                 0               0                   0                 0                0                0                2                  0                  0                 2                 2                1                  1                  0                 4                 0                  3                  2                  0                  5                      11
         Total                          1             46                  11                  0              58                 2              71                   3                  0               76              115                18                   5                  0             138                   0                73                 64                   1             137                       409
      App             %              1.7           79.3               19.0                0.0                                 2.6           93.4                  3.9               0.0                              83.3              13.0                 3.6               0.0                                  0.0             53.3                46.7                 0.7
     Total              %            0.2           11.2                 2.7               0.0             14.2                0.5           17.4                  0.7               0.0            18.6              28.1                4.4                1.2               0.0             33.7                 0.0             17.8                15.6                 0.2             33.5
   INT            ID                                                          ROAD 1                                                                                             ROAD 2                                                   ROAD 3                                  ROAD 4                                    COMMUNITY                                                       TMC DATE
         24                                WISCONSIN AVENUE NW                                                                                                      M        STREET                            NW                                                                                                                                   -                                        9/16/2010
