                                                                               Turning                                      Movement                                                     Count                                Report                                   -      Cars                         &           Trucks
    INT            ID                                             ROAD 1                                                                                  ROAD 2                                                     ROAD 3                                      ROAD 4                                          COMMUNITY                                                               TMC DATE
        240                                    FIRST                    STREET                            NE                                   K STREET                                  NE                                                                                                                                              -                                                2/27/2017
                                   CARS
                                   NB                                                                                       EB                                                                                         SB                                                                                       WB
          Start                     Left            Thru              Right               Ped                NB               Left           Thru              Right                Ped                  EB             Left            Thru              Right               Ped                SB               Left            Thru               Right                 Ped                 WB                Interval
        Time                                                                                              Total                                                                                      Total                                                                                    Total                                                                                          Total                   Total
   7:00             AM                   6             10                    8                 5              24                  5             40                  13                80                 58                  2             28                 23                   3              53                31              150                    8                 16                189                     324
   7:15             AM                   4             18                    7                 0              29                  6             49                  22                91                 77                  2             39                 28                   0              69                50              189                    6                 24                245                     420
   7:30             AM                   5             22                    7                 0              34                  9             31                  11                92                 51                  4             40                 18                   0              62                41              158                    3                 31                202                     349
   7:45             AM                   8             13                    6                 0              27                15              58                  17                94                 90                  6             34                 25                   8              65                30              199                    7                 14                236                     418
   8:00             AM                   5             22                    5                 1              32                10              57                  13              120                  80                  7             43                 24                   1              74                34              154                  17                  23                205                     391
   8:15             AM                   4              11                   9                 0              24                14              64                  20               113                 98                  6             31                 18                   3              55                45              180                  15                  43                240                     417
   8:30             AM                   4             18                    6                 0              28                  6             45                  15              109                  66               10               47                 16                   0              73                34              168                  10                  26                212                     379
   8:45             AM                   3             15                    2                 0              20                  6             46                  25                84                 77                  8             33                 26                   2              67                54              174                   11                 34                239                     403
   9:00             AM                11               10                    8                 0              29                  7             26                  18                75                 51                  7             40                 20                   4              67                52              140                    9                 23                201                     348
   9:15             AM                   4               9                   6                 1              19                  6             52                  18                63                 76                  8             37                 31                   4              76                42              132                  13                  12                187                     358
   9:30             AM                   1               9                   4                 0              14                16              59                  25                58               100                   3             38                 23                   0              64                43              101                  14                  12                158                     336
   9:45             AM                   5             14                    5                 2              24                17              57                  25                54                 99                  6             30                 32                   2              68                17                88                   7                 19                112                     303
 11:00               AM                  0               0                   0                 0                0                 0               0                   0                  0                 0                 0               0                   0                 0                0                  0                0                  0                   0                   0                       0
 11:15               AM                  0               0                   0                 0                0                 0               0                   0                  0                 0                 0               0                   0                 0                0                  0                0                  0                   0                   0                       0
 11:30               AM               14                 6                12                   6              32                11              70                  21              109                102                   7             25                 14                   9              46                19                66                   9                 24                  94                    274
 11:45               AM                  6               7                   9              17                22                  7             67                  19              144                  93                  1             20                 26                   2              47                16                64                   9                 41                  89                    251
 12:00                 PM                5             16                    4              15                25                  9             75                  16              266                100                 11              18                 25                   1              54                16                63                   7                 38                  86                    265
 12:15                 PM                8             13                 11                   2              32                12              63                  18              197                  93                  4             16                 22                   6              42                   6              77                   9                 39                  92                    259
 12:30                 PM             14               10                 10                   2              34                19              73                  26              188                 118                  2             24                 19                   0              45                14                61                   5                 25                  80                    277
 12:45                 PM                7              11                10                   2              28                15              60                  25              207                100                   3             24                 21                   0              48                21                56                   7                 59                  84                    260
   1:00              PM               11               13                    5                 7              29                14              74                  24              140                 112                  3             23                 22                21                48                   8              61                 12                  29                  81                    270
   1:15              PM                  7             10                 11                   0              28                14              89                  25              126                128                   7             32                 22                   4              61                17                56                   6                 32                  79                    296
   1:30              PM                  5             15                    9                 1              29                16              68                  15                98                 99                  8             23                 22                   0              53                13                51                   3                 18                  67                    248
   1:45              PM                  8             17                 10                   0              35                13              93                  27                85               133                   5             28                 20                   2              53                11                55                   2                   7                 68                    289
   2:00              PM               10               26                 15                   0              51                  6             94                  16              108                 116                  6             21                 26                   0              53                22                68                   6                 11                  96                    316
   2:15              PM               14               25                 14                   0              53                  6           105                   33                61               144                   8             33                 29                   0              70                15                78                   5                 13                  98                    365
   2:30              PM                  0               0                   0                 0                0                 0               0                   0                  0                 0                 0               0                   0                 0                0                  0                0                  0                   0                   0                       0
   2:45              PM                  0               0                   0                 0                0                 0               0                   0                  0                 0                 0               0                   0                 0                0                  0                0                  0                   0                   0                       0
   4:00              PM               17               22                 26                   0              65                11            170                   18               115               199                   9             30                 28                   3              67                15                69                   8                 64                  92                    423
   4:15              PM               10               38                 28                   1              76                18            154                   18                67               190                 11              32                 23                   0              66                17                69                   5                 25                  91                    423
   4:30              PM               13               19                 52                   0              84                12            194                   13                84               219                15               30                 30                   8              75                   8              93                   7                 47                108                     486
   4:45              PM               26               28                 33                   0              87                14            202                   15                82               231                   6             33                 24                   1              63                14                77                 13                  48                104                     485
   5:00              PM               33               30                 31                   2              94                18            185                   11              103                214                   6             28                 23                   3              57                   8              61                   9                 29                  78                    443
   5:15              PM               18               33                 39                   5              90                31            180                   21                56               232                 11              29                 21                   1              61                13                81                   8                 55                102                     485
   5:30              PM               12               46                 33                10                91                16            189                     4               77               209                   4             23                 12                   2              39                14                75                 12                  25                101                     440
   5:45              PM               17               34                 34                   0              85                25            190                   15                61               230                   3             22                 23                   2              48                   8              87                   8                 30                103                     466
   6:00              PM               18               31                 34                   0              83                20            184                     7               48                211               12               31                 31                   8              74                   6              76                   9                 52                  91                    459
   6:15              PM               13               29                 32                   2              74                20            163                     5               30               188                   7             30                 26                   0              63                   5              77                   7                 22                  89                    414
   6:30              PM               13               30                 19                   1              62                23            135                     5               35               163                10               21                 24                   0              55                12                56                 17                  13                  85                    365
   6:45              PM               11               27                 21                   0              59                22             116                  10                21               148                   6             16                 17                   2              39                   5              43                   6                   7                 54                    300
         Total                      370              707                575                 82           1652                 489           3577                  629             3541               4695               234            1052                 834               102            2120                 776            3453                  309               1030               4538                  13005
      App             %            22.4             42.8               34.8                5.0                              10.4             76.2               13.4                75.4                                11.0            49.6               39.3                4.8                               17.1              76.1                 6.8               22.7
     Total              %            2.8              5.4                4.4               0.6             12.7               3.8            27.5                 4.8               27.2              36.1                1.8             8.1                6.4               0.8             16.3                6.0             26.6                 2.4                 7.9              34.9
    INT            ID                                             ROAD 1                                                                                  ROAD 2                                                     ROAD 3                                      ROAD 4                                          COMMUNITY                                                               TMC DATE
        240                                    FIRST                    STREET                            NE                                   K STREET                                  NE                                                                                                                                              -                                                2/27/2017
                                 TRUCKS
                                 NB                                                                                        EB                                                                                               SB                                                                                       WB
         Start                    Left           Thru             Right                 Ped                  NB             Left           Thru             Right                    Ped                     EB             Left           Thru             Right                 Ped                  SB             Left            Thru              Right                Ped                 WB               Interval
       Time                                                                                              Total                                                                                            Total                                                                                    Total                                                                                      Total                  Total
  7:00             AM                 0                1                 0                  5                   1               0                1                 1                    80                      2                0              3                 2                   3                  5                 2                8                 1                16                  11                     19
  7:15             AM                 0                2                 0                  0                   2               0                0                 1                    91                      1                0              1                 1                   0                  2                 1                5                 0                24                    6                    11
  7:30             AM                 0                1                 1                  0                   2               0                2                 0                    92                      2                0              1                 2                   0                  3                 0                3                 0                31                    3                    10
  7:45             AM                 0                0                 1                  0                   1               0                0                 0                    94                      0                0              1                 0                   8                  1                 1                9                 0                14                  10                     12
  8:00             AM                 1                0                 0                  1                   1               0                2                 0                 120                        2                0              1                 1                   1                  2                 2                5                 0                23                    7                    12
  8:15             AM                 0                0                 0                  0                   0               1                5                 0                 113                        6                0              3                 1                   3                  4                 1                8                 3                43                  12                     22
  8:30             AM                 0                0                 0                  0                   0               0                2                 0                 109                        2                0              2                 2                   0                  4                 1                5                 0                26                    6                    12
  8:45             AM                 0                0                 0                  0                   0               0                3                 0                    84                      3                0              1                 1                   2                  2                 1                5                 2                34                    8                    13
  9:00             AM                 1                0                 0                  0                   1               1                3                 1                    75                      5                0              4                 1                   4                  5                 2              12                  1                23                  15                     26
  9:15             AM                 1                0                 1                  1                   2               0                3                 0                    63                      3                0              7                 2                   4                  9                 1                3                 1                12                    5                    19
  9:30             AM                 0                0                 0                  0                   0               1                1                 0                    58                      2                0              0                 1                   0                  1                 1                2                 3                12                    6                      9
  9:45             AM                 0                0                 0                  2                   0               1                0                 0                    54                      1                0              3                 1                   2                  4                 4                1                 2                19                    7                    12
11:00               AM                0                0                 0                  0                   0               0                0                 0                      0                     0                0              0                 0                   0                  0                 0                0                 0                  0                   0                      0
11:15               AM                0                0                 0                  0                   0               0                0                 0                      0                     0                0              0                 0                   0                  0                 0                0                 0                  0                   0                      0
11:30               AM                1                1                 0                  6                   2               1                1                 0                 109                        2                1              0                 1                   9                  2                 0                3                 2                24                    5                    11
11:45               AM                1                0                 0                17                    1               0                2                 1                 144                        3                0              2                 1                   2                  3                 2                3                 0                41                    5                    12
12:00                 PM              0                1                 0                15                    1               0                3                 3                 266                        6                1              1                 1                   1                  3                 0                3                 2                38                    5                    15
12:15                 PM              0                0                 0                  2                   0               2                6                 1                 197                        9                0              2                 1                   6                  3                 0                4                 1                39                    5                    17
12:30                 PM              0                3                 1                  2                   4               1                5                 0                 188                        6                0              2                 1                   0                  3                 2                5                 1                25                    8                    21
12:45                 PM              0                1                 0                  2                   1               1                7                 0                 207                        8                1              2                 2                   0                  5                 0                5                 2                59                    7                    21
  1:00              PM                0                0                 0                  7                   0               1                5                 0                 140                        6                0              1                 1                 21                   2                 0                2                 0                29                    2                    10
  1:15              PM                0                2                 0                  0                   2               0                4                 1                 126                        5                0              4                 1                   4                  5                 0                4                 2                32                    6                    18
  1:30              PM                0                0                 0                  1                   0               2                3                 1                    98                      6                1              2                 0                   0                  3                 0                0                 0                18                    0                      9
  1:45              PM                0                1                 0                  0                   1               1                5                 0                    85                      6                0              2                 1                   2                  3                 0                1                 0                  7                   1                    11
  2:00              PM                0                0                 1                  0                   1               0                9                 0                 108                        9                1              1                 2                   0                  4                 3                2                 0                 11                   5                    19
  2:15              PM                0                1                 0                  0                   1               1                5                 0                    61                      6                0              2                 1                   0                  3                 0                7                 0                13                    7                    17
  2:30              PM                0                0                 0                  0                   0               0                0                 0                      0                     0                0              0                 0                   0                  0                 0                0                 0                  0                   0                      0
  2:45              PM                0                0                 0                  0                   0               0                0                 0                      0                     0                0              0                 0                   0                  0                 0                0                 0                  0                   0                      0
  4:00              PM                0                0                 0                  0                   0               0                7                 1                 115                        8                0              5                 0                   3                  5                 0                4                 0                64                    4                    17
  4:15              PM                0                1                 0                  1                   1               0                5                 0                    67                      5                0              1                 3                   0                  4                 1                3                 0                25                    4                    14
  4:30              PM                0                0                 0                  0                   0               0                7                 0                    84                      7                0              1                 1                   8                  2                 0                1                 0                47                    1                    10
  4:45              PM                0                0                 0                  0                   0               1                4                 0                    82                      5                0              2                 3                   1                  5                 0                2                 0                48                    2                    12
  5:00              PM                0                0                 0                  2                   0               1                1                 0                 103                        2                0              1                 0                   3                  1                 0                0                 0                29                    0                      3
  5:15              PM                0                1                 0                  5                   1               2                4                 0                    56                      6                0              0                 0                   1                  0                 0                2                 0                55                    2                      9
  5:30              PM                0                1                 0                10                    1               1                6                 0                    77                      7                0              0                 0                   2                  0                 0                3                 0                25                    3                    11
  5:45              PM                0                1                 0                  0                   1               0                4                 0                    61                      4                1              0                 0                   2                  1                 0                1                 0                30                    1                      7
  6:00              PM                1                0                 0                  0                   1               0                6                 0                    48                      6                0              0                 0                   8                  0                 0                0                 0                52                    0                      7
  6:15              PM                0                0                 0                  2                   0               1                7                 1                    30                      9                0              1                 0                   0                  1                 1                1                 0                22                    2                    12
  6:30              PM                0                0                 0                  1                   0               0                4                 0                    35                      4                0              1                 0                   0                  1                 0                1                 0                13                    1                      6
  6:45              PM                0                0                 0                  0                   0               0                3                 0                    21                      3                0              0                 0                   2                  0                 0                0                 1                  7                   1                      4
        Total                         6              18                  5                82                 29               20            135                  12                3541                     167                  6            60                35                102                101                26              123                 24             1030                 173                     470
     App             %           20.762.1                           17.2             282.8                                 12.080.8                             7.2            2,120.4                                       5.9           59.4              34.7              101.0                                  15.0            71.1               13.9             595.4
    Total              %           1.3             3.8                1.1              17.4                 6.2              4.3           28.7                 2.6               753.4                   35.5               1.3           12.8                 7.4              21.7               21.5                5.5           26.2                 5.1            219.1                36.8
    INT            ID                                             ROAD 1                                                                                  ROAD 2                                                     ROAD 3                                      ROAD 4                                          COMMUNITY                                                               TMC DATE
        240                                    FIRST                    STREET                            NE                                   K STREET                                  NE                                                                                                                                              -                                                2/27/2017
