                                                                               Turning                                      Movement                                                     Count                                Report                                   -      Cars                         &           Trucks
    INT            ID                                             ROAD 1                                                                                  ROAD 2                                                      ROAD 3                                      ROAD 4                                          COMMUNITY                                                              TMC DATE
        242                                    FIRST                    STREET                            NE                                  M        STREET                            NE                                                                                                                                               -                                               2/27/2017
                                 CARS
                                 NB                                                                                        EB                                                                                        SB                                                                                          WB
         Start                    Left          Thru              Right                Ped                  NB             Left           Thru              Right                Ped                  EB             Left           Thru              Right                 Ped                   SB               Left            Thru              Right                 Ped                  WB               Interval
       Time                                                                                              Total                                                                                     Total                                                                                      Total                                                                                          Total                   Total
  7:00             AM                 0             25                  6                29                  31                8              13                15                 14                  36                8              35                   0                 42                 43                 14                 0                 25                  43                 39                     149
  7:15             AM                 0             42                  6                42                  48              17                 7               16                 17                  40                8              39                   0                 69                 47                 16                 0                 38                  39                 54                     189
  7:30             AM                 0             39                  8                56                  47                5              18                  8                44                  31              10               32                   0                 86                 42                 10                 0                 24                  61                 34                     154
  7:45             AM                 0             52                  7                80                  59                7              22                19                 79                  48                8              34                   0               105                  42                 14                 0                 28                  78                 42                     191
  8:00             AM                 0             62                  6               112                  68                8              24                23                 99                  55              15               69                   0               195                  84                 15                 0                 36                138                  51                     258
  8:15             AM                 0             37                  3                81                  40                5              12                 11                37                  28                9              42                   0               178                  51                 17                 0                 24                  67                 41                     160
  8:30             AM                 0             54                10               148                   64                5              13                 11                44                  29              10               55                   0               291                  65                 13                 0                 34                143                  47                     205
  8:45             AM                 0             34                 11                82                  45              17               29                21                 35                  67              10               59                   0               219                  69                 23                 0                 32                  95                 55                     236
  9:00             AM                 0             26                  5                91                  31                5              16                  9                14                  30              14               50                   0               133                  64                 21                 0                 21                  65                 42                     167
  9:15             AM                 0             43                  6                89                  49              17               11                19                 22                  47              16               67                   0               119                  83                 11                 0                 35                  39                 46                     225
  9:30             AM                 0             34                  9                72                  43              18               15                14                 17                  47               11              53                   0               111                  64                   6                0                 28                  45                 34                     188
  9:45             AM                 0             49                  7                41                  56                9              22                15                 31                  46              16               58                   0               119                  74                 12                 0                 28                  71                 40                     216
11:00               AM                0               0                 0                  0                   0               0                0                 0                  0                   0               0                0                  0                   0                  0                  0                0                   0                   0                  0                        0
11:15               AM                0               0                 0                  0                   0               0                0                 0                  0                   0               0                0                  0                   0                  0                  0                0                   0                   0                  0                        0
11:30               AM                0             26                  7                34                  33                8              11                21                 55                  40              13               38                   0               124                  51                   9                0                 16                  85                 25                     149
11:45               AM                0             19                  9                51                  28                7              12                  7                61                  26               11              36                   0                 96                 47                   8                0                   9               121                  17                     118
12:00                 PM              0             27                  7                88                  34                7              16                  4              189                   27              15               45                   0               213                  60                 12                 0                 20                217                  32                     153
12:15                 PM              0             37                  7                89                  44              10               22                  8              155                   40              16               37                   0               236                  53                   9                0                 15                253                  24                     161
12:30                 PM              0             30                10                119                  40              10               17                 11               116                  38               11              37                   0               185                  48                 10                 0                 12                191                  22                     148
12:45                 PM              0             36                  7                62                  43              12               27                  7               116                  46              18               46                   0               210                  64                 10                 0                 20                167                  30                     183
  1:00              PM                0             29                  9                98                  38                7              36                  9              109                   52              10               42                   0               189                  52                   4                0                 17                109                  21                     163
  1:15              PM                0             29                  4                73                  33              15               25                19                 54                  59              14               53                   0               153                  67                   9                0                 16                117                  25                     184
  1:30              PM                0             35                  5                51                  40                8              23                13                 54                  44              17               42                   0               137                  59                 13                 0                 18                  54                 31                     174
  1:45              PM                0             37                 11                71                  48                5                9                 8                62                  22                9              53                   0               151                  62                   9                0                 15                  97                 24                     156
  2:00              PM                0             26                  9                53                  35                7              26                16                 67                  49              13               37                   0               100                  50                   7                0                 15                  95                 22                     156
  2:15              PM                0             33                  7                21                  40                6              38                19                 19                  63              10               43                   0                 82                 53                 12                 0                 20                  60                 32                     188
  2:30              PM                0               0                 0                  0                   0               0                0                 0                  0                   0               0                0                  0                   0                  0                  0                0                   0                   0                  0                        0
  2:45              PM                0               0                 0                  0                   0               0                0                 0                  0                   0               0                0                  0                   0                  0                  0                0                   0                   0                  0                        0
  4:00              PM                0             37                10                 57                  47              12               67                12                 21                  91              23               49                   0               139                  72                 14                 0                 17                  81                 31                     241
  4:15              PM                0             46                  9                34                  55                9              57                  9                30                  75              20               51                   0               154                  71                 12                 0                 19                  52                 31                     232
  4:30              PM                0             40                12                 33                  52                8              50                12                 52                  70              16               60                   0               156                  76                   9                0                 30                  69                 39                     237
  4:45              PM                0             39                10                 25                  49                8              54                  6                32                  68              13               44                   0                 93                 57                 13                 0                 11                  53                 24                     198
  5:00              PM                0             37                  6                30                  43              19               45                 11                44                  75              26               49                   0               176                  75                 11                 0                 23                  81                 34                     227
  5:15              PM                0             42                 11                15                  53              15               46                  9                23                  70              20               54                   0               143                  74                 16                 0                 32                  50                 48                     245
  5:30              PM                0             40                  6                39                  46              13               40                10                 26                  63              15               39                   0               156                  54                   9                0                 26                103                  35                     198
  5:45              PM                0             43                16                 38                  59              15               30                  5                16                  50              13               49                   0               105                  62                 13                 0                 19                  24                 32                     203
  6:00              PM                0             45                17                 22                  62              12               40                12                   5                 64              12               44                   0                 92                 56                 14                 0                 18                  28                 32                     214
  6:15              PM                0             64                16                 61                  80              17               28                13                 15                  58              13               42                   0               103                  55                 10                 0                 21                  44                 31                     224
  6:30              PM                0             38                17                 23                  55              16               24                10                 10                  50                7              32                   0                 74                 39                   9                0                 16                  36                 25                     169
  6:45              PM                0             53                  8                13                  61              15               26                10                 12                  51              18               39                   0                 49                 57                   6                0                 13                  13                 19                     188
        Total                         0         1385                314              2123               1699               382              971               442              1796               1795               488            1654                     0            4983                2142                 420                  0              791               3084                 1211                   6847
     App             %             0.0          81.5               18.5             125.0                                 21.354.1                           24.6             100.1                                 22.877.2                             0.0             232.6                                   34.7                0.0              65.3              254.7
    Total              %           0.0          20.2                 4.6              31.0               24.8                5.6          14.2                 6.5              26.2               26.2                7.1          24.2                 0.0               72.8                31.3                6.1               0.0               11.6               45.0                17.7
    INT            ID                                             ROAD 1                                                                                  ROAD 2                                                      ROAD 3                                      ROAD 4                                          COMMUNITY                                                              TMC DATE
        242                                    FIRST                    STREET                            NE                                  M        STREET                            NE                                                                                                                                               -                                               2/27/2017
                    TRUCKS
                    NB                                                                                             EB                                                                                               SB                                                                                                   WB
  Start             Left           Thru             Right                   Ped                     NB              Left           Thru             Right                   Ped                      EB             Left           Thru             Right                      Ped                        SB              Left           Thru              Right                     Ped                       WB              Interval
 Time                                                                                            Total                                                                                           Total                                                                                                Total                                                                                                 Total                  Total
  7:00                  0               3                 1                    29                       4               1                0                 0                    14                      1                0               0                 0                      42                         0                1                 0                 0                      43                        1                      6
    AM
  7:15                  0               3                 1                    42                       4               0                1                 0                    17                      1                0               1                 0                      69                         1                2                 0                 0                      39                        2                      8
    AM
  7:30                  0               1                 0                    56                       1               0                1                 0                    44                      1                0               0                 0                      86                         0                0                 0                 0                      61                        0                      2
    AM
  7:45                  0               0                 0                    80                       0               0                0                 0                    79                      0                0               0                 0                    105                          0                0                 0                 0                      78                        0                      0
    AM
  8:00                  0               0                 1                  112                        1               0                0                 0                    99                      0                0               1                 0                    195                          1                0                 0                 0                   138                          0                      2
    AM
  8:15                  0               1                 0                    81                       1               0                0                 0                    37                      0                0               1                 0                    178                          1                0                 0                 1                      67                        1                      3
    AM
  8:30                  0               0                 0                  148                        0               1                0                 0                    44                      1                0               2                 0                    291                          2                1                 0                 0                   143                          1                      4
    AM
  8:45                  0               0                 0                    82                       0               0                0                 0                    35                      0                0               1                 0                    219                          1                0                 0                 1                      95                        1                      2
    AM
  9:00                  0               2                 1                    91                       3               0                3                 0                    14                      3                0               0                 0                    133                          0                2                 0                 0                      65                        2                      8
    AM
  9:15                  0               6                 0                    89                       6               0                2                 0                    22                      2                0               1                 0                    119                          1                0                 0                 0                      39                        0                      9
    AM
  9:30                  0               2                 1                    72                       3               0                0                 0                    17                      0                0               3                 0                     111                         3                1                 0                 1                      45                        2                      8
    AM
  9:45                  0               3                 0                    41                       3               0                0                 0                    31                      0                0               2                 0                    119                          2                0                 0                 0                      71                        0                      5
    AM
11:00                   0               0                 0                      0                      0               0                0                 0                      0                     0                0               0                 0                        0                        0                0                 0                 0                        0                       0                      0
    AM
11:15                   0               0                 0                      0                      0               0                0                 0                      0                     0                0               0                 0                        0                        0                0                 0                 0                        0                       0                      0
    AM
11:30                   0               0                 0                    34                       0               1                1                 0                    55                      2                1               1                 0                    124                          2                1                 0                 2                      85                        3                      7
    AM
11:45                   0               2                 0                    51                       2               1                0                 0                    61                      1                1               1                 0                      96                         2                1                 0                 0                   121                          1                      6
    AM
12:00                   0               0                 0                    88                       0               0                0                 0                  189                       0                0               1                 0                    213                          1                1                 0                 0                   217                          1                      2
    PM
12:15                   0               3                 0                    89                       3               0                0                 0                  155                       0                1               1                 0                    236                          2                0                 0                 2                   253                          2                      7
    PM
12:30                   0               3                 0                  119                        3               1                1                 1                  116                       3                0               1                 0                    185                          1                1                 0                 0                   191                          1                      8
    PM
12:45                   0               4                 0                    62                       4               0                0                 0                  116                       0                0               0                 0                    210                          0                0                 0                 0                   167                          0                      4
    PM
  1:00                  0               1                 0                    98                       1               0                2                 0                  109                       2                0               0                 0                    189                          0                1                 0                 0                   109                          1                      4
    PM
  1:15                  0               0                 0                    73                       0               0                0                 0                    54                      0                0               0                 0                    153                          0                0                 0                 0                   117                          0                      0
    PM
  1:30                  0               3                 0                    51                       3               1                0                 0                    54                      1                0               1                 0                    137                          1                0                 0                 0                      54                        0                      5
    PM
  1:45                  0               4                 0                    71                       4               2                1                 0                    62                      3                0               0                 0                    151                          0                1                 0                 0                      97                        1                      8
    PM
  2:00                  0               3                 0                    53                       3               0                0                 2                    67                      2                0               1                 0                    100                          1                0                 0                 0                      95                        0                      6
    PM
  2:15                  0               3                 0                    21                       3               0                1                 0                    19                      1                1               2                 0                      82                         3                0                 0                 1                      60                        1                      8
    PM
  2:30                  0               0                 0                      0                      0               0                0                 0                      0                     0                0               0                 0                        0                        0                0                 0                 0                        0                       0                      0
    PM
  2:45                  0               0                 0                      0                      0               0                0                 0                      0                     0                0               0                 0                        0                        0                0                 0                 0                        0                       0                      0
    PM
  4:00                  0               0                 0                    57                       0               0                0                 0                    21                      0                0               0                 0                    139                          0                0                 0                 0                      81                        0                      0
    PM
  4:15                  0               0                 0                    34                       0               0                0                 0                    30                      0                0               0                 0                    154                          0                0                 0                 0                      52                        0                      0
    PM
  4:30                  0               0                 0                    33                       0               0                0                 1                    52                      1                0               0                 0                    156                          0                0                 0                 0                      69                        0                      1
    PM
  4:45                  0               0                 0                    25                       0               0                1                 1                    32                      2                0               0                 0                      93                         0                0                 0                 0                      53                        0                      2
    PM
  5:00                  0               1                 0                    30                       1               0                0                 1                    44                      1                0               0                 0                    176                          0                1                 0                 1                      81                        2                      4
    PM
  5:15                  0               0                 0                    15                       0               0                1                 0                    23                      1                0               0                 0                    143                          0                0                 0                 0                      50                        0                      1
    PM
  5:30                  0               0                 0                    39                       0               0                0                 0                    26                      0                0               0                 0                    156                          0                0                 0                 0                   103                          0                      0
    PM
  5:45                  0               0                 0                    38                       0               0                1                 0                    16                      1                0               0                 0                    105                          0                0                 0                 0                      24                        0                      1
    PM
  6:00                  0               0                 0                    22                       0               0                0                 0                      5                     0                0               0                 0                      92                         0                0                 0                 0                      28                        0                      0
    PM
  6:15                  0               0                 0                    61                       0               0                0                 0                    15                      0                0               0                 0                    103                          0                0                 0                 0                      44                        0                      0
    PM
  6:30                  0               0                 0                    23                       0               0                0                 0                    10                      0                0               0                 0                      74                         0                0                 0                 1                      36                        1                      1
    PM
  6:45                  0               0                 0                    13                       0               0                0                 0                    12                      0                0               0                 0                      49                         0                0                 0                 0                      13                        0                      0
    PM
 Total                   0            48                  5                2123                       53                8              16                  6                1796                      30                 4             21                  0                  4983                         25               14                  0               10                  3084                         24                  132
   App               0.0           90.6                 9.4            4,005.7                                     26.753.3                           20.0             5,986.7                                      16.084.0                             0.0            19,932.0                                         58.3               0.0              41.7             12,850.0
       %
 Total               0.0           36.4                 3.8            1,608.3                    40.2                6.1          12.1                 4.5            1,360.6                     22.7               3.0           15.9                 0.0              3,775.0                      18.9              10.6               0.0                7.6              2,336.4                       18.2
       %
    INT            ID                                             ROAD 1                                                                                  ROAD 2                                                      ROAD 3                                      ROAD 4                                          COMMUNITY                                                              TMC DATE
        242                                    FIRST                    STREET                            NE                                  M        STREET                            NE                                                                                                                                               -                                               2/27/2017
