                                                                               Turning                                      Movement                                                     Count                                Report                                   -      Cars                         &           Trucks
  INT            ID                                                                ROAD 1                                                                                                  ROAD 2                                              ROAD 3                                ROAD 4                                    COMMUNITY                                                     TMC DATE
      244                                 NORTH CAPITOL                                                        STREET                            NE                             K STREET                                  NE                                                                                                                          -                                       2/27/2017
                                   CARS
                                   NB                                                                                      EB                                                                                          SB                                                                                        WB
          Start                     Left           Thru              Right               Ped                NB                Left            Thru              Right               Ped                 EB              Left           Thru               Right               Ped                 SB               Left             Thru               Right                Ped                WB                Interval
        Time                                                                                             Total                                                                                      Total                                                                                     Total                                                                                          Total                   Total
   7:00             AM                  5           183                   26                  6            214                  23                72                   6               21             101                   0           230                   66                   1            296                  32                 95                 22                   6              149                     760
   7:15             AM                  4           220                   27                11             251                  24                61                 11                34               96                  0           235                   88                10              323                  20               164                  21                   5              205                     875
   7:30             AM                  7           171                   21                10             199                  26                59                 11                47               96                  0           214                   80                   7            294                  23               154                   11                10               188                     777
   7:45             AM                11            223                   20                10             254                  18                97                 11                38             126                   0           239                   74                16              313                  19               158                  23                   7              200                     893
   8:00             AM                  8           201                   32                15             241                  30                72                   8               32              110                  0           225                   54                11              279                  23               132                  16                   9              171                     801
   8:15             AM                  7           194                   31                27             232                  17                85                 10                37              112                  0           236                   67                22              303                  26               134                  22                 16               182                     829
   8:30             AM                  9           168                   24                21             201                  25                90                   8               40             123                   0           221                   56                11              277                  21               163                  18                 18               202                     803
   8:45             AM                14            175                   16                18             205                  24                70                 15                40             109                   0           216                   64                14              280                  29               155                  27                 32               211                     805
   9:00             AM                  3           158                   30                25             191                  19                63                 12                29               94                  0           163                   52                   7            215                  32               142                  14                 17               188                     688
   9:15             AM                12            172                   28                16             212                  16                72                 11                30               99                  0           218                   64                13              282                  24               116                    9                14               149                     742
   9:30             AM                  5           131                   25                10             161                  21                83                 18                20             122                   0           157                   45                   7            202                    9              118                  10                 22               137                     622
   9:45             AM                  6           126                   24                12             156                  14                75                 15                13             104                   7           158                   48                   2            213                  20               100                    5                17               125                     598
 11:00               AM                 0               0                   0                 0                0                  0                 0                  0                 0                 0                0               0                   0                  0                 0                 0                  0                  0                  0                  0                       0
 11:15               AM                 0               0                   0                 0                0                  0                 0                  0                 0                 0                0               0                   0                  0                 0                 0                  0                  0                  0                  0                       0
 11:30               AM                 6           122                   26                20             154                  26                80                 19                23             125                 11            127                   42                   8            180                  23                 58                 18                 23                 99                    558
 11:45               AM                 8           135                   14                22             157                  28                66                 12                20             106                   7           145                   45                   3            197                  25                 67                 14                   9              106                     566
 12:00                 PM               7            114                  28                13             149                  33                72                 14                14              119                12            142                   41                15              195                  13                 62                 17                 36                 92                    555
 12:15                 PM               5           143                   19                13             167                  23                57                   7               13               87                12            131                   33                   2            176                  20                 58                 23                 35               101                     531
 12:30                 PM             14            106                   22                12             142                  32                79                   7               13              118                15            135                   49                   5            199                  20                 74                 19                 28               113                     572
 12:45                 PM               8            110                  21                  4            139                  23                78                 16                  8             117                  4           141                   35                11              180                  15                 62                 13                 17                 90                    526
   1:00              PM                 9           142                   18                15             169                  18                84                 11                19              113                10            129                   55                13              194                  18                 61                 10                 13                 89                    565
   1:15              PM                 5           122                   19                  4            146                  37                80                 10                  8            127                 15            133                   49                   3            197                  17                 57                 15                 20                 89                    559
   1:30              PM                 8           123                   28                19             159                  36                81                 12                24             129                 14            136                   34                   1            184                  21                 67                   9                21                 97                    569
   1:45              PM                 9           139                   28                14             176                  32                94                 16                26             142                 14             110                  39                   2            163                  18                 58                   4                  3                80                    561
   2:00              PM                 6           171                   31                13             208                  32                69                 11                25              112                  6             74                  43                   3            123                  22                 65                 20                   5              107                     550
   2:15              PM                 7           166                   28                  2            201                  29              105                    9                 9            143                   8             73                  40                   0            121                  19                 79                  11                  4              109                     574
   2:30              PM                 0               0                   0                 0                0                  0                 0                  0                 0                 0                0               0                   0                  0                 0                 0                  0                  0                  0                  0                       0
   2:45              PM                 0               0                   0                 0                0                  0                 0                  0                 0                 0                0               0                   0                  0                 0                 0                  0                  0                  0                  0                       0
   4:00              PM                 0           227                   22                  0            249                  36              130                  15                27             181                 11            138                   43                12              192                  22                 87                 21                   8              130                     752
   4:15              PM                 0           208                   24                  8            232                  42              122                  11                26             175                   7             95                  53                   0            155                  23                 73                 20                   3              116                     678
   4:30              PM                 0           234                   35                  0            269                  45              140                  11                17             196                 29            127                   52                   0            208                  23                 66                 18                   8              107                     780
   4:45              PM                 0           212                   33                14             245                  51              150                    6               19             207                   7           171                   65                   0            243                  26                 73                 26                   2              125                     820
   5:00              PM                 0           224                   27                22             251                  31              151                  15                37             197                 13            137                   48                   0            198                  28                 70                 34                   7              132                     778
   5:15              PM                 1           248                   29                  9            278                  39              148                    9               19             196                 11            102                   34                   0            147                  24                 74                 15                   3              113                     734
   5:30              PM                 3           216                   18                  9            237                  28              141                    8                 5            177                   8            114                  56                   0            178                   11                79                 18                   4              108                     700
   5:45              PM                 0           249                   66                30             315                  34              170                    7               33              211                  3           184                   43                12              230                  12               118                  19                   8              149                     905
   6:00              PM                 0            211                  23                21             234                  33              162                    7               24             202                   6           167                   46                   0            219                  23                 83                 26                   3              132                     787
   6:15              PM                 1           158                   49                  9            208                  20              139                    3               15             162                   8           159                   44                   0            211                  15                 61                 24                   0              100                     681
   6:30              PM                 6           177                   14                11             197                  28              128                    9               11             165                 10            139                   61                   0            210                  23                 83                 14                   0              120                     692
   6:45              PM               12            188                   17                14             217                  29              129                    9               21             167                 20            136                   51                   1            207                  13                 67                   9                  8                89                    680
         Total                      206           6267                  943               479            7416              10223554                                390               837            4966                268           5657               1859                 212             7784                 752              3333                 615                441             4700                  24866
      App             %              2.8           84.5               12.7                6.5                                20.6              71.6                 7.9             16.9                                 3.4           72.7                23.9                2.7                                16.0              70.9                13.1                 9.4
     Total              %            0.8           25.2                 3.8               1.9             29.8                 4.1             14.3                 1.6               3.4             20.0               1.1           22.7                  7.5               0.9             31.3                 3.0             13.4                   2.5               1.8             18.9
  INT            ID                                                                ROAD 1                                                                                                  ROAD 2                                              ROAD 3                                ROAD 4                                    COMMUNITY                                                     TMC DATE
      244                                 NORTH CAPITOL                                                        STREET                            NE                             K STREET                                  NE                                                                                                                          -                                       2/27/2017
                                  TRUCKS
                                  NB                                                                                        EB                                                                                          SB                                                                                      WB
         Start                     Left          Thru             Right                 Ped                  NB              Left           Thru             Right                 Ped                   EB              Left          Thru              Right               Ped                 SB               Left            Thru              Right                 Ped                   WB               Interval
        Time                                                                                             Total                                                                                       Total                                                                                   Total                                                                                           Total                   Total
  7:00             AM                  0               5                 0                  6                   5                1               3                  0                 21                    4                0               2                  3                 1                 5                 3                 7                  0                   6                 10                       24
  7:15             AM                  0               8                 1                 11                   9                2               2                  0                 34                    4                0               9                  3               10               12                   2                 3                  0                   5                   5                      30
  7:30             AM                  0               4                 1                10                    5                3               4                  0                 47                    7                0               6                  3                 7                 9                 2                 5                  0                 10                    7                      28
  7:45             AM                  0               6                 0                10                    6                3               4                  1                 38                    8                0               7                  0               16                  7                 3                 7                  0                   7                 10                       31
  8:00             AM                  0               4                 0                15                    4                2             10                   0                 32                  12                 0               9                  4               11               13                   0                 6                  1                   9                   7                      36
  8:15             AM                  1             10                  0                27                  11                 2               5                  1                 37                    8                1               4                  2               22                  7                 2                 3                  2                 16                    7                      33
  8:30             AM                  0               7                 0                21                    7                4               3                  1                 40                    8                0               4                  2               11                  6                 2                 3                  0                 18                    5                      26
  8:45             AM                  0               6                 1                18                    7                1               9                  2                 40                  12                 0               4                  0               14                  4                 0                 9                  0                 32                    9                      32
  9:00             AM                  0               9                 0                25                    9                1               6                  0                 29                    7                0             10                   3                 7              13                   1                 5                  1                 17                    7                      36
  9:15             AM                  0               7                 1                16                    8                3               5                  0                 30                    8                0             10                   0               13               10                   0                 7                  0                 14                    7                      33
  9:30             AM                  0               3                 0                10                    3                2               8                  1                 20                  11                 0               7                  1                 7                 8                 2                 1                  0                 22                    3                      25
  9:45             AM                  0               7                 1                12                    8                2               5                  1                 13                    8                0               4                  5                 2                 9                 1                 3                  0                 17                    4                      29
 11:00               AM                0               0                 0                  0                   0                0               0                  0                   0                   0                0               0                  0                 0                 0                 0                 0                  0                   0                   0                        0
 11:15               AM                0               0                 0                  0                   0                0               0                  0                   0                   0                0               0                  0                 0                 0                 0                 0                  0                   0                   0                        0
 11:30               AM                0               8                 1                20                    9                2               4                  1                 23                    7                0               3                  3                 8                 6                 1                 2                  1                 23                    4                      26
 11:45               AM                0               7                 0                22                    7                3               3                  2                 20                    8                0               5                  2                 3                 7                 2                 5                  0                   9                   7                      29
12:00                 PM               1               8                 1                13                 10                  4               0                  1                 14                    5                0               6                  3               15                  9                 1                 2                  0                 36                    3                      27
12:15                 PM               0               7                 2                13                    9                2               7                  2                 13                  11                 0               8                  1                 2                 9                 1                 5                  0                 35                    6                      35
12:30                 PM               1               4                 0                12                    5                1               4                  0                 13                    5                1               6                  3                 5              10                   1                 1                  1                 28                    3                      23
12:45                 PM               0               3                 2                  4                   5                1               1                  1                   8                   3                0               2                  4               11                  6                 2                 1                  0                 17                    3                      17
  1:00              PM                 0               8                 1                15                    9                2               2                  0                 19                    4                0               7                  1               13                  8                 1                 1                  0                 13                    2                      23
  1:15              PM                 0               2                 0                  4                   2                2               2                  0                   8                   4                0               8                  2                 3              10                   1                 4                  0                 20                    5                      21
  1:30              PM                 0               3                 0                19                    3                1               6                  0                 24                    7                0               5                  1                 1                 6                 1                 1                  0                 21                    2                      18
  1:45              PM                 1             11                  2                14                 14                  2               4                  0                 26                    6                0               2                  4                 2                 6                 1                 1                  0                   3                   2                      28
  2:00              PM                 0               1                 2                13                    3                0               3                  0                 25                    3                0               0                  3                 3                 3                 0                 3                  0                   5                   3                      12
  2:15              PM                 0               4                 0                  2                   4                2               4                  0                   9                   6                0               2                  1                 0                 3                 1                 2                  0                   4                   3                      16
  2:30              PM                 0               0                 0                  0                   0                0               0                  0                   0                   0                0               0                  0                 0                 0                 0                 0                  0                   0                   0                        0
  2:45              PM                 0               0                 0                  0                   0                0               0                  0                   0                   0                0               0                  0                 0                 0                 0                 0                  0                   0                   0                        0
  4:00              PM                 0               5                 1                  0                   6                2               5                  0                 27                    7                0               2                  2               12                  4                 0                 2                  0                   8                   2                      19
  4:15              PM                 0               2                 0                  8                   2                1               2                  0                 26                    3                2               6                  0                 0                 8                 0                 4                  0                   3                   4                      17
  4:30              PM                 0               3                 0                  0                   3                2               4                  0                 17                    6                0               5                  1                 0                 6                 0                 2                  0                   8                   2                      17
  4:45              PM                 1               2                 1                14                    4                2               3                  0                 19                    5                0               4                  1                 0                 5                 0                 1                  0                   2                   1                      15
  5:00              PM                 0               7                 3                22                 10                  3               2                  0                 37                    5                0               6                  1                 0                 7                 1                 0                  0                   7                   1                      23
  5:15              PM                 0               8                 0                  9                   8                0               6                  0                 19                    6                0               2                  1                 0                 3                 0                 1                  0                   3                   1                      18
  5:30              PM                 0               6                 1                  9                   7                5               4                  0                   5                   9                0               6                  1                 0                 7                 0                 5                  0                   4                   5                      28
  5:45              PM                 0               9                 1                30                 10                  1               7                  0                 33                    8                0               4                  4               12                  8                 0                 1                  0                   8                   1                      27
  6:00              PM                 0               8                 1                21                    9                0               4                  0                 24                    4                0               2                  0                 0                 2                 0                 1                  0                   3                   1                      16
  6:15              PM                 0               1                 3                  9                   4                0               9                  0                 15                    9                0               3                  0                 0                 3                 0                 0                  0                   0                   0                      16
  6:30              PM                 0               5                 2                 11                   7                1               5                  0                 11                    6                0               1                  0                 0                 1                 0                 4                  0                   0                   4                      18
  6:45              PM                 0               4                 0                14                    4                1               3                  0                 21                    4                0               3                  0                 1                 3                 0                 1                  0                   8                   1                      12
        Total                          5          202                  29               479                236                 66            158                  14                837                238                   4           174                  65              212              243                  32             109                     6               441                 147                      864
      App             %            2.1           85.6               12.3             203.0                                  27.766.4                             5.9            351.7                                    1.6            71.6               26.7              87.2                                21.8              74.1                4.1             300.0
    Total              %           0.6           23.4                 3.4              55.4                27.3               7.6           18.3                 1.6               96.9                27.5              0.5            20.1                 7.5             24.5              28.1                3.7             12.6                0.7               51.0                 17.0
  INT            ID                                                                ROAD 1                                                                                                  ROAD 2                                              ROAD 3                                ROAD 4                                    COMMUNITY                                                     TMC DATE
      244                                 NORTH CAPITOL                                                        STREET                            NE                             K STREET                                  NE                                                                                                                          -                                       2/27/2017
