                                                                               Turning                                      Movement                                                     Count                                Report                                   -      Cars                         &           Trucks
  INT            ID                                                                 ROAD 1                                                                                                 ROAD 2                                              ROAD 3                                ROAD 4                                    COMMUNITY                                                     TMC DATE
      245                                 NORTH CAPITOL                                                        STREET                            NE                              L      STREET                            NE                                                                                                                          -                                       2/27/2017
                                  CARS
                                  NB                                                                                    EB                                                                                           SB                                                                                             WB
         Start                     Left          Thru             Right                Ped               NB              Left           Thru              Right                  Ped                  EB               Left             Thru              Right               Ped                  SB                 Left            Thru              Right               Ped                WB                Interval
        Time                                                                                          Total                                                                                        Total                                                                                       Total                                                                                        Total                    Total
  7:00             AM                  0          228                  26                  0            254                  0                0                  1                   1                   1               68              294                     7                 6             369                    11                 1                11                12                23                     647
  7:15             AM                  0          231                  27                  0            258                  0                1                  2                   4                   3             104               331                     3                 5             438                      7                0                14                11                21                     720
  7:30             AM                  0          230                  24                  1            254                  0                0                  1                 12                    1               89              346                     5                 5             440                    19                 1                20                24                40                     735
  7:45             AM                  0          225                  39                  2            264                  3                0                  0                   5                   3               85              330                     7                 5             422                    15                 3                20                29                38                     727
  8:00             AM                  1          234                  31                  2            266                  0                0                  0                   4                   0              115              303                   10                  4             428                    23                 2                15                18                40                     734
  8:15             AM                  0          210                  28                  3            238                  0                0                  0                   7                   0             100               318                     6                 9             424                    18                 4                17                27                39                     701
  8:30             AM                  0          176                  28                  3            204                  0                3                  2                   7                   5               92              291                     3               12              386                      9                2                21                26                32                     627
  8:45             AM                  1          224                  29                  0            254                  0                0                  0                   8                   0               73              275                     3               10              351                    17                 3                23                39                43                     648
  9:00             AM                  1          144                  25                  1            170                  0                0                  0                   2                   0               78              227                     4               15              309                    15                 1                26                27                42                     521
  9:15             AM                  0          175                  18                  2            193                  0                0                  0                   2                   0               64              242                     5               10               311                   15                 2                21                33                38                     542
  9:30             AM                  0          106                  20                  5            126                  0                0                  0                   2                   0               63              165                     2                 9             230                    15                 2                   9              25                26                     382
  9:45             AM                  0          134                  22                  4            156                  0                1                  0                   0                   1               66              197                     3                 7             266                      6                0                   4              25                10                     433
 11:00               AM                0               0                 0                 0                0                0                0                  0                   0                   0                  0                 0                  0                 0                  0                   0                0                   0                 0                 0                       0
 11:15               AM                0               0                 0                 0                0                0                0                  0                   0                   0                  0                 0                  0                 0                  0                   0                0                   0                 0                 0                       0
 11:30               AM                0          161                    9                 6            170                  0                0                  0                   7                   0               44              161                     3                 4             208                    12                 0                   8              23                20                     398
 11:45               AM                0          177                  11                  1            188                  1                1                  0                   6                   2               46              193                     3                 7             242                    13                 0                12                25                25                     457
12:00                 PM               0          153                  15                  8            168                  0                1                  2                   4                   3               51              181                     1                 7             233                      8                0                13                36                21                     425
12:15                 PM               0          189                  12                  3            201                  0                2                  1                   5                   3               51              157                     2                 4             210                      8                0                20                32                28                     442
12:30                 PM               1          155                  16                  7            172                  0                0                  1                   5                   1               37              205                     1                 3             243                    13                 0                11                36                24                     440
12:45                 PM               0          154                  11                  0            165                  0                2                  0                   1                   2               47              171                     4                 7             222                      6                0                10                23                16                     405
  1:00              PM                 1          167                    7                 0            175                  2                1                  1                   5                   4               48              195                     7               10              250                    11                 0                11                21                22                     451
  1:15              PM                 0          168                  15                  6            183                  0                1                  1                   5                   2               56              203                     6                 7             265                    15                 4                11                24                30                     480
  1:30              PM                 0          150                  13                  5            163                  1                0                  0                   5                   1               41              179                     2                 4             222                      9                1                16                17                26                     412
  1:45              PM                 0          163                  14                  3            177                  1                1                  0                   5                   2               57              185                     5                 7             247                      7                0                20                10                27                     453
  2:00              PM                 0          228                  17                  2            245                  1                0                  1                   5                   2               41              102                     2                 9             145                    11                 0                21                17                32                     424
  2:15              PM                 1          202                  12                  0            215                  0                0                  0                   2                   0               58              136                     6                 3             200                    10                 0                23                24                33                     448
  2:30              PM                 0               0                 0                 0                0                0                0                  0                   0                   0                  0                 0                  0                 0                  0                   0                0                   0                 0                 0                       0
  2:45              PM                 0               0                 0                 0                0                0                0                  0                   0                   0                  0                 0                  0                 0                  0                   0                0                   0                 0                 0                       0
  4:00              PM                 0          248                  21                  4            269                  4                1                  0                   0                   5               71              159                     4                 8             234                    31                 1                28                23                60                     568
  4:15              PM                 0          362                  24                  4            386                  3                2                  2                   3                   7             108               226                     7                 7             341                    23                 2                31                25                56                     790
  4:30              PM                 1          231                  16                  5            248                  3                0                  0                   5                   3               52              127                     0                 8             179                    19                 0                19                23                38                     468
  4:45              PM                 0          271                  11                10             282                  3                1                  2                   3                   6               81              214                     3                 2             298                    25                 3                30                17                58                     644
  5:00              PM                 1          321                  16                  3            338                  1                0                  0                   2                   1               65              201                     4                 5             270                    27                 3                51                23                81                     690
  5:15              PM                 0          324                    8                 4            332                  1                0                  0                   6                   1               64              158                     6                 6             228                    22                 1                32                12                55                     616
  5:30              PM                 1          257                  24                  3            282                  1                2                  0                   1                   3               62              164                     3                 3             229                    31                 3                28                28                62                     576
  5:45              PM                 0          286                  19                  3            305                  2                3                  0                   1                   5               58              156                     2                 8             216                    18                 1                20                22                39                     565
  6:00              PM                 0          242                  22                  5            264                  0                1                  1                   2                   2               80              200                     4               11              284                    15                 1                20                32                36                     586
  6:15              PM                 0          231                  12                  4            243                  0                1                  0                   2                   1               74              181                     2               16              257                    12                 0                21                24                33                     534
  6:30              PM                 0          204                  15                  2            219                  0                2                  0                   1                   2               52              174                     2                 6             228                    11                 4                14                19                29                     478
  6:45              PM                 0          214                  22                  2            236                  0                1                  2                   0                   3               45              158                     0                 2             203                    24                 0                   9              22                33                     475
        Total                          9        7575                 679               113            8263                 27               28                 20                135                   75            23867505                                137               251           10028                    551                45               680               854             1276                  19642
      App             %            0.1           91.7                 8.2               1.4                             36.0             37.3               26.7              180.0                                    23.8              74.8                1.4               2.5                                  43.2                3.5              53.3              66.9
    Total              %           0.0           38.6                 3.5               0.6            42.1               0.1              0.1                0.1                 0.7                 0.4              12.1              38.2                0.7               1.3               51.1                 2.8               0.2                3.5               4.3               6.5
  INT            ID                                                                 ROAD 1                                                                                                 ROAD 2                                              ROAD 3                                ROAD 4                                    COMMUNITY                                                     TMC DATE
      245                                 NORTH CAPITOL                                                        STREET                            NE                              L      STREET                            NE                                                                                                                          -                                       2/27/2017
                                 TRUCKS
                                 NB                                                                                   EB                                                                                                  SB                                                                                    WB
         Start                    Left          Thru              Right              Ped                NB             Left          Thru              Right                     Ped                        EB             Left           Thru             Right               Ped                SB             Left            Thru              Right                   Ped                     WB              Interval
       Time                                                                                         Total                                                                                               Total                                                                                 Total                                                                                             Total                 Total
  7:00             AM                 0               4                 3                0                 7               0               0                 0                        1                        0               2                4                 0                6                6                 1                0                 2                    12                      3                   16
  7:15             AM                 0               5                 1                0                 6               0               0                 0                        4                        0               2                9                 0                5              11                  0                0                 0                    11                      0                   17
  7:30             AM                 0               6                 1                1                 7               0               0                 0                      12                         0               1              10                  0                5              11                  0                0                 1                    24                      1                   19
  7:45             AM                 0               3                 2                2                 5               0               0                 0                        5                        0               0              10                  0                5              10                  0                0                 0                    29                      0                   15
  8:00             AM                 0               8                 2                2              10                 0               0                 0                        4                        0               0              10                  0                4              10                  0                0                 0                    18                      0                   20
  8:15             AM                 0               8                 3                3              11                 0               0                 0                        7                        0               2              11                  0                9              13                  0                0                 0                    27                      0                   24
  8:30             AM                 0               9                 2                3              11                 0               0                 0                        7                        0               0                5                 0              12                 5                 0                0                 0                    26                      0                   16
  8:45             AM                 0               6                 2                0                 8               0               0                 0                        8                        0               2                8                 0              10               10                  0                0                 0                    39                      0                   18
  9:00             AM                 0               9                 2                1              11                 0               0                 0                        2                        0               0              12                  0              15               12                  1                0                 0                    27                      1                   24
  9:15             AM                 0               9                 3                2              12                 0               0                 0                        2                        0               2              10                  0              10               12                  0                0                 0                    33                      0                   24
  9:30             AM                 0               5                 1                5                 6               0               0                 0                        2                        0               3                8                 0                9              11                  0                0                 0                    25                      0                   17
  9:45             AM                 0             11                  3                4              14                 0               0                 0                        0                        0               1                7                 0                7                8                 1                0                 0                    25                      1                   23
11:00               AM                0               0                 0                0                 0               0               0                 0                        0                        0               0                0                 0                0                0                 0                0                 0                      0                     0                      0
11:15               AM                0               0                 0                0                 0               0               0                 0                        0                        0               0                0                 0                0                0                 0                0                 0                      0                     0                      0
11:30               AM                0               7                 1                6                 8               0               0                 0                        7                        0               0              15                  0                4              15                  0                0                 1                    23                      1                   24
11:45               AM                0               9                 0                1                 9               0               0                 0                        6                        0               3              12                  0                7              15                  1                0                 0                    25                      1                   25
12:00                 PM              0               7                 2                8                 9               0               0                 0                        4                        0               1              13                  0                7              14                  0                0                 0                    36                      0                   23
12:15                 PM              0               7                 0                3                 7               0               0                 0                        5                        0               1              12                  0                4              13                  0                0                 2                    32                      2                   22
12:30                 PM              0               7                 0                7                 7               0               0                 0                        5                        0               1              14                  0                3              15                  0                0                 0                    36                      0                   22
12:45                 PM              0               4                 1                0                 5               0               0                 0                        1                        0               1              13                  0                7              14                  0                0                 0                    23                      0                   19
  1:00              PM                0             10                  0                0              10                 0               0                 0                        5                        0               2              14                  0              10               16                  0                0                 0                    21                      0                   26
  1:15              PM                0               6                 2                6                 8               0               0                 0                        5                        0               2                8                 0                7              10                  1                0                 1                    24                      2                   20
  1:30              PM                0               9                 2                5              11                 0               0                 0                        5                        0               4                8                 0                4              12                  1                0                 0                    17                      1                   24
  1:45              PM                0               9                 2                3              11                 0               0                 0                        5                        0               5              10                  0                7              15                  3                0                 0                    10                      3                   29
  2:00              PM                0               6                 0                2                 6               0               0                 0                        5                        0               2                5                 0                9                7                 1                0                 2                    17                      3                   16
  2:15              PM                0               9                 2                0              11                 0               0                 0                        2                        0               1                3                 0                3                4                 0                0                 0                    24                      0                   15
  2:30              PM                0               0                 0                0                 0               0               0                 0                        0                        0               0                0                 0                0                0                 0                0                 0                      0                     0                      0
  2:45              PM                0               0                 0                0                 0               0               0                 0                        0                        0               0                0                 0                0                0                 0                0                 0                      0                     0                      0
  4:00              PM                0             11                  2                4              13                 0               0                 0                        0                        0               1                7                 0                8                8                 1                0                 1                    23                      2                   23
  4:15              PM                0               9                 2                4              11                 0               0                 1                        3                        1               0                4                 0                7                4                 0                0                 0                    25                      0                   16
  4:30              PM                0               4                 1                5                 5               0               0                 0                        5                        0               0                7                 0                8                7                 0                0                 0                    23                      0                   12
  4:45              PM                0               2                 3              10                  5               0               0                 0                        3                        0               0                8                 0                2                8                 0                0                 0                    17                      0                   13
  5:00              PM                0             10                  1                3              11                 0               0                 0                        2                        0               0                4                 0                5                4                 0                0                 0                    23                      0                   15
  5:15              PM                0               7                 1                4                 8               0               0                 0                        6                        0               0                4                 0                6                4                 0                0                 0                    12                      0                   12
  5:30              PM                0             13                  2                3              15                 0               0                 0                        1                        0               0                6                 0                3                6                 0                0                 0                    28                      0                   21
  5:45              PM                0               8                 2                3              10                 0               0                 0                        1                        0               0                8                 0                8                8                 0                0                 1                    22                      1                   19
  6:00              PM                0               5                 1                5                 6               0               0                 0                        2                        0               1                4                 0               11                5                 0                0                 0                    32                      0                    11
  6:15              PM                0               3                 0                4                 3               0               0                 0                        2                        0               1                3                 0              16                 4                 0                0                 0                    24                      0                      7
  6:30              PM                0               5                 1                2                 6               0               0                 0                        1                        0               0                3                 0                6                3                 0                0                 0                    19                      0                      9
  6:45              PM                0               4                 1                2                 5               0               0                 0                        0                        0               0                6                 0                2                6                 0                0                 0                    22                      0                    11
        Total                         0           254                 54              113             308                  0               0                 1                    135                          1             41            295                    0            251              336                 11                 0               11                   854                     22                  667
     App             %             0.0          82.5               17.5             36.7                                0.0            0.0            100.013,500.0                                                       12.287.8                             0.0            74.7                               50.0              0.0              50.0             3,881.8
    Total              %           0.0          38.1                 8.1            16.9             46.2               0.0            0.0                0.1                   20.2                       0.1              6.1           44.2                 0.0            37.6             50.4                1.6             0.0                1.6               128.0                      3.3
  INT            ID                                                                 ROAD 1                                                                                                 ROAD 2                                              ROAD 3                                ROAD 4                                    COMMUNITY                                                     TMC DATE
      245                                 NORTH CAPITOL                                                        STREET                            NE                              L      STREET                            NE                                                                                                                          -                                       2/27/2017
