                                                                               Turning                                      Movement                                                     Count                                Report                                   -      Cars                         &           Trucks
  INT            ID                                                                ROAD 1                                                                                                   ROAD 2                                              ROAD 3                                ROAD 4                                   COMMUNITY                                                     TMC DATE
      246                                 NORTH CAPITOL                                                        STREET                            NE                             M        STREET                            NE                                                                                                                          -                                      2/27/2017
                                 CARS
                                 NB                                                                                   EB                                                                                      SB                                                                                          WB
         Start                    Left          Thru              Right              Ped                NB              Left            Thru             Right               Ped                EB             Left            Thru                Right              Ped                 SB                Left           Thru             Right                      Ped                       WB               Interval
       Time                                                                                         Total                                                                                   Total                                                                                      Total                                                                                                   Total                  Total
  7:00             AM                 0           263                 12                 6            275               183                 20                14                 3            217                  1             514                     0                4              515                    0                 0                0                        2                        0               1007
  7:15             AM                 0           195                 16                 3            211               209                 20                  8                3            237                  0             504                     0                4              504                    0                 0                0                        1                        0                  952
  7:30             AM                 0           210                 15                 0            225               144                 16                10                 3            170                  0             410                     0                2              410                    0                 0                0                        1                        0                  805
  7:45             AM                 0           256                   7                2            263               218                 20                  8                6            246                  2             574                     0              10               576                    0                 0                0                        4                        0               1085
  8:00             AM                 0           236                 13                 0            249               184                 32                10                 1            226                  6             522                     0              16               528                    0                 0                0                        0                        0               1003
  8:15             AM                 0           204                 16                 2            220               215                   9               15                 5            239                  0             470                     0              16               470                    0                 0                0                        2                        0                  929
  8:30             AM                 0           215                 25               15             240               146                 23                15               26             184                  4             531                     0              10               535                    0                 0                0                      16                         0                  959
  8:45             AM                 0           208                 25                 5            233               180                 21                19               17             220                  0             500                     1                6              501                    0                 0                0                        0                        0                  954
  9:00             AM                 0           188                 21                 6            209               133                 21                20                 3            174                  0             376                     0                8              376                    0                 0                0                        2                        0                  759
  9:15             AM                 0           165                 24                 0            189               137                 28                22                 5            187                  0             364                     0                6              364                    0                 0                0                        0                        0                  740
  9:30             AM                 0             94                26               22             120               100                 28                31               10             159                  0             310                     0                4              310                    0                 0                0                        6                        0                  589
  9:45             AM                 0           166                 27               15             193               130                 28                22                 9            180                  1             334                     2                8              337                    0                 0                0                      10                         0                  710
11:00               AM                0               0                 0                0                 0                 0                0                 0                0                0                0                 0                   0                0                  0                  0                 0                0                        0                        0                      0
11:15               AM                0               0                 0                0                 0                 0                0                 0                0                0                0                 0                   0                0                  0                  0                 0                0                        0                        0                      0
11:30               AM                0           162                 30               28             192                 79                15                20               16             114                  0             269                     0              14               269                    0                 0                0                      11                         0                  575
11:45               AM                0           177                 21               17             198               142                 13                12               26             167                  0             253                     0              13               253                    0                 0                0                        7                        0                  618
12:00                 PM              0           170                 14               12             184               103                 15                16               14             134                  2             256                     0                7              258                    0                 0                0                      11                         0                  576
12:15                 PM              0           189                 34               16             223               129                 21                16               27             166                  0             234                     0                3              234                    0                 0                0                        0                        0                  623
12:30                 PM              0           160                 17               26             177               117                 21                17               14             155                  0             227                     0              10               227                    0                 0                0                      12                         0                  559
12:45                 PM              0           156                 20               18             176               151                 30                32               18             213                  1             248                     0              13               249                    0                 0                0                        6                        0                  638
  1:00              PM                0           175                 31               22             206               165                 25                22               10             212                  0             360                     0                6              360                    0                 0                0                      10                         0                  778
  1:15              PM                0           182                 24                11            206               137                 31                15               13             183                  1             307                     0                7              308                    0                 0                0                        8                        0                  697
  1:30              PM                0           172                 16               25             188               142                 21                  9              25             172                  0             282                     0               11              282                    0                 0                1                      13                         1                  643
  1:45              PM                0           168                 17                 6            185               167                 12                11               18             190                  0             330                     0                8              330                    0                 0                0                        1                        0                  705
  2:00              PM                0           177                 15                 6            192               157                 28                  4              19             189                  0             236                     1                3              237                    0                 0                0                      10                         0                  618
  2:15              PM                0           221                 19                 1            240               206                 31                11               19             248                  0             340                     0              14               340                    0                 0                0                        4                        0                  828
  2:30              PM                0               0                 0                0                 0                 0                0                 0                0                0                0                 0                   0                0                  0                  0                 0                0                        0                        0                      0
  2:45              PM                0               0                 0                0                 0                 0                0                 0                0                0                0                 0                   0                0                  0                  0                 0                0                        0                        0                      0
  4:00              PM                0           248                 16                 0            264                    0              22                  6                0              28                 0                 0                   0                0                  0                  0                 0                0                        0                        0                  292
  4:15              PM                0           290                 32                 0            322                    0              28                  6                0              34                 0                 0                   0                0                  0                  0                 0                0                        0                        0                  356
  4:30              PM                0           321                 25               19             346               188                 34                  9              20             231                  0             468                     0              27               468                    0                 0                0                        7                        0               1045
  4:45              PM                0           338                 29               25             367               131                 24                10               15             165                  0             330                     0              20               330                    0                 0                0                        7                        0                  862
  5:00              PM                0           303                 24               30             327               158                 33                15               27             206                  1             399                     0                9              400                    0                 0                0                        5                        0                  933
  5:15              PM                0           339                 29               19             368               173                 33                17                11            223                  0             371                     0              22               371                    0                 0                0                      10                         0                  962
  5:30              PM                0           267                 20               22             287               202                 25                10                 7            237                  0             364                     0                6              364                    0                 0                0                      17                         0                  888
  5:45              PM                0           263                 18               14             281               189                 25                  6                1            220                  0             307                     0                9              307                    0                 0                0                        7                        0                  808
  6:00              PM                0           273                 24               19             297               189                 23                10                 3            222                  0             422                     1               11              423                    0                 0                0                      13                         0                  942
  6:15              PM                0           203                 21               10             224               120                 19                  9                0            148                  0             328                     0              19               328                    0                 0                0                        9                        0                  700
  6:30              PM                0           225                 26               13             251               233                 37                10               13             280                  0             344                     0              12               344                    0                 0                0                      17                         0                  875
  6:45              PM                0           220                 33                 9            253               273                 20                15                 4            308                  0             454                     0              16               454                    0                 0                0                      15                         0               1015
        Total                         0         7799                782              444            85815530                              852               502               411           6884                 19         12538                        5            354           12562                       0                 0                1                    244                          1             28028
     App             %             0.0          90.9                 9.1              5.2                              80.3             12.4                 7.3              6.0                              0.2             99.8                   0.0               2.8                                  0.0              0.0           100.024,400.0
    Total              %           0.0          27.8                 2.8              1.6            30.6              19.7               3.0                1.8              1.5            24.6              0.1             44.7                   0.0               1.3            44.8                  0.0              0.0               0.0                      0.9                     0.0
  INT            ID                                                                ROAD 1                                                                                                   ROAD 2                                              ROAD 3                                ROAD 4                                   COMMUNITY                                                     TMC DATE
      246                                 NORTH CAPITOL                                                        STREET                            NE                             M        STREET                            NE                                                                                                                          -                                      2/27/2017
                                  TRUCKS
                                  NB                                                                                        EB                                                                                          SB                                                                                          WB
         Start                     Left          Thru             Right                 Ped                  NB              Left           Thru             Right                 Ped                   EB              Left          Thru              Right                  Ped                  SB               Left            Thru              Right               Ped                WB                Interval
        Time                                                                                             Total                                                                                       Total                                                                                        Total                                                                                      Total                   Total
  7:00             AM                  0               7                 2                  6                   9                1               0                  2                   3                   3                0               5                  0                   4                   5                 0                0                   0                 2                 0                     17
  7:15             AM                  0               5                 0                  3                   5                3               1                  1                   3                   5                0             12                   0                   4                 12                  0                0                   0                 1                 0                     22
  7:30             AM                  0               5                 0                  0                   5                0               2                  2                   3                   4                0               5                  0                   2                   5                 0                0                   0                 1                 0                     14
  7:45             AM                  0               5                 0                  2                   5                2               1                  0                   6                   3                0               8                  0                 10                    8                 0                0                   0                 4                 0                     16
  8:00             AM                  0               5                 0                  0                   5                9               0                  2                   1                 11                 0               9                  0                 16                    9                 0                0                   0                 0                 0                     25
  8:15             AM                  0               5                 0                  2                   5                3               0                  0                   5                   3                0               8                  0                 16                    8                 0                0                   0                 2                 0                     16
  8:30             AM                  0             11                  0                15                  11                 1               0                  2                 26                    3                0               7                  0                 10                    7                 0                0                   0               16                  0                     21
  8:45             AM                  0               6                 0                  5                   6                2               0                  0                 17                    2                0             10                   0                   6                 10                  0                0                   0                 0                 0                     18
  9:00             AM                  0               6                 1                  6                   7                5               1                  9                   3                 15                 0             11                   0                   8                 11                  0                0                   0                 2                 0                     33
  9:15             AM                  0               3                 0                  0                   3              10                0                  2                   5                 12                 0               8                  0                   6                   8                 0                0                   0                 0                 0                     23
  9:30             AM                  0               4                 0                22                    4                2               0                  1                 10                    3                0             12                   0                   4                 12                  0                0                   0                 6                 0                     19
  9:45             AM                  0               8                 0                15                    8                6               1                  3                   9                 10                 0               9                  0                   8                   9                 0                0                   0               10                  0                     27
 11:00               AM                0               0                 0                  0                   0                0               0                  0                   0                   0                0               0                  0                   0                   0                 0                0                   0                 0                 0                       0
 11:15               AM                0               0                 0                  0                   0                0               0                  0                   0                   0                0               0                  0                   0                   0                 0                0                   0                 0                 0                       0
 11:30               AM                0               8                 1                28                    9                7               1                  1                 16                    9                0               8                  0                 14                    8                 0                0                   0               11                  0                     26
 11:45               AM                0               4                 1                17                    5                9               0                  4                 26                  13                 0             10                   0                 13                  10                  0                0                   0                 7                 0                     28
12:00                 PM               0             10                  0                12                 10                  9               0                  3                 14                  12                 0             11                   0                   7                 11                  0                0                   0               11                  0                     33
12:15                 PM               0               4                 0                16                    4                8               0                  0                 27                    8                0             10                   0                   3                 10                  0                0                   0                 0                 0                     22
12:30                 PM               0               8                 1                26                    9                4               2                  4                 14                  10                 0             12                   0                 10                  12                  0                0                   0               12                  0                     31
12:45                 PM               0               4                 0                18                    4                6               0                  3                 18                    9                0             12                   0                 13                  12                  0                0                   0                 6                 0                     25
  1:00              PM                 0               6                 0                22                    6                5               1                  3                 10                    9                0               9                  0                   6                   9                 0                0                   0               10                  0                     24
  1:15              PM                 0               3                 0                 11                   3                1               0                  3                 13                    4                0               7                  0                   7                   7                 0                0                   0                 8                 0                     14
  1:30              PM                 0               7                 1                25                    8                7               0                  0                 25                    7                0             11                   0                 11                  11                  0                0                   0               13                  0                     26
  1:45              PM                 0               7                 1                  6                   8                5               0                  2                 18                    7                0             15                   0                   8                 15                  0                0                   0                 1                 0                     30
  2:00              PM                 0               3                 1                  6                   4                2               0                  3                 19                    5                1               8                  0                   3                   9                 0                0                   0               10                  0                     18
  2:15              PM                 0               4                 0                  1                   4                3               0                  3                 19                    6                0               9                  0                 14                    9                 0                0                   0                 4                 0                     19
  2:30              PM                 0               0                 0                  0                   0                0               0                  0                   0                   0                0               0                  0                   0                   0                 0                0                   0                 0                 0                       0
  2:45              PM                 0               0                 0                  0                   0                0               0                  0                   0                   0                0               0                  0                   0                   0                 0                0                   0                 0                 0                       0
  4:00              PM                 0               9                 0                  0                   9                0               1                  0                   0                   1                0               0                  0                   0                   0                 0                0                   0                 0                 0                     10
  4:15              PM                 0               8                 0                  0                   8                0               0                  1                   0                   1                0               0                  0                   0                   0                 0                0                   0                 0                 0                       9
  4:30              PM                 0               3                 1                19                    4                4               0                  2                 20                    6                0             11                   0                 27                  11                  0                0                   0                 7                 0                     21
  4:45              PM                 0               2                 0                25                    2                2               0                  2                 15                    4                0               6                  0                 20                    6                 0                0                   0                 7                 0                     12
  5:00              PM                 0               3                 0                30                    3                0               0                  3                 27                    3                0               5                  0                   9                   5                 0                0                   0                 5                 0                     11
  5:15              PM                 0               7                 0                19                    7                0               0                  0                 11                    0                0               4                  0                 22                    4                 0                0                   0               10                  0                     11
  5:30              PM                 0               5                 0                22                    5                1               0                  2                   7                   3                0               7                  0                   6                   7                 0                0                   0               17                  0                     15
  5:45              PM                 0             11                  1                14                 12                  2               0                  2                   1                   4                0               9                  0                   9                   9                 0                0                   0                 7                 0                     25
  6:00              PM                 0               4                 0                19                    4                0               0                  1                   3                   1                0               4                  0                 11                    4                 0                0                   0               13                  0                       9
  6:15              PM                 0               3                 0                10                    3                4               0                  3                   0                   7                0               5                  0                 19                    5                 0                0                   0                 9                 0                     15
  6:30              PM                 0               5                 0                13                    5                0               0                  0                 13                    0                0               2                  0                 12                    2                 0                0                   0               17                  0                       7
  6:45              PM                 0               3                 0                  9                   3                0               0                  3                   4                   3                0               3                  0                 16                    3                 0                0                   0               15                  0                       9
        Total                          0          201                  11               444                212               123               11                 72                411                206                   1           282                    0               354                 283                   0                0                   0             244                   0                   701
      App             %            0.0           94.8                 5.2            209.4                                  59.7              5.3             35.0              199.5                                    0.4            99.6                 0.0             125.1                                     0.0               0.0               0.0               0.0
    Total              %           0.0           28.7                 1.6              63.3                30.2             17.5              1.6             10.3                 58.6                29.4              0.1            40.2                 0.0               50.5                40.4                0.0               0.0               0.0             34.8                0.0
  INT            ID                                                                ROAD 1                                                                                                   ROAD 2                                              ROAD 3                                ROAD 4                                   COMMUNITY                                                     TMC DATE
      246                                 NORTH CAPITOL                                                        STREET                            NE                             M        STREET                            NE                                                                                                                          -                                      2/27/2017
