                                                                               Turning                                      Movement                                                     Count                                Report                                   -      Cars                         &           Trucks
   INT            ID                                        ROAD 1                                                                                              ROAD 2                                                                   ROAD 3                                  ROAD 4                                    COMMUNITY                                                        TMC DATE
       249                              39TH STREET                                              NW                                  JENIFER STREET                                                       NW                                                                                                                                       -                                           4/4/2017
                               CARS
                               NB                                                                                        EB                                                                                         SB                                                                                         WB
        Start                   Left           Thru               Right               Ped                 NB               Left           Thru               Right               Ped                 EB              Left            Thru              Right                Ped                 SB                Left             Thru               Right                Ped                WB                 Interval
       Time                                                                                            Total                                                                                     Total                                                                                       Total                                                                                         Total                     Total
 7:00             AM                0              12                   1                  0               13                  1                0                  0                  2                 1                0              12                    1                 1                13                   0                  7                  1                12                   8                      35
 7:15             AM                0                9                  3                  0               12                  2                4                  0                  2                 6                1              23                    1                 1                25                   4                  9                  2                  5               15                        58
 7:30             AM                1              16                   0                  0               17                  1                2                  0                  0                 3                0              34                    3                 8                37                   1                10                   1                  0               12                        69
 7:45             AM                0              16                   1                  3               17                  0                1                  0                  0                 1                0              22                    3                 1                25                   2                  8                  1                  0                11                       54
 8:00             AM                0                8                  0                  0                 8                 1                2                  0                  1                 3                0                9                   1                 2                10                   2                  6                  1                  3                  9                      30
 8:15             AM                0              10                   0                  0               10                  0                0                  1                  0                 1                3              13                    0                 2                16                   1                  4                  0                  0                  5                      32
 8:30             AM                1              10                   0                  0               11                  0                1                  0                  1                 1                0              20                    0                 0                20                   2                  5                  5                  0               12                        44
 8:45             AM                0                6                  0                  1                 6                 1                1                  0                  0                 2                3              19                    1                 0                23                   0                  3                  1                  0                  4                      35
 9:00             AM                0                0                  0                  0                 0                 0                0                  0                  0                 0                0                0                   0                 0                  0                  0                  0                  0                  0                  0                         0
 9:15             AM                0                0                  0                  0                 0                 0                0                  0                  0                 0                0                0                   0                 0                  0                  0                  0                  0                  0                  0                         0
 9:30             AM                0                0                  0                  0                 0                 0                0                  0                  0                 0                0                0                   0                 0                  0                  0                  0                  0                  0                  0                         0
 9:45             AM                0                0                  0                  0                 0                 0                0                  0                  0                 0                0                0                   0                 0                  0                  0                  0                  0                  0                  0                         0
 4:00             PM                1              15                   1                  0               17                  3                3                  0                  0                 6                0              12                    1                 4                13                   0                  1                  1                  2                  2                      38
 4:15             PM                0              18                   2                  2               20                  2                3                  0                  0                 5                0                9                   1                 5                10                   0                  1                  0                  0                  1                      36
 4:30             PM                1              20                   1                  0               22                  2                9                  1                  0               12                 0                4                   0                 2                  4                  0                  1                  0                  1                  1                      39
 4:45             PM                1              17                   0                  0               18                  2                8                  0                  0               10                 3              12                    0                 2                15                   0                  4                  3                  3                  7                      50
 5:00             PM                1              20                   2                  1               23                  0                6                  1                  3                 7                0                8                   3                 4                11                   0                  4                  0                  3                  4                      45
 5:15             PM                1              20                   3                  6               24                  0                5                  0                  5                 5                0              13                    1                 2                14                   0                  3                  1                  0                  4                      47
 5:30             PM                1              18                   0                  3               19                  1                7                  0                  0                 8                0                8                   0                 2                  8                  0                  4                  1                  2                  5                      40
 5:45             PM                1              15                   0                  1               16                  2                3                  0                  0                 5                0                5                   0                 1                  5                  0                  2                  1                  4                  3                      29
       Total                        9            230                  14                 17              253                 18              55                    3                14                76               10             223                   16                37               249                  12                 72                 19                 35              103                       681
     App            %            3.6            90.9                 5.5               6.7                               23.7              72.4                 3.9             18.4                                  4.0            89.6                  6.4             14.9                                  11.7              69.9                18.4               34.0
   Total              %          1.3            33.8                 2.1               2.5             37.2                2.6               8.1                0.4               2.1              11.2               1.5            32.7                  2.3                5.4            36.6                  1.8             10.6                  2.8                5.1              15.1
   INT            ID                                        ROAD 1                                                                                              ROAD 2                                                                   ROAD 3                                  ROAD 4                                    COMMUNITY                                                        TMC DATE
       249                              39TH STREET                                              NW                                  JENIFER STREET                                                       NW                                                                                                                                       -                                           4/4/2017
                              TRUCKS
                              NB                                                                                         EB                                                                                          SB                                                                                          WB
       Start                  Left           Thru               Right                 Ped                  NB             Left          Thru             Right                  Ped                  EB              Left           Thru              Right                 Ped                   SB               Left            Thru              Right                 Ped                  WB               Interval
      Time                                                                                             Total                                                                                      Total                                                                                       Total                                                                                          Total                    Total
7:00             AM                0               0                   0                  0                  0                0               0                  0                   2                  0                0               0                   0                   1                  0                  0                0                   0                 12                    0                       0
7:15             AM                0               1                   0                  0                  1                0               0                  0                   2                  0                0               0                   0                   1                  0                  0                0                   0                   5                   0                       1
7:30             AM                0               0                   0                  0                  0                0               0                  0                   0                  0                0               1                   0                   8                  1                  0                0                   0                   0                   0                       1
7:45             AM                0               0                   0                  3                  0                0               0                  0                   0                  0                0               1                   0                   1                  1                  0                0                   0                   0                   0                       1
8:00             AM                0               0                   0                  0                  0                0               0                  0                   1                  0                0               0                   0                   2                  0                  0                0                   0                   3                   0                       0
8:15             AM                0               0                   0                  0                  0                0               0                  0                   0                  0                0               0                   0                   2                  0                  0                0                   0                   0                   0                       0
8:30             AM                0               0                   0                  0                  0                0               0                  0                   1                  0                0               1                   0                   0                  1                  0                0                   0                   0                   0                       1
8:45             AM                0               0                   0                  1                  0                0               0                  0                   0                  0                0               0                   1                   0                  1                  0                0                   0                   0                   0                       1
9:00             AM                0               0                   0                  0                  0                0               0                  0                   0                  0                0               0                   0                   0                  0                  0                0                   0                   0                   0                       0
9:15             AM                0               0                   0                  0                  0                0               0                  0                   0                  0                0               0                   0                   0                  0                  0                0                   0                   0                   0                       0
9:30             AM                0               0                   0                  0                  0                0               0                  0                   0                  0                0               0                   0                   0                  0                  0                0                   0                   0                   0                       0
9:45             AM                0               0                   0                  0                  0                0               0                  0                   0                  0                0               0                   0                   0                  0                  0                0                   0                   0                   0                       0
4:00             PM                0               1                   0                  0                  1                0               0                  0                   0                  0                0               0                   0                   4                  0                  0                0                   0                   2                   0                       1
4:15             PM                0               0                   0                  2                  0                0               0                  0                   0                  0                0               0                   0                   5                  0                  0                0                   0                   0                   0                       0
4:30             PM                0               0                   0                  0                  0                0               0                  0                   0                  0                0               0                   0                   2                  0                  0                0                   0                   1                   0                       0
4:45             PM                0               2                   0                  0                  2                0               0                  0                   0                  0                0               0                   0                   2                  0                  0                0                   0                   3                   0                       2
5:00             PM                0               0                   0                  1                  0                0               0                  0                   3                  0                0               0                   0                   4                  0                  0                0                   0                   3                   0                       0
5:15             PM                0               0                   0                  6                  0                0               0                  0                   5                  0                0               0                   0                   2                  0                  0                0                   0                   0                   0                       0
5:30             PM                0               0                   0                  3                  0                0               0                  0                   0                  0                0               0                   0                   2                  0                  0                0                   0                   2                   0                       0
5:45             PM                0               0                   0                  1                  0                0               0                  0                   0                  0                0               0                   0                   1                  0                  0                0                   0                   4                   0                       0
      Total                        0               4                   0                17                   4                0               0                  0                 14                   0                0               3                   1                 37                   4                  0                0                   0                 35                    0                       8
    App            %           0.0          100.0                   0.0            425.0                                  0.0             0.0                0.0                 0.0                                  0.0           75.0               25.0              925.0                                      0.0               0.0               0.0                 0.0
  Total              %         0.0            50.0                  0.0            212.5                50.0              0.0             0.0                0.0             175.0                   0.0              0.0           37.5               12.5              462.5                 50.0                 0.0               0.0               0.0             437.5                    0.0
   INT            ID                                        ROAD 1                                                                                              ROAD 2                                                                   ROAD 3                                  ROAD 4                                    COMMUNITY                                                        TMC DATE
       249                              39TH STREET                                              NW                                  JENIFER STREET                                                       NW                                                                                                                                       -                                           4/4/2017
