                                                                               Turning                                      Movement                                                     Count                                Report                                   -      Cars                         &           Trucks
   INT            ID                                        ROAD 1                                                                                              ROAD 2                                                                   ROAD 3                                  ROAD 4                                    COMMUNITY                                                        TMC DATE
       251                              38TH STREET                                              NW                                  JENIFER STREET                                                       NW                                                                                                                                       -                                           4/6/2017
                              CARS
                              NB                                                                                        EB                                                                                         SB                                                                                          WB
        Start                  Left           Thru               Right               Ped                  NB              Left           Thru               Right               Ped                 EB               Left            Thru              Right                Ped                 SB                Left             Thru               Right                Ped                WB                 Interval
      Time                                                                                            Total                                                                                      Total                                                                                       Total                                                                                         Total                     Total
 7:00             AM                0               6                   4                 2               10                  0                4                  0                  0                 4                 2                3                   2                 0                  7                  5                  7                  0                  0               12                        33
 7:15             AM                0               2                   3                 0                 5                 1                4                  3                  0                 8                 3                4                   0                 0                  7                  4                10                   2                  4               16                        36
 7:30             AM                1               6                   4                 2               11                  1                3                  0                  1                 4                 2                4                   0                 5                  6                  3                  8                  1                  2               12                        33
 7:45             AM                0               4                   3                 2                 7                 1                1                  1                  3                 3                 1                8                   1                 1                10                   8                12                   1                  1               21                        41
 8:00             AM                0               5                   2                 0                 7                 1                2                  0                  1                 3                 2                2                   0                 2                  4                  5                11                   1                  2               17                        31
 8:15             AM                0               3                   1                 1                 4                 1                2                  1                  1                 4                 0                5                   0                 1                  5                  3                  6                  0                  2                  9                      22
 8:30             AM                0               2                   1                 0                 3                 1                1                  0                  0                 2                 0                4                   1                 0                  5                  0                  8                  1                  0                  9                      19
 8:45             AM                0               3                   0                 1                 3                 1                2                  1                  0                 4                 0                0                   0                 0                  0                  2                  2                  0                  0                  4                      11
 9:00             AM                0               0                   0                 0                 0                 0                0                  0                  0                 0                 0                0                   0                 0                  0                  0                  0                  0                  0                  0                         0
 9:15             AM                0               0                   0                 0                 0                 0                0                  0                  0                 0                 0                0                   0                 0                  0                  0                  0                  0                  0                  0                         0
 9:30             AM                0               0                   0                 0                 0                 0                0                  0                  0                 0                 0                0                   0                 0                  0                  0                  0                  0                  0                  0                         0
 9:45             AM                0               0                   0                 0                 0                 0                0                  0                  0                 0                 0                0                   0                 0                  0                  0                  0                  0                  0                  0                         0
 4:00             PM                0             14                    1                 3               15                  1                1                  0                  2                 2                 0                3                   1                 1                  4                  3                  0                  1                  7                  4                      25
 4:15             PM                2             12                    3                 1               17                  1                4                  0                  0                 5                 0                1                   0                 0                  1                  8                  1                  0                  0                  9                      32
 4:30             PM                0               8                   2                 0               10                  0                7                  0                  2                 7                 0                3                   0                 1                  3                  0                  1                  1                  0                  2                      22
 4:45             PM                0             15                    0                 0               15                  2                8                  1                  2               11                  0                3                   0                 0                  3                  2                  5                  0                  1                  7                      36
 5:00             PM                1               6                   4                 3               11                  0                7                  0                  2                 7                 2                5                   1                 5                  8                  2                  2                  0                  1                  4                      30
 5:15             PM                0              11                   6                 7               17                  1                8                  0                  0                 9                 0                4                   0                 2                  4                  1                  4                  2                  0                  7                      37
 5:30             PM                1               4                   2                 6                 7                 3                4                  1                  0                 8                 0                1                   0                 3                  1                  1                  4                  0                  0                  5                      21
 5:45             PM                1               9                   3                 1               13                  2                1                  0                  5                 3                 0                1                   0                 1                  1                  0                  2                  0                  0                  2                      19
       Total                        6            110                 39                 29              155                 17               59                   8                19                84                12               51                    6               22                 69                 47                 83                 10                 20              140                       448
    App             %            3.9           71.0                25.2              18.7                                20.2             70.2                 9.5             22.6                                17.4              73.9                  8.7             31.9                                  33.6              59.3                  7.1              14.3
   Total              %          1.3           24.6                  8.7               6.5             34.6                3.8            13.2                 1.8               4.2             18.8                2.7             11.4                  1.3                4.9            15.4                10.5              18.5                  2.2                4.5              31.2
   INT            ID                                        ROAD 1                                                                                              ROAD 2                                                                   ROAD 3                                  ROAD 4                                    COMMUNITY                                                        TMC DATE
       251                              38TH STREET                                              NW                                  JENIFER STREET                                                       NW                                                                                                                                       -                                           4/6/2017
                            TRUCKS
                            NB                                                                                             EB                                                                                                SB                                                                                       WB
      Start                 Left           Thru             Right                    Ped                     NB             Left           Thru               Right                   Ped                      EB             Left          Thru              Right                Ped                  SB              Left            Thru             Right                 Ped                 WB              Interval
     Time                                                                                                Total                                                                                             Total                                                                                     Total                                                                                      Total                 Total
      7:00                       0              0                 0                      2                      0               0                0                  0                      0                      0               0               0                 0                   0                  0                0                 0                 0                  0                  0                      0
        AM
      7:15                       0              0                 0                      0                      0               0                0                  0                      0                      0               0               0                 0                   0                  0                0                 0                 0                  4                  0                      0
        AM
      7:30                       0              0                 0                      2                      0               0                0                  0                      1                      0               0               0                 0                   5                  0                0                 0                 1                  2                  1                      1
        AM
      7:45                       0              0                 0                      2                      0               0                0                  0                      3                      0               0               0                 0                   1                  0                0                 0                 0                  1                  0                      0
        AM
      8:00                       0              0                 0                      0                      0               0                1                  0                      1                      1               0               0                 0                   2                  0                1                 0                 0                  2                  1                      2
        AM
      8:15                       0              1                 0                      1                      1               0                0                  0                      1                      0               0               0                 0                   1                  0                1                 0                 0                  2                  1                      2
        AM
      8:30                       0              0                 0                      0                      0               0                0                  0                      0                      0               0               0                 0                   0                  0                0                 0                 0                  0                  0                      0
        AM
      8:45                       0              0                 0                      1                      0               0                0                  0                      0                      0               0               0                 0                   0                  0                0                 0                 0                  0                  0                      0
        AM
      9:00                       0              0                 0                      0                      0               0                0                  0                      0                      0               0               0                 0                   0                  0                0                 0                 0                  0                  0                      0
        AM
      9:15                       0              0                 0                      0                      0               0                0                  0                      0                      0               0               0                 0                   0                  0                0                 0                 0                  0                  0                      0
        AM
      9:30                       0              0                 0                      0                      0               0                0                  0                      0                      0               0               0                 0                   0                  0                0                 0                 0                  0                  0                      0
        AM
      9:45                       0              0                 0                      0                      0               0                0                  0                      0                      0               0               0                 0                   0                  0                0                 0                 0                  0                  0                      0
        AM
      4:00                       0              0                 0                      3                      0               0                0                  0                      2                      0               0               0                 0                   1                  0                0                 0                 0                  7                  0                      0
        PM
      4:15                       0              0                 0                      1                      0               0                0                  0                      0                      0               0               0                 0                   0                  0                0                 0                 0                  0                  0                      0
        PM
      4:30                       0              0                 0                      0                      0               0                0                  0                      2                      0               0               0                 0                   1                  0                0                 0                 0                  0                  0                      0
        PM
      4:45                       0              0                 0                      0                      0               0                0                  0                      2                      0               0               0                 0                   0                  0                0                 0                 0                  1                  0                      0
        PM
      5:00                       0              0                 0                      3                      0               0                0                  0                      2                      0               0               0                 0                   5                  0                0                 0                 0                  1                  0                      0
        PM
      5:15                       0              0                 1                      7                      1               0                0                  0                      0                      0               0               0                 0                   2                  0                0                 0                 0                  0                  0                      1
        PM
      5:30                       0              0                 0                      6                      0               0                0                  0                      0                      0               0               0                 0                   3                  0                0                 0                 0                  0                  0                      0
        PM
      5:45                       0              0                 0                      1                      0               0                0                  0                      5                      0               0               0                 0                   1                  0                0                 0                 0                  0                  0                      0
        PM
     Total                       0              1                 1                    29                       2               0                1                  0                    19                       1               0               0                 0                22                    0                2                 0                 1                20                   3                      6
  App             %          0.0           50.0              50.0              1,450.0                                       0.0          100.0                  0.0             1,900.0                                       0.0            0.0                0.0                 0.0                               66.7               0.0             33.3              666.7
 Total              %        0.0           16.7              16.7                 483.3                   33.3               0.0            16.7                 0.0               316.7                    16.7               0.0            0.0                0.0            366.7                  0.0             33.3               0.0             16.7              333.3                50.0
   INT            ID                                        ROAD 1                                                                                              ROAD 2                                                                   ROAD 3                                  ROAD 4                                    COMMUNITY                                                        TMC DATE
       251                              38TH STREET                                              NW                                  JENIFER STREET                                                       NW                                                                                                                                       -                                           4/6/2017
