                                                                               Turning                                      Movement                                                     Count                                Report                                   -      Cars                         &           Trucks
    INT            ID                                        ROAD 1                                                                                       ROAD 2                                                               ROAD 3                                    ROAD 4                                       COMMUNITY                                                            TMC DATE
        253                                JOCELYN ST                                           NW                                    39TH STREET                                              NW                                                                                                                                             -                                               4/6/2017
                              CARS
                              NB                                                                                       EB                                                                                            SB                                                                                      WB
        Start                  Left           Thru              Right                Ped                NB               Left           Thru              Right                 Ped                   EB              Left           Thru              Right               Ped                SB                Left            Thru               Right                  Ped                  WB                Interval
      Time                                                                                          Total                                                                                         Total                                                                                    Total                                                                                             Total                   Total
 7:00             AM                0               4                   0                 1                4                 0               0                   0                   0                  0                 0               6                   0                 0                6                  2                 0                  0                    2                    2                     12
 7:15             AM                0               7                   0                 0                7                 0               1                   0                   0                  1                 0               5                   0                 0                5                  0                 0                  1                    2                    1                     14
 7:30             AM                0               5                   0                 0                5                 0               0                   0                   0                  0                 0              11                   2                 0              13                   2                 0                  1                    2                    3                     21
 7:45             AM                0             10                    0                 1              10                  0               1                   0                   0                  1                 0             22                    0                 0              22                   0                 0                  0                    2                    0                     33
 8:00             AM                0             13                    0                 0              13                  0               0                   0                   5                  0                 0             13                    0                 0              13                   0                 0                  0                    9                    0                     26
 8:15             AM                0             13                    0                 0              13                  0               0                   0                   2                  0                 0             23                    1                 3              24                   1                 0                  1                    3                    2                     39
 8:30             AM                1             22                    0                 0              23                  0               0                   1                   1                  1                 0             36                    0                 0              36                   0                 1                  1                    0                    2                     62
 8:45             AM                0             17                    1                 1              18                  0               0                   0                   2                  0                 0             22                    0                 0              22                   1                 2                  3                    0                    6                     46
 9:00             AM                0               0                   0                 0                0                 0               0                   0                   0                  0                 0               0                   0                 0                0                  0                 0                  0                    0                    0                       0
 9:15             AM                0               0                   0                 0                0                 0               0                   0                   0                  0                 0               0                   0                 0                0                  0                 0                  0                    0                    0                       0
 9:30             AM                0               0                   0                 0                0                 0               0                   0                   0                  0                 0               0                   0                 0                0                  0                 0                  0                    0                    0                       0
 9:45             AM                0               0                   0                 0                0                 0               0                   0                   0                  0                 0               0                   0                 0                0                  0                 0                  0                    0                    0                       0
 4:00             PM                0             13                    1                 2              14                  0               0                   0                   4                  0                 0             10                    0                 0              10                   2                 0                  0                    5                    2                     26
 4:15             PM                0             10                    0                 0              10                  0               0                   0                   0                  0                 0               7                   0                 1                7                  0                 0                  1                    1                    1                     18
 4:30             PM                0             19                    0                 0              19                  0               1                   0                   0                  1                 0             13                    0                 0              13                   0                 0                  0                    0                    0                     33
 4:45             PM                0             18                    1                 1              19                  0               1                   0                   1                  1                 0              11                   0                 2               11                  1                 1                  1                    1                    3                     34
 5:00             PM                1             14                    0                 1              15                  0               0                   0                   2                  0                 1             16                    1                 0              18                   1                 0                  0                    1                    1                     34
 5:15             PM                0             20                    1                 0              21                  1               0                   1                   2                  2                 0               8                   0                 2                8                  2                 0                  1                    1                    3                     34
 5:30             PM                0             22                    0                 0              22                  0               0                   0                   1                  0                 0               5                   0                 0                5                  0                 0                  5                    3                    5                     32
 5:45             PM                0             19                    1                 0              20                  0               1                   0                   1                  1                 0             14                    0                 3              14                   0                 0                  3                    5                    3                     38
       Total                        2           226                     5                 7            233                   1               5                   2                 21                   8                 1           222                     4               11             227                  12                  4                18                   37                   34                    502
    App             %            0.9           97.0                 2.1               3.0                              12.5             62.5               25.0              262.5                                     0.4           97.8                 1.8               4.8                               35.3               11.8               52.9               108.8
   Total              %          0.4           45.0                 1.0               1.4             46.4               0.2               1.0               0.4                 4.2                  1.6              0.2           44.2                 0.8               2.2             45.2                2.4               0.8                 3.6                  7.4                 6.8
    INT            ID                                        ROAD 1                                                                                       ROAD 2                                                               ROAD 3                                    ROAD 4                                       COMMUNITY                                                            TMC DATE
        253                                JOCELYN ST                                           NW                                    39TH STREET                                              NW                                                                                                                                             -                                               4/6/2017
                              TRUCKS
                              NB                                                                                      EB                                                                                          SB                                                                                           WB
       Start                  Left           Thru              Right               Ped                NB              Left           Thru              Right                 Ped                   EB             Left           Thru              Right                  Ped                  SB                Left            Thru               Right                  Ped                  WB               Interval
      Time                                                                                         Total                                                                                       Total                                                                                        Total                                                                                            Total                    Total
7:00             AM                0              0                   0                 1                0                0               0                   0                   0                  0                 0               1                   0                   0                  1                  0                0                   0                    2                    0                       1
7:15             AM                0              0                   0                 0                0                0               0                   0                   0                  0                 0               1                   0                   0                  1                  0                0                   0                    2                    0                       1
7:30             AM                1              0                   0                 0                1                0               0                   0                   0                  0                 0               1                   0                   0                  1                  0                0                   0                    2                    0                       2
7:45             AM                0              0                   0                 1                0                0               0                   0                   0                  0                 0               0                   0                   0                  0                  0                0                   0                    2                    0                       0
8:00             AM                0              0                   0                 0                0                0               0                   0                   5                  0                 0               0                   0                   0                  0                  0                0                   0                    9                    0                       0
8:15             AM                0              1                   0                 0                1                0               0                   0                   2                  0                 0               0                   0                   3                  0                  0                0                   0                    3                    0                       1
8:30             AM                0              0                   0                 0                0                0               0                   0                   1                  0                 0               1                   0                   0                  1                  0                0                   0                    0                    0                       1
8:45             AM                0              1                   0                 1                1                0               0                   0                   2                  0                 0               1                   1                   0                  2                  0                0                   0                    0                    0                       3
9:00             AM                0              0                   0                 0                0                0               0                   0                   0                  0                 0               0                   0                   0                  0                  0                0                   0                    0                    0                       0
9:15             AM                0              0                   0                 0                0                0               0                   0                   0                  0                 0               0                   0                   0                  0                  0                0                   0                    0                    0                       0
9:30             AM                0              0                   0                 0                0                0               0                   0                   0                  0                 0               0                   0                   0                  0                  0                0                   0                    0                    0                       0
9:45             AM                0              0                   0                 0                0                0               0                   0                   0                  0                 0               0                   0                   0                  0                  0                0                   0                    0                    0                       0
4:00             PM                0              1                   0                 2                1                0               0                   0                   4                  0                 0               0                   0                   0                  0                  0                0                   0                    5                    0                       1
4:15             PM                0              2                   0                 0                2                0               0                   0                   0                  0                 0               1                   0                   1                  1                  0                0                   0                    1                    0                       3
4:30             PM                0              0                   0                 0                0                0               0                   0                   0                  0                 0               1                   0                   0                  1                  0                0                   0                    0                    0                       1
4:45             PM                0              0                   0                 1                0                0               0                   0                   1                  0                 0               0                   0                   2                  0                  0                0                   0                    1                    0                       0
5:00             PM                0              1                   0                 1                1                0               0                   0                   2                  0                 0               0                   0                   0                  0                  0                0                   0                    1                    0                       1
5:15             PM                0              0                   0                 0                0                0               0                   0                   2                  0                 0               0                   0                   2                  0                  0                0                   0                    1                    0                       0
5:30             PM                0              0                   0                 0                0                0               0                   0                   1                  0                 0               0                   0                   0                  0                  0                0                   0                    3                    0                       0
5:45             PM                0              2                   0                 0                2                0               0                   0                   1                  0                 0               0                   0                   3                  0                  0                0                   0                    5                    0                       2
      Total                        1              8                   0                 7                9                0               0                   0                 21                   0                 0               7                   1                 11                   8                  0                0                   0                  37                     0                     17
    App            %          11.1           88.9                 0.0             77.8                                 0.0             0.0                0.0                 0.0                                   0.0           87.5               12.5              137.5                                      0.0               0.0                0.0                  0.0
  Total              %         5.9           47.1                 0.0             41.2              52.9               0.0             0.0                0.0             123.5                   0.0               0.0           41.2                 5.9               64.7                47.1                 0.0               0.0                0.0              217.6                   0.0
    INT            ID                                        ROAD 1                                                                                       ROAD 2                                                               ROAD 3                                    ROAD 4                                       COMMUNITY                                                            TMC DATE
        253                                JOCELYN ST                                           NW                                    39TH STREET                                              NW                                                                                                                                             -                                               4/6/2017
