                                                                               Turning                                      Movement                                                     Count                                Report                                   -      Cars                         &           Trucks
     INT            ID                                            ROAD 1                                                                               ROAD 2                                                    ROAD 3                                       ROAD 4                                            COMMUNITY                                                                TMC DATE
        257                                     13TH STREET                                              NE                                   I   STREET                            NE                                                                                                                                                  -                                                 4/11/2017
                               CARS
                               NB                                                                                        EB                                                                                         SB                                                                                         WB
        Start                   Left           Thru               Right               Ped                 NB               Left           Thru               Right               Ped                 EB              Left            Thru              Right                Ped                 SB               Left             Thru               Right                Ped                WB                 Interval
       Time                                                                                            Total                                                                                     Total                                                                                       Total                                                                                        Total                     Total
 7:00             AM                0              25                   0                  3               25                  2                2                  5                  1                 9                0                3                   0                 0                  3                 0                  0                  0                  2                  0                       37
 7:15             AM                0              22                   2                  1               24                  1                1                  3                  2                 5                2              14                    0                 1                16                  0                  0                  0                  0                  0                       45
 7:30             AM                0              36                   0                  2               36                  0                8                  2                  0               10                 0                8                   0                 0                  8                 0                  0                  0                  1                  0                       54
 7:45             AM                0              27                   3                  5               30                  1                6                  4                  1               11                 3              13                    0                 1                16                  0                  0                  0                  3                  0                       57
 8:00             AM                0              22                   1                  4               23                  1                7                  7                  8               15                 0              12                    0                 2                12                  0                  0                  0                  6                  0                       50
 8:15             AM                0              33                   1                  4               34                  2                7                  6                  1               15                 0                9                   0                 0                  9                 0                  0                  0                  3                  0                       58
 8:30             AM                0              24                   4                  2               28                  1                9                  3                  4               13                 2              12                    0                 0                14                  0                  0                  0                  6                  0                       55
 8:45             AM                0              32                   4                  4               36                  1                6                 11                  2               18                 1                8                   0                 0                  9                 0                  0                  0                  2                  0                       63
 9:00             AM                0              25                   6                  5               31                  2                7                  0                  1                 9                0              10                    0                 0                10                  0                  0                  0                  1                  0                       50
 9:15             AM                0              20                   4                  0               24                  0             12                    5                  0               17                 1                9                   0                 0                10                  0                  0                  0                  3                  0                       51
 9:30             AM                0              28                   4                  0               32                  0                4                  2                  2                 6                1              10                    0                 0                11                  0                  0                  0                  3                  0                       49
 9:45             AM                0              14                   4                  4               18                  0                6                  2                  1                 8                0              19                    0                 3                19                  0                  0                  0                  4                  0                       45
 4:00             PM                0              33                   5                  5               38                  2                8                  5                  0               15                 0              38                    0                 0                38                  0                  0                  0                  2                  0                       91
 4:15             PM                0              28                   7                  1               35                  0             21                  14                   0               35                 2              39                    0                 0                41                  0                  0                  0                  3                  0                     111
 4:30             PM                0              25                   5                  2               30                10              14                    6                  7               30                 0              46                    0                 0                46                  0                  0                  0                  3                  0                    106
 4:45             PM                0              22                   5                  3               27                11              17                  15                   5               43                 1              41                    0                 0                42                  0                  0                  0                  2                  0                    112
 5:00             PM                0              19                   5                  1               24                  8             21                  18                   0               47                 2              39                    0                 0                41                  0                  0                  0                  1                  0                    112
 5:15             PM                0              26                   5                  1               31                  7             17                  14                   0               38                 2              48                    0                 3                50                  0                  0                  0                  2                  0                    119
 5:30             PM                0              31                 12                   1               43                  6             31                  14                   7               51                 0              19                    0                 0                19                  0                  0                  0                  4                  0                    113
 5:45             PM                0              30                   5                  9               35                  8             23                  27                   3               58                 0              10                    0                 1                10                  0                  0                  0                  9                  0                    103
 6:00             PM                0              21                   8                  7               29                  7             18                  19                   6               44                 2              22                    0                 1                24                  0                  0                  0                  3                  0                       97
 6:15             PM                0              31                   6                  5               37                11               11                 14                   2               36                 1              30                    0                 0                31                  0                  0                  0                  3                  0                    104
 6:30             PM                0              30                   8                10                38                14              14                    9                  2               37                 0              23                    0                 2                23                  0                  0                  0                  6                  0                       98
 6:45             PM                0              10                   1                  3               11                  1             12                    9                  4               22                 1              15                    0                 0                16                  0                  0                  0                  9                  0                       49
       Total                        0            614                105                  82              719                 96            282                 214                  59             592                 21             497                     0               14               518                   0                  0                  0                81                   0                  1829
     App            %            0.0            85.4               14.6               11.4                               16.2              47.6               36.1              10.0                                  4.1            95.9                  0.0               2.7                                  0.0               0.0                 0.0                0.0
   Total              %          0.0            33.6                 5.7               4.5             39.3                5.2             15.4               11.7                3.2             32.4                1.1            27.2                  0.0               0.8             28.3                 0.0               0.0                 0.0                4.4                0.0
     INT            ID                                            ROAD 1                                                                               ROAD 2                                                    ROAD 3                                       ROAD 4                                            COMMUNITY                                                                TMC DATE
        257                                     13TH STREET                                              NE                                   I   STREET                            NE                                                                                                                                                  -                                                 4/11/2017
                            TRUCKS
                            NB                                                                                             EB                                                                                              SB                                                                                         WB
      Start                 Left           Thru             Right                    Ped                     NB             Left           Thru             Right                   Ped                      EB             Left           Thru               Right                Ped                  SB              Left            Thru             Right                 Ped                 WB              Interval
     Time                                                                                                Total                                                                                           Total                                                                                       Total                                                                                      Total                 Total
      7:00                       0              0                 0                      3                      0               0               0                 0                      1                      0               0                0                  0                   0                  0                0                0                 0                   2                  0                      0
        AM
      7:15                       0              1                 0                      1                      1               0               0                 0                      2                      0               0                0                  0                   1                  0                0                0                 0                   0                  0                      1
        AM
      7:30                       0              1                 0                      2                      1               0               0                 0                      0                      0               0                1                  0                   0                  1                0                0                 0                   1                  0                      2
        AM
      7:45                       0              1                 0                      5                      1               0               0                 0                      1                      0               0                0                  0                   1                  0                0                0                 0                   3                  0                      1
        AM
      8:00                       0              0                 0                      4                      0               0               0                 0                      8                      0               0                0                  0                   2                  0                0                0                 0                   6                  0                      0
        AM
      8:15                       0              0                 0                      4                      0               0               0                 0                      1                      0               0                2                  0                   0                  2                0                0                 0                   3                  0                      2
        AM
      8:30                       0              1                 0                      2                      1               0               0                 0                      4                      0               0                0                  0                   0                  0                0                0                 0                   6                  0                      1
        AM
      8:45                       0              0                 0                      4                      0               0               0                 0                      2                      0               0                0                  0                   0                  0                0                0                 0                   2                  0                      0
        AM
      9:00                       0              0                 1                      5                      1               0               0                 0                      1                      0               0                0                  0                   0                  0                0                0                 0                   1                  0                      1
        AM
      9:15                       0              0                 0                      0                      0               0               1                 1                      0                      2               0                0                  0                   0                  0                0                0                 0                   3                  0                      2
        AM
      9:30                       0              0                 0                      0                      0               0               0                 0                      2                      0               0                0                  0                   0                  0                0                0                 0                   3                  0                      0
        AM
      9:45                       0              0                 0                      4                      0               0               0                 0                      1                      0               0                0                  0                   3                  0                0                0                 0                   4                  0                      0
        AM
      4:00                       0              0                 0                      5                      0               0               0                 0                      0                      0               0                0                  0                   0                  0                0                0                 0                   2                  0                      0
        PM
      4:15                       0              0                 0                      1                      0               0               0                 0                      0                      0               0                1                  0                   0                  1                0                0                 0                   3                  0                      1
        PM
      4:30                       0              1                 0                      2                      1               0               0                 0                      7                      0               0                0                  0                   0                  0                0                0                 0                   3                  0                      1
        PM
      4:45                       0              0                 0                      3                      0               0               0                 0                      5                      0               0                0                  0                   0                  0                0                0                 0                   2                  0                      0
        PM
      5:00                       0              0                 0                      1                      0               0               0                 0                      0                      0               0                0                  0                   0                  0                0                0                 0                   1                  0                      0
        PM
      5:15                       0              0                 0                      1                      0               0               0                 0                      0                      0               0                0                  0                   3                  0                0                0                 0                   2                  0                      0
        PM
      5:30                       0              1                 0                      1                      1               0               0                 0                      7                      0               0                0                  0                   0                  0                0                0                 0                   4                  0                      1
        PM
      5:45                       0              0                 0                      9                      0               0               0                 1                      3                      1               0                0                  0                   1                  0                0                0                 0                   9                  0                      1
        PM
      6:00                       0              0                 0                      7                      0               0               0                 0                      6                      0               0                0                  0                   1                  0                0                0                 0                   3                  0                      0
        PM
      6:15                       0              0                 0                      5                      0               0               0                 0                      2                      0               0                0                  0                   0                  0                0                0                 0                   3                  0                      0
        PM
      6:30                       0              0                 0                    10                       0               0               0                 0                      2                      0               0                0                  0                   2                  0                0                0                 0                   6                  0                      0
        PM
      6:45                       0              0                 0                      3                      0               0               0                 0                      4                      0               0                0                  0                   0                  0                0                 0                 0                  9                  0                     0
        PM
     Total                       0              6                 1                    82                       7               0               1                 2                    59                       3               0                4                  0                14                    4                0                 0                 0                81                   0                   14
  App             %          0.0           85.7              14.3              1,171.4                                       0.0          33.3               66.7             1,966.7                                       0.0          100.0                   0.0            350.0                                    0.0              0.0                0.0                0.0
 Total              %        0.0           42.9                 7.1               585.7                   50.0               0.0             7.1             14.3                421.4                    21.4              0.0             28.6                 0.0            100.0                28.6                0.0              0.0                0.0            578.6                  0.0
     INT            ID                                            ROAD 1                                                                               ROAD 2                                                    ROAD 3                                       ROAD 4                                            COMMUNITY                                                                TMC DATE
        257                                     13TH STREET                                              NE                                   I   STREET                            NE                                                                                                                                                  -                                                 4/11/2017
