                                                                               Turning                                      Movement                                                     Count                                Report                                   -      Cars                         &           Trucks
   INT            ID                                      ROAD 1                                                                                                ROAD 2                                                                        ROAD 3                                 ROAD 4                                    COMMUNITY                                                     TMC DATE
      261                            13TH STREET                                              NW                                 HAMILTON STREET                                                                NW                                                                                                                                    -                                         4/4/2017
                               CARS
                               NB                                                                                        EB                                                                                         SB                                                                                         WB
        Start                   Left           Thru               Right               Ped                 NB               Left           Thru               Right               Ped                 EB              Left            Thru              Right                Ped                 SB               Left              Thru              Right                Ped                 WB                Interval
       Time                                                                                            Total                                                                                     Total                                                                                       Total                                                                                         Total                     Total
 7:00             AM                0              21                   0                  1               21                  1                2                  1                  0                 4                1              82                    0                 1                83                   1                 1                   1                  0                 3                      111
 7:15             AM                0              24                   1                  0               25                  0                1                  1                  0                 2                0            100                     1                 1              101                    3                 3                   0                  0                 6                     134
 7:30             AM                0              38                   1                  2               39                  4                4                  3                  2               11                 2            128                     2                 1              132                    2                 3                   1                  0                 6                     188
 7:45             AM                0              50                   1                  1               51                  0                2                  0                  0                 2                2            128                     2                 0              132                    3                 1                   0                  2                 4                     189
 8:00             AM                1              53                   1                  0               55                  1                6                  2                  0                 9                0            151                     0                 0              151                    3                 3                   0                  2                 6                     221
 8:15             AM                1              61                   0                  2               62                  0                3                  3                  2                 6                0            159                     1                 0              160                    5                 7                   0                  0               12                      240
 8:30             AM                1              60                   1                  1               62                  2                2                  0                  7                 4                1            141                     1                 1              143                    2               11                    4                  2               17                      226
 8:45             AM                0              45                   1                  1               46                  0                3                  1                  3                 4                2            127                     1                 1              130                    4                 2                   0                  2                 6                     186
 9:00             AM                2              62                   3                  2               67                  1                3                  0                  1                 4                2            109                     3                 1              114                    3                 3                   2                  1                 8                     193
 9:15             AM                0              38                   0                  0               38                  1                3                  3                  1                 7                1              86                    1                 1                88                   2                 1                   2                  2                 5                     138
 9:30             AM                0              49                   0                  0               49                  0                2                  0                  0                 2                1              76                    3                 0                80                   1                 5                   0                  0                 6                     137
 9:45             AM                2              33                   0                  1               35                  0                2                  1                  1                 3                1              78                    2                 0                81                   1                 5                   3                  2                 9                     128
 4:00             PM                2            119                    1                  1             122                   0                5                  2                  4                 7                1              75                    1                 1                77                   2                 2                   3                  2                 7                     213
 4:15             PM                2            137                    0                  8             139                   1                3                  2                  0                 6                1              74                    0                 5                75                   2                 6                   4                  1               12                      232
 4:30             PM                2            134                    0                  4             136                   1                3                  3                  2                 7                0              73                    0                 1                73                   0                 3                   1                  1                 4                     220
 4:45             PM                1            144                    2                  2             147                   1                6                  2                  0                 9                0              71                    0                 0                71                   1                 2                   2                  1                 5                     232
 5:00             PM                0            132                    1                  9             133                   0                7                  4                  4               11                 4              72                    1                 0                77                   0                 3                   2                  4                 5                     226
 5:15             PM                0            121                    4                  2             125                   0                2                  1                  6                 3                1              75                    0                 2                76                   0                 4                   3                  2                 7                     211
 5:30             PM                1            121                    1                  5             123                   0                5                  3                  4                 8                0              77                    1                 2                78                   1                 2                   2                  0                 5                     214
 5:45             PM                3            113                    0                  2             116                   1                4                  4                  2                 9                1              79                    1                 1                81                   2                 4                   5                  2                11                     217
 6:00             PM                3            136                    3                  0             142                   1                5                  2                  1                 8                2              86                    2                 0                90                   2                 2                   0                  1                 4                     244
 6:15             PM                0            139                    2                  5             141                   0                2                  1                  6                 3                1              88                    1                 4                90                   2                 2                   5                  5                 9                     243
 6:30             PM                2            109                    0                  7             111                   3                5                  3                  4               11                 0              61                    1                 1                62                   1                 2                   3                  8                 6                     190
 6:45             PM                1            105                    2                  1             108                   3                9                  3                  2               15                 1              67                    3                 1                71                   1                 1                   3                  8                 5                     199
       Total                      24          2044                    25                 57            2093                  21              89                  45                 52             155                 25           2263                    28                25            2316                   44                 78                  46                48               168                     4732
     App            %            1.1            97.7                 1.2               2.7                               13.5              57.4               29.0              33.5                                  1.1            97.7                  1.2               1.1                                 26.2              46.4                27.4              28.6
   Total              %          0.5            43.2                 0.5               1.2             44.2                0.4               1.9                1.0               1.1               3.3               0.5            47.8                  0.6               0.5             48.9                  0.9               1.6                 1.0                1.0               3.6
   INT            ID                                      ROAD 1                                                                                                ROAD 2                                                                        ROAD 3                                 ROAD 4                                    COMMUNITY                                                     TMC DATE
      261                            13TH STREET                                              NW                                 HAMILTON STREET                                                                NW                                                                                                                                    -                                         4/4/2017
                              TRUCKS
                              NB                                                                                        EB                                                                                        SB                                                                                           WB
        Start                  Left           Thru               Right               Ped                  NB             Left           Thru               Right               Ped                  EB             Left             Thru                Right               Ped                 SB                Left             Thru               Right                Ped                WB                 Interval
      Time                                                                                            Total                                                                                     Total                                                                                        Total                                                                                         Total                     Total
 7:00             AM                0               0                   0                 0                 0                 0               0                   0                 0                 0                 0                 0                   0                  0                 0                  1                  0                  0                  0                  1                         1
 7:15             AM                0               2                   0                 0                 2                 0               0                   0                 0                 0                 0                 4                   0                  0                 4                  0                  1                  0                  0                  1                         7
 7:30             AM                0               0                   0                 0                 0                 0               0                   0                 0                 0                 0                 2                   0                  0                 2                  0                  0                  0                  0                  0                         2
 7:45             AM                0               1                   0                 0                 1                 0               1                   0                 0                 1                 0                 3                   0                  0                 3                  0                  0                  0                  0                  0                         5
 8:00             AM                0               1                   0                 0                 1                 0               1                   0                 0                 1                 0                 1                   0                  0                 1                  0                  0                  0                  0                  0                         3
 8:15             AM                0               2                   0                 0                 2                 0               0                   0                 0                 0                 0                 1                   0                  0                 1                  0                  0                  0                  0                  0                         3
 8:30             AM                0               2                   0                 0                 2                 0               0                   0                 0                 0                 0                 3                   0                  0                 3                  0                  0                  0                  0                  0                         5
 8:45             AM                0               0                   0                 0                 0                 0               0                   0                 0                 0                 0                 0                   0                  0                 0                  0                  0                  1                  0                  1                         1
 9:00             AM                0               2                   1                 0                 3                 0               0                   0                 0                 0                 0                 1                   0                  0                 1                  0                  0                  0                  0                  0                         4
 9:15             AM                0               0                   0                 0                 0                 0               0                   0                 0                 0                 0                 0                   0                  0                 0                  0                  0                  0                  0                  0                         0
 9:30             AM                0               1                   0                 0                 1                 0               0                   0                 0                 0                 0                 0                   0                  0                 0                  0                  0                  0                  0                  0                         1
 9:45             AM                0               0                   0                 0                 0                 0               0                   0                 0                 0                 0                 0                   0                  0                 0                  0                  0                  0                  0                  0                         0
 4:00             PM                0               1                   0                 0                 1                 0               0                   0                 0                 0                 0                 0                   0                  0                 0                  0                  0                  0                  0                  0                         1
 4:15             PM                0               3                   0                 0                 3                 0               0                   0                 0                 0                 0                 2                   0                  0                 2                  0                  0                  0                  0                  0                         5
 4:30             PM                0               0                   0                 0                 0                 0               0                   0                 0                 0                 0                 1                   0                  0                 1                  1                  0                  0                  0                  1                         2
 4:45             PM                0               1                   0                 0                 1                 0               1                   0                 0                 1                 0                 1                   0                  0                 1                  0                  0                  0                  0                  0                         3
 5:00             PM                0               0                   0                 0                 0                 0               0                   0                 0                 0                 0                 0                   0                  0                 0                  0                  0                  0                  0                  0                         0
 5:15             PM                0               0                   0                 0                 0                 0               0                   0                 0                 0                 0                 0                   0                  0                 0                  0                  0                  0                  0                  0                         0
 5:30             PM                0               0                   0                 0                 0                 0               0                   0                 0                 0                 0                 0                   0                  0                 0                  0                  0                  0                  0                  0                         0
 5:45             PM                0               0                   0                 0                 0                 0               0                   0                 0                 0                 0                 2                   0                  0                 2                  0                  0                  0                  0                  0                         2
 6:00             PM                0               0                   0                 0                 0                 0               1                   1                 0                 2                 0                 0                   0                  0                 0                  0                  0                  0                  0                  0                         2
 6:15             PM                0               2                   0                 0                 2                 0               0                   0                 0                 0                 0                 1                   0                  0                 1                  0                  0                  0                  0                  0                         3
 6:30             PM                0               0                   0                 0                 0                 0               0                   0                 0                 0                 0                 0                   0                  0                 0                  0                  0                  0                  0                  0                         0
 6:45             PM                0               0                   0                 0                 0                 0               0                   0                 0                 0                 0                 0                   0                  0                 0                  0                  0                  0                  0                  0                         0
       Total                        0             18                    1                 0               19                  0               4                   1                 0                 5                 0              22                     0                  0               22                   2                  1                  1                  0                  4                      50
    App             %            0.0           94.7                  5.3               0.0                                 0.0           80.0                20.0                0.0                                 0.0          100.0                     0.0               0.0                                50.0              25.0                25.0                 0.0
   Total              %          0.0           36.0                  2.0               0.0             38.0                0.0             8.0                 2.0               0.0             10.0                0.0             44.0                   0.0               0.0            44.0                  4.0               2.0                 2.0                0.0                8.0
   INT            ID                                      ROAD 1                                                                                                ROAD 2                                                                        ROAD 3                                 ROAD 4                                    COMMUNITY                                                     TMC DATE
      261                            13TH STREET                                              NW                                 HAMILTON STREET                                                                NW                                                                                                                                    -                                         4/4/2017
