                                                                               Turning                                      Movement                                                     Count                                Report                                   -      Cars                         &           Trucks
   INT            ID                                               ROAD 1                                                                                                ROAD 2                                                             ROAD 3                                 ROAD 4                                    COMMUNITY                                                       TMC DATE
      265                               STAPLES                                 STREET                            NE                              MORSE STREET                                                      NE                                                                                                                               -                                        4/19/2017
                               CARS
                               NB                                                                                         EB                                                                                        SB                                                                                         WB
        Start                    Left           Thru               Right               Ped                 NB              Left           Thru               Right               Ped                 EB              Left            Thru              Right                Ped                 SB                Left             Thru               Right                Ped                WB                 Interval
       Time                                                                                            Total                                                                                     Total                                                                                       Total                                                                                         Total                     Total
 7:00             AM                 1                3                  3                  2                 7                0                5                  0                  3                 5                0                5                   0                 0                  5                  2                  3                  1                  1                  6                      23
 7:15             AM                 1                0                  1                  1                 2                0                3                  1                  2                 4                0                2                   1                 2                  3                  3                  5                  1                  2                  9                      18
 7:30             AM                 1                0                  2                  1                 3                0                5                  2                  3                 7                0                3                   0                 2                  3                  2                  7                  2                  3                11                       24
 7:45             AM                 4                0                  1                  3                 5                0                5                  3                  3                 8                0                0                   0                 1                  0                  2                  6                  0                  2                  8                      21
 8:00             AM                 1                1                  2                  4                 4                0                4                  1                  1                 5                1                2                   0                 1                  3                  1                16                   0                  5               17                        29
 8:15             AM                 2                4                  4                  3               10                 1                7                  0                  0                 8                0                4                   1                 3                  5                  3                  7                  0                  2               10                        33
 8:30             AM                 1                0                  4                  1                 5                0                7                  2                  1                 9                0                2                   0                 2                  2                  0                11                   0                  2                11                       27
 8:45             AM                 1                3                  5                  1                 9                0                9                  1                  4               10                 0                9                   0                 2                  9                  1                10                   1                  2               12                        40
 9:00             AM                 2                6                  2                  1               10                 0                6                  3                  3                 9                0                5                   0                 2                  5                  1                  6                  1                  2                  8                      32
 9:15             AM                 0                4                  5                  6                 9                1                4                  0                  0                 5                0                8                   2                 1                10                   1                  6                  1                  2                  8                      32
 9:30             AM                 1                0                  4                  5                 5                0                3                  0                  2                 3                0                6                   0                 0                  6                  3                  4                  0                  1                  7                      21
 9:45             AM                 0                3                  7                  0               10                 0                5                  1                  1                 6                1                1                   0                 2                  2                  0                  4                  0                  0                  4                      22
 4:00             PM                 0                0                  6                  2                 6                0             24                    2                  3               26                 2                0                   1                 3                  3                  4                  8                  1                  2               13                        48
 4:15             PM                 0                5                  3                  5                 8                2             24                    4                  3               30                 0                0                   0                 1                  0                  3                  8                  1                  2               12                        50
 4:30             PM                 1                6                  9                  7               16                 1             24                    2                  2               27                 1                6                   2                 1                  9                  3                  6                  0                  2                  9                      61
 4:45             PM                 0                6                  5                  1               11                 0                9                  0                  3                 9                0                5                   1                 0                  6                  4                15                   0                  2               19                        45
 5:00             PM                 2                6                  4                  4               12                 0             13                    1                  1               14                 1                5                   0                 0                  6                  1                10                   0                  0                11                       43
 5:15             PM                 0                4                  5                  2                 9                1             26                    2                  1               29                 0                3                   0                 0                  3                  5                  7                  1                  3               13                        54
 5:30             PM                 0                3                  5                  3                 8                2             34                    2                  9               38                 2                3                   0                 0                  5                  3                  9                  1                  5               13                        64
 5:45             PM                 0                5                  5                11                10                 2             19                    0                  3               21                 0                6                   1                 2                  7                  0                  6                  0                  7                  6                      44
 6:00             PM                 0                8                  7                  2               15                 1             23                    2                  7               26                 0                6                   2                 2                  8                  0                  8                  1                  2                  9                      58
 6:15             PM                 3                1                10                   6               14                 0             14                    3                10                17                 2                5                   0                 4                  7                  2                12                   2                  7               16                        54
 6:30             PM                 6                2                12                   2               20                 1             10                    1                  8               12                 0                4                   0                 2                  4                  2                  7                  0                  4                  9                      45
 6:45             PM                 2                5                  4                  7               11                 0             13                    1                  8               14                 0                4                   0                 3                  4                  2                13                   0                  3               15                        44
       Total                       29              75                115                  80             219                 12            296                   34                 81             342                 10               94                  11                36               115                  48              194                   14                 63              256                       932
     App            %          13.2              34.2               52.5              36.5                                  3.5            86.5                 9.9             23.7                                  8.7            81.7                  9.6             31.3                                  18.8              75.8                  5.5              24.6
   Total              %          3.1               8.0              12.3                8.6             23.5                1.3            31.8                 3.6               8.7             36.7                1.1            10.1                  1.2                3.9            12.3                  5.2             20.8                  1.5                6.8              27.5
   INT            ID                                               ROAD 1                                                                                                ROAD 2                                                             ROAD 3                                 ROAD 4                                    COMMUNITY                                                       TMC DATE
      265                               STAPLES                                 STREET                            NE                              MORSE STREET                                                      NE                                                                                                                               -                                        4/19/2017
                          TRUCKS
                          NB                                                                                              EB                                                                                        SB                                                                                        WB
     Start                 Left          Thru             Right                    Ped                     NB             Left            Thru             Right                Ped                  EB             Left            Thru             Right                Ped                  SB              Left             Thru              Right                    Ped                     WB             Interval
    Time                                                                                                Total                                                                                     Total                                                                                     Total                                                                                               Total                 Total
     7:00                      0               1                 0                      2                     1                0               0                 0                   3                  0                0               0                 0                   0                  0                0                 0                   0                      1                     0                     1
       AM
     7:15                      0               0                 0                      1                     0                0               0                 0                   2                  0                1               0                 0                   2                  1                0                 0                   0                      2                     0                     1
       AM
     7:30                      0               0                 1                      1                     1                0               0                 0                   3                  0                0               1                 0                   2                  1                0                 0                   0                      3                     0                     2
       AM
     7:45                      0               1                 0                      3                     1                0               1                 0                   3                  1                0               0                 0                   1                  0                0                 0                   0                      2                     0                     2
       AM
     8:00                      0               0                 0                      4                     0                0               1                 0                   1                  1                0               0                 0                   1                  0                0                 0                   0                      5                     0                     1
       AM
     8:15                      0               0                 0                      3                     0                0               0                 0                   0                  0                0               0                 0                   3                  0                0                 0                   0                      2                     0                     0
       AM
     8:30                      0               0                 0                      1                     0                0               1                 0                   1                  1                0               1                 0                   2                  1                0                 0                   0                      2                     0                     2
       AM
     8:45                      0               0                 0                      1                     0                0               1                 0                   4                  1                0               1                 0                   2                  1                0                 2                   0                      2                     2                     4
       AM
     9:00                      0               0                 0                      1                     0                0               2                 0                   3                  2                0               0                 0                   2                  0                0                 4                   0                      2                     4                     6
       AM
     9:15                      0               0                 0                      6                     0                0               0                 0                   0                  0                0               1                 0                   1                  1                0                 0                   0                      2                     0                     1
       AM
     9:30                      0               0                 0                      5                     0                0               1                 0                   2                  1                0               0                 0                   0                  0                0                 0                   0                      1                     0                     1
       AM
     9:45                      0               0                 1                      0                     1                2               0                 0                   1                  2                0               0                 0                   2                  0                0                 0                   0                      0                     0                     3
       AM
     4:00                      0               0                 0                      2                     0                0               0                 0                   3                  0                0               0                 0                   3                  0                0                 0                   0                      2                     0                     0
       PM
     4:15                      0               0                 0                      5                     0                0               0                 0                   3                  0                0               0                 0                   1                  0                0                 0                   0                      2                     0                     0
       PM
     4:30                      0               0                 0                      7                     0                0               1                 0                   2                  1                0               0                 0                   1                  0                0                 0                   0                      2                     0                     1
       PM
     4:45                      0               0                 0                      1                     0                0               0                 0                   3                  0                0               0                 0                   0                  0                0                 0                   0                      2                     0                     0
       PM
     5:00                      0               0                 0                      4                     0                0               1                 0                   1                  1                0               0                 0                   0                  0                0                 0                   0                      0                     0                     1
       PM
     5:15                      0               0                 0                      2                     0                1               0                 0                   1                  1                0               0                 0                   0                  0                0                 0                   0                      3                     0                     1
       PM
     5:30                      0               0                 0                      3                     0                0               0                 0                   9                  0                0               0                 0                   0                  0                0                 0                   0                      5                     0                     0
       PM
     5:45                      0               0                 0                    11                      0                0               0                 0                   3                  0                0               1                 0                   2                  1                0                 0                   0                      7                     0                     1
       PM
     6:00                      0               0                 0                      2                     0                0               0                 0                   7                  0                0               0                 0                   2                  0                0                 0                   0                      2                     0                     0
       PM
     6:15                      0               0                 0                      6                     0                1               0                 0                10                    1                0               0                 0                   4                  0                0                 0                   0                      7                     0                     1
       PM
     6:30                      0               0                 0                      2                     0                0               1                 0                   8                  1                0               0                 0                   2                  0                0                 0                   0                      4                     0                     1
       PM
     6:45                      0               0                 0                      7                     0                0               1                 0                   8                  1                0               0                 0                   3                  0                0                 0                   0                      3                     0                     1
       PM
    Total                      0               2                 2                    80                      4                4             11                  0                81                  15                 1               5                 0                36                    6                0                 6                   0                    63                      6                   31
 App             %         0.0           50.0               50.0             2,000.0                                      26.773.3                            0.0            540.0                                  16.783.3                            0.0            600.0                                    0.0           100.0                   0.0            1,050.0
Total              %0.0                    6.5                6.5               258.1                   12.9              12.935.5                            0.0            261.3                48.4                3.2          16.1                 0.0            116.1                19.4                0.0             19.4                  0.0               203.2                   19.4
   INT            ID                                               ROAD 1                                                                                                ROAD 2                                                             ROAD 3                                 ROAD 4                                    COMMUNITY                                                       TMC DATE
      265                               STAPLES                                 STREET                            NE                              MORSE STREET                                                      NE                                                                                                                               -                                        4/19/2017
