                                                                               Turning                                      Movement                                                     Count                                Report                                   -      Cars                         &           Trucks
    INT            ID                                          ROAD 1                                                                                     ROAD 2                                                          ROAD 3                                      ROAD 4                                         COMMUNITY                                                            TMC DATE
       266                                   46TH STREET                                              NE                                  JAY STREET                                         NE                                                                                                                                              -                                               5/4/2017
                              CARS
                              NB                                                                                         EB                                                                                         SB                                                                                         WB
        Start                   Left           Thru               Right               Ped                 NB               Left           Thru               Right               Ped                 EB               Left           Thru               Right               Ped                 SB               Left             Thru               Right                Ped                WB                 Interval
      Time                                                                                             Total                                                                                     Total                                                                                       Total                                                                                        Total                     Total
 7:00             AM                0                1                  0                  0                 1                 0                0                  0                  0                 0                 0                0                  2                  0                 2                 0                22                   0                  0                22                        25
 7:15             AM                0                0                  0                  1                 0                 0                0                  0                  3                 0                 0                0                  0                  2                 0                 0                24                   0                  1                24                        24
 7:30             AM                1                1                  0                  1                 2                 0                0                  0                  0                 0                 0                0                  2                  1                 2                 0                22                   0                  0                22                        26
 7:45             AM                0                0                  0                  0                 0                 1                2                  0                  1                 3                 1                1                  4                  0                 6                 1                23                   1                  0                25                        34
 8:00             AM                0                1                  0                  2                 1                 1                2                  1                  0                 4                 1                3                  2                  0                 6                 1                14                   1                  0                16                        27
 8:15             AM                1                1                  1                  1                 3                 0                5                  0                  0                 5                 0                2                  0                  0                 2                 1                  9                  0                  0                10                        20
 8:30             AM                0                0                  0                  0                 0                 0                3                  0                  0                 3                 1                0                  0                  0                 1                 0                  5                  0                  0                  5                         9
 8:45             AM                0                1                  0                  0                 1                 0                3                  0                  0                 3                 0                0                  0                  0                 0                 0                  3                  0                  0                  3                         7
 9:00             AM                0                1                  0                  0                 1                 0                5                  0                  0                 5                 1                0                  0                  0                 1                 0                  3                  1                  0                  4                       11
 9:15             AM                1                0                  0                  0                 1                 0                4                  0                  0                 4                 0                0                  2                  0                 2                 0                  1                  1                  0                  2                         9
 9:30             AM                0                1                  1                  0                 2                 0                1                  0                  0                 1                 0                0                  0                  0                 0                 0                  6                  2                  0                  8                       11
 9:45             AM                0                0                  0                  0                 0                 2                1                  0                  0                 3                 1                1                  1                  0                 3                 0                  1                  0                  0                  1                         7
 4:00             PM                0                2                  0                  0                 2                 0                2                  1                  0                 3                 0                1                  0                  0                 1                 0                  1                  1                  0                  2                         8
 4:15             PM                0                1                  0                  0                 1                 1                6                  0                  0                 7                 1                2                  0                  0                 3                 2                  5                  0                  1                  7                       18
 4:30             PM                1                0                  0                  0                 1                 1                6                  0                  0                 7                 1                0                  0                  0                 1                 0                  5                  0                  0                  5                       14
 4:45             PM                1                1                  0                  1                 2                 1                5                  0                  1                 6                 2                1                  0                  0                 3                 0                  4                  1                  2                  5                       16
 5:00             PM                0                2                  2                  0                 4                 0                4                  0                  0                 4                 1                0                  2                  0                 3                 0                  3                  1                  0                  4                       15
 5:15             PM                0                2                  1                  0                 3                 1                7                  0                  0                 8                 1                2                  2                  0                 5                 1                  5                  1                  0                  7                       23
 5:30             PM                0                1                  1                  7                 2                 0                4                  0                  1                 4                 0                1                  1                  0                 2                 0                  8                  1                  0                  9                       17
 5:45             PM                0                0                  0                  0                 0                 0                3                  0                  0                 3                 1                2                  1                  0                 4                 0                  5                  0                  0                  5                       12
 6:00             PM                0                0                  0                  0                 0                 0                3                  1                  1                 4                 1                0                  2                  0                 3                 1                  3                  0                  2                  4                       11
 6:15             PM                3                1                  0                  0                 4                 1                5                  0                  0                 6                 0                1                  0                  0                 1                 0                  6                  1                  0                  7                       18
 6:30             PM                0                2                  1                  0                 3                 2                9                  0                  0               11                  0                1                  1                  0                 2                 0                  3                  0                  0                  3                       19
 6:45             PM                0                2                  0                  0                 2                 1                5                  0                  0                 6                 0                0                  0                  0                 0                 1                  5                  1                  0                  7                       15
       Total                        8              21                   7                13                36                12              85                    3                  7            100                  13               18                 22                   3               53                  8              186                  13                   6             207                       396
    App             %          22.2             58.3               19.4              36.1                                12.0              85.0                 3.0               7.0                               24.5             34.0                41.5                 5.7                                 3.9             89.9                  6.3                2.9
   Total              %          2.0              5.3                1.8               3.3               9.1               3.0             21.5                 0.8               1.8             25.3                3.3              4.5                  5.6               0.8            13.4                 2.0             47.0                  3.3                1.5              52.3
    INT            ID                                          ROAD 1                                                                                     ROAD 2                                                          ROAD 3                                      ROAD 4                                         COMMUNITY                                                            TMC DATE
       266                                   46TH STREET                                              NE                                  JAY STREET                                         NE                                                                                                                                              -                                               5/4/2017
                              TRUCKS
                              NB                                                                                       EB                                                                                          SB                                                                                         WB
        Start                  Left           Thru              Right                Ped                NB              Left            Thru                Right               Ped                 EB               Left           Thru               Right               Ped                 SB               Left              Thru                Right                Ped                WB                Interval
      Time                                                                                          Total                                                                                        Total                                                                                     Total                                                                                            Total                    Total
 7:00             AM                0               0                   0                 0                0                0                 0                   0                  0                 0                 0                0                  0                  0                 0                 0                   3                    0                 0                  3                        3
 7:15             AM                0               0                   0                 0                0                0                 0                   0                  0                 0                 0                0                  0                  0                 0                 0                   1                    0                 0                  1                        1
 7:30             AM                0               0                   0                 0                0                0                 0                   0                  0                 0                 0                0                  0                  0                 0                 0                   0                    0                 0                  0                        0
 7:45             AM                0               0                   0                 0                0                0                 0                   0                  0                 0                 0                1                  0                  0                 1                 0                   0                    0                 0                  0                        1
 8:00             AM                0               0                   0                 0                0                0                 0                   0                  0                 0                 0                0                  0                  0                 0                 0                   1                    0                 0                  1                        1
 8:15             AM                0               0                   0                 0                0                0                 0                   0                  0                 0                 0                0                  0                  0                 0                 0                   0                    0                 0                  0                        0
 8:30             AM                0               0                   0                 0                0                0                 0                   0                  0                 0                 0                0                  0                  0                 0                 0                   0                    0                 0                  0                        0
 8:45             AM                0               0                   0                 0                0                0                 0                   0                  0                 0                 0                0                  0                  0                 0                 0                   0                    0                 0                  0                        0
 9:00             AM                0               0                   0                 0                0                0                 0                   0                  0                 0                 0                0                  0                  0                 0                 0                   0                    0                 0                  0                        0
 9:15             AM                0               0                   0                 0                0                0                 0                   0                  0                 0                 1                0                  0                  0                 1                 0                   0                    0                 0                  0                        1
 9:30             AM                0               0                   0                 0                0                0                 0                   0                  0                 0                 0                0                  0                  0                 0                 0                   0                    0                 0                  0                        0
 9:45             AM                0               0                   0                 0                0                0                 0                   0                  0                 0                 0                0                  0                  0                 0                 0                   0                    0                 0                  0                        0
 4:00             PM                0               0                   1                 0                1                0                 0                   0                  0                 0                 0                0                  0                  0                 0                 0                   0                    0                 0                  0                        1
 4:15             PM                0               0                   0                 0                0                0                 0                   0                  0                 0                 0                0                  0                  0                 0                 0                   0                    0                 0                  0                        0
 4:30             PM                0               0                   0                 0                0                0                 0                   0                  0                 0                 0                0                  0                  0                 0                 0                   0                    0                 0                  0                        0
 4:45             PM                0               0                   0                 0                0                0                 0                   0                  0                 0                 0                0                  0                  0                 0                 0                   0                    0                 0                  0                        0
 5:00             PM                0               1                   0                 0                1                0                 1                   0                  0                 1                 0                0                  0                  0                 0                 0                   0                    0                 0                  0                        2
 5:15             PM                0               0                   0                 0                0                0                 0                   0                  0                 0                 0                0                  0                  0                 0                 0                   0                    0                 0                  0                        0
 5:30             PM                0               0                   0                 0                0                0                 0                   0                  0                 0                 0                0                  0                  0                 0                 0                   1                    0                 0                  1                        1
 5:45             PM                0               0                   0                 0                0                0                 0                   0                  0                 0                 0                0                  0                  0                 0                 0                   0                    0                 0                  0                        0
 6:00             PM                0               0                   0                 0                0                0                 0                   0                  0                 0                 0                0                  0                  0                 0                 0                   0                    0                 0                  0                        0
 6:15             PM                0               0                   0                 0                0                0                 0                   0                  0                 0                 0                0                  0                  0                 0                 0                   0                    0                 0                  0                        0
 6:30             PM                0               0                   0                 0                0                0                 0                   0                  0                 0                 0                0                  0                  0                 0                 0                   0                    0                 0                  0                        0
 6:45             PM                0               0                   0                 0                0                0                 0                   0                  0                 0                 0                0                  0                  0                 0                 0                   0                    0                 0                  0                        0
       Total                        0               1                   1                 0                2                0                 1                   0                  0                 1                 1                1                  0                  0                 2                 0                   6                    0                 0                  6                      11
    App             %            0.0           50.0               50.0                0.0                                0.0          100.0                    0.0               0.0                               50.0              50.0                 0.0               0.0                                  0.0            100.0                     0.0               0.0
   Total              %          0.0             9.1                9.1               0.0             18.2               0.0               9.1                 0.0               0.0               9.1               9.1               9.1                0.0               0.0             18.2                 0.0               54.5                   0.0               0.0             54.5
    INT            ID                                          ROAD 1                                                                                     ROAD 2                                                          ROAD 3                                      ROAD 4                                         COMMUNITY                                                            TMC DATE
       266                                   46TH STREET                                              NE                                  JAY STREET                                         NE                                                                                                                                              -                                               5/4/2017
