                                                                               Turning                                      Movement                                                     Count                                Report                                   -      Cars                         &           Trucks
   INT            ID                                      ROAD 1                                                                                                ROAD 2                                                                        ROAD 3                                 ROAD 4                                    COMMUNITY                                                     TMC DATE
      267                            17TH STREET                                              NW                                 KILBOURNE PLACE NW                                                                                                                                                                                                   -                                         5/5/2017
                              CARS
                              NB                                                                                        EB                                                                                        SB                                                                                             WB
        Start                   Left           Thru              Right               Ped                 NB              Left           Thru              Right                Ped                 EB              Left           Thru              Right                   Ped                   SB               Left             Thru               Right                Ped                WB                Interval
      Time                                                                                           Total                                                                                     Total                                                                                          Total                                                                                         Total                    Total
 7:00             AM                0                1                  1                 2                 2                 0               5                   0                 3                 5                0               1                   2                    3                    3                 0                  0                  0                  0                  0                     10
 7:15             AM                0                1                  0                 3                 1                 0               3                   2                 1                 5                0               4                   0                    2                    4                 0                  0                  1                  2                  1                      11
 7:30             AM                0                3                  0                 1                 3                 0               3                   1                 2                 4                0               3                   2                    6                    5                 0                  1                  0                  2                  1                     13
 7:45             AM                1                1                  1                 1                 3                 0               2                   1                 2                 3                0               5                   0                    7                    5                 3                  3                  0                  0                  6                     17
 8:00             AM                0                2                  0                 6                 2                 0               3                   0                 2                 3                0               1                   0                    3                    1                 1                  0                  3                  2                  4                     10
 8:15             AM                0                2                  2                 8                 4                 1               3                   1                 2                 5                0               3                   3                  10                     6                 4                  3                  3                  2               10                       25
 8:30             AM                0                3                  0                 5                 3                 2               2                   1                 4                 5                0               3                   0                    6                    3                 1                  3                  0                  2                  4                     15
 8:45             AM                1                2                  1                 4                 4                 0               4                   0                 4                 4                0               3                   1                    6                    4                 1                  1                  1                  0                  3                     15
 9:00             AM                0                2                  1                 0                 3                 0               1                   0                 3                 1                0               6                   2                    4                    8                 0                  1                  2                  5                  3                     15
 9:15             AM                0                2                  2                 0                 4                 1               1                   1                 2                 3                0               5                   0                    2                    5                 1                  2                  2                  2                  5                     17
 9:30             AM                0                1                  0                 5                 1                 1               4                   0                 2                 5                1               2                   0                    9                    3                 1                  4                  3                  2                  8                     17
 9:45             AM                0                0                  2                 5                 2                 0               2                   0                 1                 2                1               0                   0                    2                    1                 2                  5                  0                  3                  7                     12
 4:00             PM                2              10                   2                 1              14                   0               1                   0                 0                 1                1               1                   2                    3                    4                 3                  0                  2                  4                  5                     24
 4:15             PM                0                3                  0                 4                 3                 1               4                   1                 1                 6                2               4                   1                    7                    7                 2                  1                  3                  0                  6                     22
 4:30             PM                1                7                  3                 1               11                  1               2                   0                 4                 3                0               2                   0                    5                    2                 1                  5                  1                  3                  7                     23
 4:45             PM                1                3                  0                 6                 4                 1               2                   0                 3                 3                1               4                   1                    0                    6                 0                  2                  2                  1                  4                     17
 5:00             PM                1                1                  2                 8                 4                 1               3                   1                 2                 5                0               1                   3                  10                     4                 0                  4                  1                  3                  5                     18
 5:15             PM                1                6                  0                 6                 7                 0               2                   0                 0                 2                0               5                   0                    3                    5                 2                  2                  5                  2                  9                     23
 5:30             PM                0                2                  2                 9                 4                 3               6                   1                 1              10                  2               3                   4                    3                    9                 1                  5                  2                  2                  8                     31
 5:45             PM                1                4                  2               11                  7                 0               4                   1                 8                 5                2               7                   5                    4                 14                   0                  0                  2                  3                  2                     28
 6:00             PM                3                8                  4                 1              15                   0               0                   3              11                   3                0               3                   2                  10                     5                 1                  5                  2                  6                  8                     31
 6:15             PM                0                5                  2                 4                 7                 2               0                   2                 4                 4                2               5                   0                    5                    7                 2                  4                  2                  5                  8                     26
 6:30             PM                0                2                  1               12                  3                 0               5                   0                 1                 5                1               4                   1                    9                    6                 2                  7                  1                  5               10                       24
 6:45             PM                1                6                  1                 4                 8                 0               2                   0                 2                 2                1               2                   3                  14                     6                 1                  7                  5                  3               13                       29
       Total                      13               77                 29              107               119                14               64                 16                65                94                14              77                  32                133                  123                  29                 65                 43                 59              137                      473
    App             %          10.9             64.7               24.4              89.9                               14.9             68.1               17.0              69.1                                11.4            62.6                26.0               108.1                                    21.2              47.4                31.4               43.1
   Total              %          2.7            16.3                 6.1             22.6              25.2               3.0            13.5                 3.4             13.7              19.9                3.0           16.3                  6.8                28.1                26.0                 6.1             13.7                  9.1              12.5              29.0
   INT            ID                                      ROAD 1                                                                                                ROAD 2                                                                        ROAD 3                                 ROAD 4                                    COMMUNITY                                                     TMC DATE
      267                            17TH STREET                                              NW                                 KILBOURNE PLACE NW                                                                                                                                                                                                   -                                         5/5/2017
                    TRUCKS
                    NB                                                                                             EB                                                                                              SB                                                                                                    WB
  Start             Left           Thru             Right                    Ped                     NB             Left           Thru             Right                   Ped                      EB             Left           Thru               Right                     Ped                        SB               Left              Thru             Right                   Ped                     WB              Interval
 Time                                                                                            Total                                                                                           Total                                                                                                 Total                                                                                                Total                  Total
  7:00                   0              0                 0                       2                     0               0               0                 0                      3                      0               0                0                  0                        3                        0                  0                 0                 0                      0                      0                     0
    AM
  7:15                   0              0                 0                       3                     0               0               0                 0                      1                      0               0                0                  0                        2                        0                  0                 0                 0                      2                      0                     0
    AM
  7:30                   0              0                 0                       1                     0               0               0                 0                      2                      0               0                0                  0                        6                        0                  0                 0                 0                      2                      0                     0
    AM
  7:45                   0              0                 0                       1                     0               0               0                 0                      2                      0               0                0                  0                        7                        0                  0                 0                 0                      0                      0                     0
    AM
  8:00                   0              0                 0                       6                     0               0               1                 0                      2                      1               0                0                  0                        3                        0                  0                 0                 0                      2                      0                     1
    AM
  8:15                   0              0                 0                       8                     0               0               0                 0                      2                      0               0                0                  0                      10                         0                  0                 0                 0                      2                      0                     0
    AM
  8:30                   0              0                 0                       5                     0               0               0                 0                      4                      0               0                0                  0                        6                        0                  0                 0                 0                      2                      0                     0
    AM
  8:45                   0              0                 0                       4                     0               0               0                 0                      4                      0               0                0                  0                        6                        0                  0                 0                 0                      0                      0                     0
    AM
  9:00                   0              0                 0                       0                     0               0               0                 0                      3                      0               0                0                  0                        4                        0                  0                 0                 0                      5                      0                     0
    AM
  9:15                   0              0                 0                       0                     0               0               0                 0                      2                      0               0                1                  0                        2                        1                  0                 0                 0                      2                      0                     1
    AM
  9:30                   0              0                 0                       5                     0               0               0                 0                      2                      0               0                0                  0                        9                        0                  1                 0                 0                      2                      1                     1
    AM
  9:45                   0              0                 0                       5                     0               0               1                 0                      1                      1               0                0                  0                        2                        0                  0                 0                 0                      3                      0                     1
    AM
  4:00                   0              0                 0                       1                     0               0               0                 0                      0                      0               0                0                  0                        3                        0                  0                 0                 0                      4                      0                     0
    PM
  4:15                   0              0                 0                       4                     0               0               0                 0                      1                      0               0                0                  0                        7                        0                  0                 0                 0                      0                      0                     0
    PM
  4:30                   0              0                 0                       1                     0               0               0                 0                      4                      0               0                0                  0                        5                        0                  0                 0                 0                      3                      0                     0
    PM
  4:45                   0              0                 0                       6                     0               0               0                 1                      3                      1               0                0                  0                        0                        0                  0                 0                 0                      1                      0                     1
    PM
  5:00                   0              0                 0                       8                     0               0               0                 0                      2                      0               0                0                  0                      10                         0                  0                 0                 0                      3                      0                     0
    PM
  5:15                   0              0                 0                       6                     0               0               0                 0                      0                      0               0                0                  0                        3                        0                  0                 0                 0                      2                      0                     0
    PM
  5:30                   0              0                 0                       9                     0               0               0                 0                      1                      0               0                0                  0                        3                        0                  0                 0                 0                      2                      0                     0
    PM
  5:45                   0              0                 0                    11                       0               0               0                 0                      8                      0               0                0                  0                        4                        0                  0                 0                 0                      3                      0                     0
    PM
  6:00                   0              0                 0                       1                     0               0               1                 0                    11                       1               0                0                  0                      10                         0                  0                 0                 0                      6                      0                     1
    PM
  6:15                   0              0                 0                       4                     0               0               0                 0                      4                      0               0                0                  0                        5                        0                  0                 0                 0                      5                      0                     0
    PM
  6:30                   0              0                 0                    12                       0               0               0                 0                      1                      0               0                0                  0                        9                        0                  0                 0                 0                      5                      0                     0
    PM
  6:45                   0              0                 0                       4                     0               0               1                 0                      2                      1               0                0                  0                      14                         0                  0                 0                 0                      3                      0                     1
    PM
 Total                   0              0                 0                  107                        0               0               4                 1                    65                       5               0                1                  0                    133                          1                  1                 0                 0                    59                       1                     7
   App               0.0             0.0                0.0                   0.0                                    0.0          80.0               20.0             1,300.0                                        0.0          100.0                  0.0            13,300.0                                         100.0                  0.0               0.0             5,900.0
       %
 Total               0.0             0.0                0.0            1,528.6                      0.0              0.0          57.1               14.3                928.6                    71.4               0.0            14.3                 0.0               1,900.0                      14.3                14.3                0.0               0.0               842.9                    14.3
       %
   INT            ID                                      ROAD 1                                                                                                ROAD 2                                                                        ROAD 3                                 ROAD 4                                    COMMUNITY                                                     TMC DATE
      267                            17TH STREET                                              NW                                 KILBOURNE PLACE NW                                                                                                                                                                                                   -                                         5/5/2017
