                                                                               Turning                                      Movement                                                     Count                                Report                                   -      Cars                         &           Trucks
  INT            ID                                              ROAD 1                                                                                                   ROAD 2                                                                 ROAD 3                                ROAD 4                                  COMMUNITY                                                      TMC DATE
      268                             ILLINOIS                             AVENUE NW                                                            TAYLOR STREET                                                       NW                                                                                                                                  -                                        5/8/2017
                              CARS
                              NB                                                                                         EB                                                                                        SB                                                                                          WB
        Start                   Left           Thru               Right               Ped                 NB              Left           Thru               Right               Ped                 EB               Left            Thru              Right                Ped                 SB                Left             Thru               Right                Ped                WB                 Interval
      Time                                                                                             Total                                                                                     Total                                                                                       Total                                                                                         Total                     Total
 7:00             AM                1                5                  0                  1                 6                2                0                  0                  0                 2                 1                9                   0                 6                10                   1                  3                  0                  1                  4                      22
 7:15             AM                2                5                  1                  0                 8                0                7                  0                  0                 7                 1              22                    0                 0                23                   0                  1                  3                  0                  4                      42
 7:30             AM                0                4                  0                  1                 4                0                1                  0                  1                 1                 0              10                    1                 1                11                   0                  2                  0                  0                  2                      18
 7:45             AM                0                4                  0                  2                 4                0                3                  0                  1                 3                 4                6                   0                 0                10                   1                  5                  0                  0                  6                      23
 8:00             AM                1                6                  0                  0                 7                0                5                  2                  2                 7                 2                7                   0                 1                  9                  0                  1                  1                  0                  2                      25
 8:15             AM                0                1                  0                  1                 1                0                3                  1                  0                 4                 0                9                   0                 1                  9                  2                  2                  1                  0                  5                      19
 8:30             AM                0                1                  2                  3                 3                0                5                  0                  0                 5                 2                9                   0                 0                11                   0                  0                  0                  0                  0                      19
 8:45             AM                0                3                  1                  1                 4                1                2                  1                  0                 4                 1                4                   0                 0                  5                  0                  3                  1                  0                  4                      17
 9:00             AM                0                2                  0                  0                 2                0                2                  2                  0                 4                 2                3                   1                 9                  6                  0                  2                  0                  0                  2                      14
 9:15             AM                0                0                  0                  0                 0                0                5                  3                  1                 8                 0                4                   1                 2                  5                  0                  4                  1                  0                  5                      18
 9:30             AM                1                3                  0                  0                 4                1                3                  0                  0                 4                 2                3                   1                 0                  6                  0                  3                  2                  6                  5                      19
 9:45             AM                0                2                  0                  0                 2                0                3                  0                10                  3                 1                6                   0                 0                  7                  2                  1                  0                  0                  3                      15
 4:00             PM                2                9                  0                  2               11                 0              13                   1                  5               14                  3                6                   0                 0                  9                  0                  3                  2                  3                  5                      39
 4:15             PM                0                7                  0                  5                 7                0              15                   0                  3               15                  0                7                   0                 2                  7                  1                  4                  2                  1                  7                      36
 4:30             PM                0                7                  0                  6                 7                3              17                   0                  5               20                10               12                    0                 1                22                   1                  2                  0                  0                  3                      52
 4:45             PM                0                5                  0                  1                 5                0              14                   0                  3               14                  5                4                   0                 3                  9                  0                  4                  0                  1                  4                      32
 5:00             PM                1                8                  0                  3                 9                0              14                   0                  2               14                  7              10                    0                 4                17                   0                  4                  3                  1                  7                      47
 5:15             PM                0                5                  0                  0                 5                2              12                   2                  0               16                  1              13                    3                 0                17                   1                  2                  0                  0                  3                      41
 5:30             PM                1                5                  0                  0                 6                1                5                  1                  2                 7                 2                7                   0                 6                  9                  1                  3                  0                  4                  4                      26
 5:45             PM                1                4                  0                  5                 5                1                6                  1                  3                 8                 2              11                    1                 2                14                   1                  5                  0                  2                  6                      33
 6:00             PM                2                3                  0                  3                 5                1                7                  1                  0                 9                 2                5                   0                 2                  7                  0                  2                  0                  0                  2                      23
 6:15             PM                0                1                  0                  5                 1                1                1                  1                  1                 3                 0                5                   0                 1                  5                  2                  4                  0                  1                  6                      15
 6:30             PM                0                4                  0                  0                 4                2                8                  2                  5               12                  3                3                   2                 2                  8                  0                  4                  1                  2                  5                      29
 6:45             PM                0                0                  0                  2                 0                1                3                  0                  3                 4                 1                2                   0                 5                  3                  0                  4                  2                  1                  6                      13
       Total                      12               94                   4                41              110                16             154                  18                 47              188                 52             177                   10                48               239                  13                 68                 19                 23              100                       637
    App             %          10.9             85.5                 3.6             37.3                                  8.5            81.9                 9.6             25.0                                21.8              74.1                  4.2             20.1                                  13.0              68.0                19.0               23.0
   Total              %          1.9            14.8                 0.6               6.4             17.3                2.5            24.2                 2.8               7.4             29.5                8.2             27.8                  1.6                7.5            37.5                  2.0             10.7                  3.0                3.6              15.7
  INT            ID                                              ROAD 1                                                                                                   ROAD 2                                                                 ROAD 3                                ROAD 4                                  COMMUNITY                                                      TMC DATE
      268                             ILLINOIS                             AVENUE NW                                                            TAYLOR STREET                                                       NW                                                                                                                                  -                                        5/8/2017
                    TRUCKS
                    NB                                                                                             EB                                                                                                   SB                                                                                                WB
  Start             Left           Thru             Right                    Ped                     NB               Left              Thru             Right                   Ped                      EB             Left           Thru               Right                   Ped                      SB              Left           Thru             Right                 Ped                 WB              Interval
 Time                                                                                            Total                                                                                                Total                                                                                             Total                                                                                      Total                 Total
  7:00                   0              1                 0                       1                     1                  0                 0                 0                      0                      0               0                0                  0                      6                      0                0                0                 0                  1                   0                     1
    AM
  7:15                   0              0                 0                       0                     0                  0                 0                 0                      0                      0               0                0                  0                      0                      0                0                0                 0                  0                   0                     0
    AM
  7:30                   0              0                 0                       1                     0                  0                 0                 0                      1                      0               0                0                  0                      1                      0                0                0                 0                  0                   0                     0
    AM
  7:45                   0              0                 0                       2                     0                  0                 0                 0                      1                      0               0                1                  0                      0                      1                0                0                 0                  0                   0                     1
    AM
  8:00                   0              0                 0                       0                     0                  0                 0                 0                      2                      0               0                0                  0                      1                      0                0                0                 0                  0                   0                     0
    AM
  8:15                   0              0                 0                       1                     0                  1                 0                 0                      0                      1               0                0                  0                      1                      0                0                0                 0                  0                   0                     1
    AM
  8:30                   0              0                 0                       3                     0                  0                 0                 0                      0                      0               0                0                  0                      0                      0                0                0                 0                  0                   0                     0
    AM
  8:45                   0              0                 0                       1                     0                  0                 0                 0                      0                      0               0                0                  0                      0                      0                0                0                 0                  0                   0                     0
    AM
  9:00                   0              0                 0                       0                     0                  0                 0                 0                      0                      0               0                0                  0                      9                      0                0                0                 0                  0                   0                     0
    AM
  9:15                   0              0                 1                       0                     1                  0                 0                 0                      1                      0               0                0                  0                      2                      0                0                0                 0                  0                   0                     1
    AM
  9:30                   0              0                 0                       0                     0                  0                 0                 0                      0                      0               0                0                  0                      0                      0                0                0                 0                  6                   0                     0
    AM
  9:45                   0              0                 0                       0                     0                  0                 0                 0                    10                       0               0                0                  0                      0                      0                0                0                 0                  0                   0                     0
    AM
  4:00                   0              0                 0                       2                     0                  0                 0                 0                      5                      0               0                0                  0                      0                      0                0                0                 0                  3                   0                     0
    PM
  4:15                   0              0                 0                       5                     0                  0                 0                 0                      3                      0               0                0                  0                      2                      0                0                0                 0                  1                   0                     0
    PM
  4:30                   0              0                 0                       6                     0                  0                 0                 0                      5                      0               0                0                  0                      1                      0                0                0                 0                  0                   0                     0
    PM
  4:45                   0              0                 0                       1                     0                  0                 0                 0                      3                      0               0                0                  0                      3                      0                0                0                 0                  1                   0                     0
    PM
  5:00                   0              0                 0                       3                     0                  0                 0                 0                      2                      0               0                0                  0                      4                      0                0                0                 0                  1                   0                     0
    PM
  5:15                   0              0                 0                       0                     0                  0                 0                 0                      0                      0               0                0                  0                      0                      0                0                0                 0                  0                   0                     0
    PM
  5:30                   0              0                 0                       0                     0                  0                 0                 0                      2                      0               0                0                  0                      6                      0                0                0                 0                  4                   0                     0
    PM
  5:45                   0              0                 0                       5                     0                  0                 0                 0                      3                      0               0                0                  0                      2                      0                0                0                 0                  2                   0                     0
    PM
  6:00                   0              0                 0                       3                     0                  0                 0                 0                      0                      0               0                0                  0                      2                      0                0                0                 0                  0                   0                     0
    PM
  6:15                   0              1                 0                       5                     1                  0                 0                 0                      1                      0               0                0                  0                      1                      0                0                0                 0                  1                   0                     1
    PM
  6:30                   0              0                 0                       0                     0                  0                 0                 0                      5                      0               0                0                  0                      2                      0                0                0                 0                  2                   0                     0
    PM
  6:45                   0              0                 0                       2                     0                  0                 0                 0                      3                      0               0                0                  0                      5                      0                0                0                 0                  1                   0                     0
    PM
 Total                   0              2                 1                    41                       3                  1                 0                 0                    47                       1               0                1                  0                    48                       1                0                0                 0                23                    0                     5
   App               0.0           66.7              33.3              1,366.7                                     100.0                  0.0               0.0             4,700.0                                       0.0          100.0                  0.0            4,800.0                                         0.0             0.0                0.0                0.0
       %
 Total               0.0           40.0              20.0                 820.0                   60.0                20.0                0.0               0.0               940.0                    20.0               0.0            20.0                 0.0               960.0                    20.0                0.0             0.0                0.0            460.0                  0.0
       %
  INT            ID                                              ROAD 1                                                                                                   ROAD 2                                                                 ROAD 3                                ROAD 4                                  COMMUNITY                                                      TMC DATE
      268                             ILLINOIS                             AVENUE NW                                                            TAYLOR STREET                                                       NW                                                                                                                                  -                                        5/8/2017
