                                                                               Turning                                      Movement                                                     Count                                Report                                   -      Cars                         &           Trucks
   INT            ID                                                  ROAD 1                                                                                               ROAD 2                                                         ROAD 3                                  ROAD 4                                    COMMUNITY                                                       TMC DATE
      269                                ALABAMA AVENUE SE                                                                                              32ND STREET                                               SE                                                                                                                                -                                          5/2/2017
                               CARS
                               NB                                                                                         EB                                                                                        SB                                                                                         WB
        Start                    Left           Thru               Right               Ped                 NB              Left           Thru               Right               Ped                 EB              Left            Thru              Right                Ped                 SB               Left             Thru               Right                Ped                WB                 Interval
       Time                                                                                            Total                                                                                     Total                                                                                       Total                                                                                        Total                     Total
 7:00             AM                 8                8                  0                  1               16                 0             78                    1                  1               79                 0                1                   1                 2                  2                 0              160                    2                  0             162                       259
 7:15             AM               18                 9                  2                  0               29                 1             97                    0                  0               98                 0                0                   4                 2                  4                 1              205                    1                  0             207                       338
 7:30             AM               11              10                    4                  4               25                 1           125                     2                  0            128                   0                1                   5                 2                  6                 0              220                    0                  0             220                       379
 7:45             AM               16              12                    1                  2               29                 5           126                     1                  0            132                   1                0                   6                 5                  7                 2              223                    3                  0             228                       396
 8:00             AM               17                 4                  2                  2               23                 2            119                    2                  1            123                   1                0                   8                 1                  9                 2              199                    1                  1             202                       357
 8:15             AM               14                 4                  1                  1               19                 1           122                     1                  0            124                   1                0                   2                 6                  3                 1              231                    0                  0             232                       378
 8:30             AM               14                 3                  2                  0               19                 7           169                     2                  0            178                   0                1                   9                 3                10                  2              245                    1                  0             248                       455
 8:45             AM                 3                3                  0                  1                 6                1           107                     2                  0            110                   0                2                   1                 1                  3                 1              118                    0                  0              119                      238
 9:00             AM                 2                1                  1                  1                 4                0           121                     1                  1            122                   1                0                   0                 2                  1                 0              166                    0                  0             166                       293
 9:15             AM               11                 5                  1                  1               17                 0            119                    2                  0            121                   1                2                   1                 1                  4                 1              106                    1                  0             108                       250
 9:30             AM                 4                5                  0                  0                 9                2             92                    1                  0               95                 1                1                   0                 3                  2                 0              109                    0                  0             109                       215
 9:45             AM                 2                1                  0                  2                 3                3             93                    3                  0               99                 1                0                   1                 1                  2                 0              115                    0                  0              115                      219
 4:00             PM                 4                1                  4                  0                 9                5           163                     9                  0            177                   3                6                   4                 3                13                  4              111                    2                  0              117                      316
 4:15             PM                 4                1                  0                  0                 5                2           179                     4                  0            185                   1                8                   9                 2                18                  0              116                    2                  0              118                      326
 4:30             PM                 3                3                  1                  0                 7                7            118                   11                  1            136                   1                6                 14                  0                21                  2              129                    1                  0             132                       296
 4:45             PM                 3                0                  1                  0                 4                4           143                     6                  0            153                   1                1                   9                 2                11                  1              126                    1                  4             128                       296
 5:00             PM                 5                2                  0                  0                 7                2           152                     9                  1            163                   0                6                   8                 0                14                  0              116                    1                  0              117                      301
 5:15             PM                 4                0                  0                  0                 4                6           134                   13                   0            153                   0                5                   9                 2                14                  2              147                    0                  0             149                       320
 5:30             PM                 3                1                  1                  2                 5               11           132                   14                   0            157                   0                4                 10                  1                14                  1              105                    0                  0             106                       282
 5:45             PM                 1                1                  1                  2                 3              10            141                   12                   0            163                   1                1                 11                  2                13                  1              113                    2                  0              116                      295
 6:00             PM                 3                3                  0                  0                 6                9           122                    11                  0            142                   0                2                   6                 2                  8                 0              115                    1                  0              116                      272
 6:15             PM                 0                0                  1                  0                 1                1           165                     7                  0            173                   2                5                   6                 4                13                  4              109                    1                  0              114                      301
 6:30             PM                 5                2                  2                  1                 9                1           131                     2                  1            134                   2                6                   5                 0                13                  4              124                    0                  0             128                       284
 6:45             PM                 1                1                  1                  1                 3                3           137                     8                  0            148                   2                4                   4                 2                10                  0              101                    1                  0             102                       263
       Total                     156               80                  26                 21             262                 84          3085                  124                    6          3293                  20               62               133                  49               215                 29            3509                    21                   5           3559                      7329
     App            %          59.5              30.5                 9.9               8.0                                 2.6            93.7                 3.8               0.2                                 9.3            28.8                61.9              22.8                                   0.8             98.6                  0.6                0.1
   Total              %          2.1               1.1                0.4               0.3               3.6               1.1            42.1                 1.7               0.1             44.9                0.3              0.8                 1.8                0.7               2.9               0.4             47.9                  0.3                0.1              48.6
   INT            ID                                                  ROAD 1                                                                                               ROAD 2                                                         ROAD 3                                  ROAD 4                                    COMMUNITY                                                       TMC DATE
      269                                ALABAMA AVENUE SE                                                                                              32ND STREET                                               SE                                                                                                                                -                                          5/2/2017
                             TRUCKS
                             NB                                                                                              EB                                                                                   SB                                                                                                 WB
       Start                  Left          Thru             Right                    Ped                     NB             Left           Thru             Right               Ped               EB              Left          Thru              Right                     Ped                      SB               Left            Thru              Right               Ped                WB               Interval
     Time                                                                                                  Total                                                                                Total                                                                                             Total                                                                                      Total                   Total
7:00             AM               0               0                 0                      1                     0                0              1                 0                 1                1                0               0                   0                      2                      0                 1                7                   0                 0                8                        9
7:15             AM               0               0                 0                      0                     0                0              2                 0                 0                2                0               0                   0                      2                      0                 0                3                   0                 0                3                        5
7:30             AM               0               0                 0                      4                     0                0              4                 0                 0                4                0               0                   0                      2                      0                 0                4                   0                 0                4                        8
7:45             AM               0               0                 0                      2                     0                0              1                 0                 0                1                0               0                   0                      5                      0                 0                6                   0                 0                6                        7
8:00             AM               0               0                 0                      2                     0                0              1                 0                 1                1                0               0                   0                      1                      0                 0                5                   0                 1                5                        6
8:15             AM               0               0                 0                      1                     0                0              4                 0                 0                4                0               0                   0                      6                      0                 0                6                   0                 0                6                      10
8:30             AM               0               0                 1                      0                     1                0              2                 0                 0                2                0               0                   0                      3                      0                 0                5                   0                 0                5                        8
8:45             AM               0               0                 0                      1                     0                0              1                 0                 0                1                0               0                   0                      1                      0                 0                7                   0                 0                7                        8
9:00             AM               0               0                 0                      1                     0                0              1                 0                 1                1                0               0                   0                      2                      0                 0                5                   0                 0                5                        6
9:15             AM               0               0                 0                      1                     0                0              5                 0                 0                5                0               0                   0                      1                      0                 0                7                   0                 0                7                      12
9:30             AM               0               0                 0                      0                     0                0              2                 0                 0                2                0               0                   0                      3                      0                 0                2                   0                 0                2                        4
9:45             AM               0               0                 0                      2                     0                0              4                 0                 0                4                0               0                   0                      1                      0                 0                3                   0                 0                3                        7
4:00             PM               0               0                 0                      0                     0                0              4                 0                 0                4                0               0                   1                      3                      1                 0                4                   0                 0                4                        9
4:15             PM               0               0                 0                      0                     0                0              3                 1                 0                4                0               0                   0                      2                      0                 0                1                   0                 0                1                        5
4:30             PM               0               0                 0                      0                     0                0              2                 0                 1                2                0               0                   0                      0                      0                 0                0                   0                 0                0                        2
4:45             PM               0               0                 0                      0                     0                0              4                 0                 0                4                0               0                   0                      2                      0                 0                2                   0                 4                2                        6
5:00             PM               0               0                 0                      0                     0                0              3                 0                 1                3                0               0                   0                      0                      0                 0                2                   0                 0                2                        5
5:15             PM               0               0                 0                      0                     0                0              2                 0                 0                2                0               0                   0                      2                      0                 0                2                   0                 0                2                        4
5:30             PM               0               0                 0                      2                     0                0              2                 0                 0                2                0               0                   0                      1                      0                 0                1                   0                 0                1                        3
5:45             PM               0               0                 0                      2                     0                0              0                 0                 0                0                0               0                   0                      2                      0                 0                0                   0                 0                0                        0
6:00             PM               0               0                 0                      0                     0                0              1                 0                 0                1                0               0                   0                      2                      0                 0                1                   0                 0                1                        2
6:15             PM               0               0                 0                      0                     0                0              3                 0                 0                3                0               0                   0                      4                      0                 0                2                   0                 0                2                        5
6:30             PM               0               0                 0                      1                     0                0              2                 0                 1                2                0               0                   0                      0                      0                 0                1                   0                 0                1                        3
6:45             PM               0               0                 0                      1                     0                0              1                 0                 0                1                0               0                   0                      2                      0                 0                1                   0                 0                1                        2
      Total                       0               0                 1                    21                      1                0            55                  1                 6              56                 0               0                   1                   49                        1                 1              77                    0                 5              78                    136
   App             %          0.0             0.0           100.02,100.0                                                      0.0           98.2                 1.8            10.7                                0.0             0.0            100.04,900.0                                                         1.3            98.7                 0.0               6.4
  Total              %        0.0             0.0                0.7                 15.4                    0.7              0.0           40.4                 0.7              4.4            41.2               0.0             0.0                0.7                   36.0                     0.7               0.7            56.6                 0.0               3.7             57.4
   INT            ID                                                  ROAD 1                                                                                               ROAD 2                                                         ROAD 3                                  ROAD 4                                    COMMUNITY                                                       TMC DATE
      269                                ALABAMA AVENUE SE                                                                                              32ND STREET                                               SE                                                                                                                                -                                          5/2/2017
