                                                                               Turning                                      Movement                                                     Count                                Report                                   -      Cars                         &           Trucks
    INT            ID                                      ROAD 1                                                                                           ROAD 2                                                                  ROAD 3                                   ROAD 4                                      COMMUNITY                                                          TMC DATE
       273                               13TH STREET                                              NE                                GIRARD STREET                                                      NE                                                                                                                                        -                                           5/16/2017
                               CARS
                               NB                                                                                        EB                                                                                         SB                                                                                         WB
        Start                   Left           Thru               Right               Ped                 NB              Left            Thru               Right               Ped                 EB              Left            Thru              Right                Ped                 SB               Left              Thru              Right                Ped                WB                 Interval
       Time                                                                                            Total                                                                                     Total                                                                                       Total                                                                                         Total                    Total
 7:00             AM                0              30                   0                  0               30                 0                 0                  2                  1                 2                0              53                    0                 0                53                   5               19                    1                 3                25                      110
 7:15             AM                2              36                   3                  0               41                 0                 2                  1                  0                 3                0              54                    1                 0                55                   4               25                    0                 0                29                      128
 7:30             AM                2              43                   0                  0               45                 0                 0                  1                  0                 1                0              63                    2                 0                65                   4               32                    1                 0                37                      148
 7:45             AM                2              42                   3                  0               47                 1                 2                  1                  2                 4                2              79                    1                 2                82                 11                40                    3                 0                54                      187
 8:00             AM                1              52                   1                  0               54                 0                 2                  1                  0                 3                0              73                    1                 2                74                   8               36                    2                 0                46                      177
 8:15             AM                4              56                   0                  0               60                 0                 3                  1                  2                 4                3              66                    3                 0                72                   9               32                    0                 4                41                      177
 8:30             AM                1              45                   0                  1               46                 0                 3                  1                  0                 4                0              79                    0                 0                79                   1               23                    3                 1                27                      156
 8:45             AM                5              57                   0                  0               62                 0                 4                  0                  4                 4                2              69                    0                 3                71                   5               10                    0                 0                15                      152
 9:00             AM                1              53                   0                  0               54                 0                 2                  0                  2                 2                0              57                    0                 0                57                   0               20                    2                 1                22                      135
 9:15             AM                4              50                   0                  0               54                 0                 1                  1                  1                 2                0              37                    0                 2                37                   2               15                    0                 0                17                      110
 9:30             AM                4              44                   1                  2               49                 0                 3                  1                  0                 4                0              46                    2                 0                48                   3               33                    2                 1                38                      139
 9:45             AM                3              39                   0                  1               42                 0                 2                  0                  0                 2                1              50                    1                 0                52                   7               31                    1                 0                39                      135
 4:00             PM                1              80                   3                  0               84                 1              10                    4                  2               15                 1              71                    1                 0                73                   0                 5                   0                 0                  5                     177
 4:15             PM                1              90                   4                  0               95                 2              10                    2                  1               14                 3              56                    0                 1                59                   1                 5                   0                 0                  6                     174
 4:30             PM                0              91                   2                  0               93                 0                 9                  1                  0               10                 0              55                    1                 3                56                   0                 3                   0                 0                  3                     162
 4:45             PM                0              79                   1                  0               80                 0                 8                  3                  0               11                 2              50                    0                 0                52                   4                 0                   2                 0                  6                     149
 5:00             PM                0              75                   1                  0               76                 1              21                    1                  1               23                 3              53                    3                 3                59                   2                 4                   0                 0                  6                     164
 5:15             PM                2              94                   0                  0               96                 0              10                    4                  0               14                 1              64                    0                 0                65                   2                 5                   4                 3                11                      186
 5:30             PM                1              91                   0                  0               92                 1                 9                  5                  2               15                 2              50                    1                 0                53                   0                 4                   0                 0                  4                     164
 5:45             PM                1              89                   1                  0               91                 0                 5                  4                  4                 9                1              67                    1                 0                69                   3                 2                   0                 0                  5                     174
 6:00             PM                1              66                   6                  1               73                 0                 7                  1                  0                 8                2              56                    0                 1                58                   1                 5                   2                 0                  8                     147
 6:15             PM                3              81                   3                  1               87                 1                 8                  0                  3                 9                1              56                    1                 0                58                   0                 3                   2                 1                  5                     159
 6:30             PM                2              76                   1                  0               79                 2                 4                  3                  1                 9                2              49                    0                 0                51                   0                 2                   0                 2                  2                     141
 6:45             PM                2              50                   3                  0               55                 2                 7                  2                  0               11                 3              41                    1                 0                45                   0                 4                   0                 0                  4                     115
       Total                      43          1509                    33                   6           1585                  11            132                   40                 26             183                 29           1394                    20                17            1443                   72               358                   25                16               455                    3666
     App            %            2.7            95.2                 2.1               0.4                                 6.0            72.1                21.9              14.2                                  2.0            96.6                  1.4               1.2                                 15.8              78.7                  5.5               3.5
   Total              %          1.2            41.2                 0.9               0.2             43.2                0.3              3.6                 1.1               0.7               5.0               0.8            38.0                  0.5               0.5             39.4                  2.0               9.8                 0.7               0.4              12.4
    INT            ID                                      ROAD 1                                                                                           ROAD 2                                                                  ROAD 3                                   ROAD 4                                      COMMUNITY                                                          TMC DATE
       273                               13TH STREET                                              NE                                GIRARD STREET                                                      NE                                                                                                                                        -                                           5/16/2017
                              TRUCKS
                              NB                                                                                      EB                                                                                           SB                                                                                       WB
       Start                  Left           Thru              Right                Ped                NB              Left           Thru              Right                 Ped                   EB              Left           Thru              Right               Ped                 SB               Left             Thru                Right                  Ped                   WB               Interval
      Time                                                                                         Total                                                                                        Total                                                                                    Total                                                                                               Total                    Total
7:00             AM                1               4                   0                 0                5                0                0                  0                   1                   0                0                1                  1                 0                2                  0                  0                    0                    3                    0                       7
7:15             AM                0               4                   0                 0                4                0                0                  0                   0                   0                0                2                  0                 0                2                  0                  1                    0                    0                    1                       7
7:30             AM                0               1                   0                 0                1                0                0                  0                   0                   0                0                3                  0                 0                3                  0                  0                    0                    0                    0                       4
7:45             AM                0               4                   0                 0                4                0                0                  0                   2                   0                0                2                  0                 2                2                  0                  0                    0                    0                    0                       6
8:00             AM                0               1                   0                 0                1                0                0                  0                   0                   0                0                1                  0                 2                1                  0                  1                    0                    0                    1                       3
8:15             AM                0               1                   0                 0                1                0                0                  0                   2                   0                0                2                  0                 0                2                  0                  0                    0                    4                    0                       3
8:30             AM                0               1                   0                 1                1                0                0                  0                   0                   0                0                3                  0                 0                3                  0                  0                    0                    1                    0                       4
8:45             AM                0               1                   0                 0                1                0                0                  0                   4                   0                0                4                  0                 3                4                  0                  1                    0                    0                    1                       6
9:00             AM                0               1                   0                 0                1                0                1                  0                   2                   1                0                4                  0                 0                4                  0                  0                    0                    1                    0                       6
9:15             AM                0               0                   0                 0                0                0                0                  0                   1                   0                0                2                  0                 2                2                  0                  1                    0                    0                    1                       3
9:30             AM                0               0                   0                 2                0                0                0                  0                   0                   0                0                1                  0                 0                1                  0                  0                    0                    1                    0                       1
9:45             AM                0               0                   0                 1                0                0                0                  0                   0                   0                0                0                  0                 0                0                  0                  1                    0                    0                    1                       1
4:00             PM                0               0                   0                 0                0                0                0                  0                   2                   0                0                1                  0                 0                1                  0                  0                    0                    0                    0                       1
4:15             PM                0               0                   0                 0                0                0                0                  0                   1                   0                0                3                  0                 1                3                  0                  0                    0                    0                    0                       3
4:30             PM                0               1                   0                 0                1                0                0                  0                   0                   0                0                2                  0                 3                2                  0                  0                    0                    0                    0                       3
4:45             PM                0               1                   0                 0                1                0                0                  1                   0                   1                0                2                  0                 0                2                  0                  0                    0                    0                    0                       4
5:00             PM                0               0                   0                 0                0                0                0                  0                   1                   0                0                1                  0                 3                1                  0                  0                    0                    0                    0                       1
5:15             PM                0               0                   0                 0                0                0                0                  0                   0                   0                0                0                  0                 0                0                  0                  0                    0                    3                    0                       0
5:30             PM                0               0                   0                 0                0                0                0                  0                   2                   0                0                1                  0                 0                1                  0                  0                    0                    0                    0                       1
5:45             PM                0               1                   0                 0                1                0                1                  0                   4                   1                0                0                  0                 0                0                  0                  0                    0                    0                    0                       2
6:00             PM                0               1                   0                 1                1                0                1                  0                   0                   1                0                0                  0                 1                0                  0                  1                    0                    0                    1                       3
6:15             PM                0               0                   0                 1                0                0                0                  0                   3                   0                0                2                  0                 0                2                  0                  0                    0                    1                    0                       2
6:30             PM                0               0                   0                 0                0                0                0                  0                   1                   0                0                2                  0                 0                2                  0                  0                    0                    2                    0                       2
6:45             PM                0               0                   0                 0                0                0                0                  0                   0                   0                0                1                  0                 0                1                  0                  0                    0                    0                    0                       1
      Total                        1             22                    0                 6              23                 0                3                  1                 26                    4                0             40                    1               17               41                   0                  6                    0                  16                     6                     74
    App            %            4.3           95.7                 0.0             26.1                                 0.0            75.0              25.0              650.0                                     0.0            97.6                2.4             41.5                                   0.0            100.0                    0.0             266.7
  Total              %          1.4           29.7                 0.0               8.1             31.1               0.0              4.1                1.4               35.1                  5.4              0.0            54.1                1.4             23.0              55.4                 0.0                8.1                  0.0                21.6                  8.1
    INT            ID                                      ROAD 1                                                                                           ROAD 2                                                                  ROAD 3                                   ROAD 4                                      COMMUNITY                                                          TMC DATE
       273                               13TH STREET                                              NE                                GIRARD STREET                                                      NE                                                                                                                                        -                                           5/16/2017
