                                                                               Turning                                      Movement                                                     Count                                Report                                   -      Cars                         &           Trucks
   INT            ID                                      ROAD 1                                                                                             ROAD 2                                                                     ROAD 3                                  ROAD 4                                     COMMUNITY                                                        TMC DATE
       274                             NEAL                    STREET                            NE                               STAPLES                                 STREET                            NE                                                                                                                                     -                                           5/3/2017
                              CARS
                              NB                                                                                            EB                                                                                       SB                                                                                           WB
        Start                   Left           Thru              Right                  Ped                  NB              Left           Thru              Right               Ped                 EB              Left           Thru              Right                  Ped                  SB               Left            Thru               Right               Ped                 WB                Interval
      Time                                                                                                Total                                                                                   Total                                                                                         Total                                                                                       Total                   Total
 7:00             AM                1                2                  1                   1                   4                1                6                  0                 1                7                 1                3                  1                    6                  5                 0              10                    0                  9               10                       26
 7:15             AM                0                1                  2                   5                   3                1              11                   3                 1              15                  0                0                  1                    2                  1                 1                6                   0                  0                 7                      26
 7:30             AM                1                1                  2                   4                   4                0              11                   1                 1              12                  0                2                  0                    4                  2                 1              24                    2                  2               27                       45
 7:45             AM                1                2                  2                   7                   5                0              11                   1                 1              12                  2                0                  1                    9                  3                 2              28                    0                  1               30                       50
 8:00             AM                1                3                  2                 13                    6                2              12                   0                 7              14                  0                6                  2                 17                    8                 3              34                    0                  6               37                       65
 8:15             AM                4                1                  2                 10                    7                0              19                   3                 0              22                  1                4                  1                    8                  6                 2              17                    0                  0               19                       54
 8:30             AM                1                2                  1                   5                   4                0              20                   1                 0              21                  1                3                  0                    1                  4                 0               11                   1                  1               12                       41
 8:45             AM                2                0                  2                   6                   4                1              14                   0                 4              15                  0                2                  0                    8                  2                 1              23                    0                  3               24                       45
 9:00             AM                0                1                  0                   8                   1                0              12                   1                 5              13                  0                3                  0                    4                  3                 5              17                    0                  0               22                       39
 9:15             AM                0                2                  2                   4                   4                0              15                   1                 2              16                  0                5                  0                    3                  5                 1              14                    1                  2               16                       41
 9:30             AM                2                1                  5                   3                   8                1              10                   0                 0               11                 0                1                  0                    1                  1                 1                9                   0                  0               10                       30
 9:45             AM                0                1                  2                   4                   3                1              10                   1                 0              12                  1                3                  1                    5                  5                 1              15                    0                  0               16                       36
 4:00             PM                0                4                  4                   4                   8                1              28                   3                 1              32                  2                0                  0                    6                  2                 2              14                    1                  0               17                       59
 4:15             PM                1                2                  4                   4                   7                1              26                   2                 2              29                  2                2                  2                    6                  6                 2              10                    0                  3               12                       54
 4:30             PM                1                1                  2                   8                   4                1              38                   0                 1              39                  2                2                  0                    7                  4                 2              13                    1                  4               16                       63
 4:45             PM                2                4                  4                   7                 10                 2              26                   0                 1              28                  0                4                  0                    1                  4                 1              15                    1                  4               17                       59
 5:00             PM                1                6                  3                   5                 10                 1              26                   1                 1              28                  1                5                  2                    2                  8                 3              14                    0                  1               17                       63
 5:15             PM                0                1                  4                   7                   5                1              32                   1                 2              34                  0                0                  1                    8                  1                 1              25                    0                  8               26                       66
 5:30             PM                0                2                  8                   5                 10                 1              40                   2                 4              43                  0                1                  0                    8                  1                 4               11                   0                  2               15                       69
 5:45             PM                1                3                  5                   7                   9                0              36                   0                 2              36                  2                2                  1                    3                  5                 3              12                    0                  0               15                       65
 6:00             PM                1                6                  2                   8                   9                2              24                   1                 1              27                  0                2                  0                    4                  2                 0                6                   2                  1                 8                      46
 6:15             PM                1                1                  4                   5                   6                1              27                   1                 2              29                  3                1                  0                    3                  4                 3              13                    0                  5               16                       55
 6:30             PM                1                0                  1                   6                   2                0              19                   1                 2              20                  0                1                  1                    7                  2                 3              22                    0                  1               25                       49
 6:45             PM                0                1                  1                   8                   2                2              17                   2                 1              21                  3                1                  0                    4                  4                 1              16                    3                  3               20                       47
       Total                      22               48                 65                144                 135                20            490                   26                42             536                 21               53                 14                127                   88                43             379                   12                56               434                    1193
    App             %          16.3             35.6               48.1              106.7                                    3.7            91.4                 4.9               7.8                              23.9             60.2               15.9              144.3                                     9.9            87.3                  2.8              12.9
   Total              %          1.8              4.0                5.4               12.1                11.3               1.7            41.1                 2.2               3.5            44.9                1.8              4.4                1.2               10.6                  7.4               3.6            31.8                  1.0                4.7             36.4
   INT            ID                                      ROAD 1                                                                                             ROAD 2                                                                     ROAD 3                                  ROAD 4                                     COMMUNITY                                                        TMC DATE
       274                             NEAL                    STREET                            NE                               STAPLES                                 STREET                            NE                                                                                                                                     -                                           5/3/2017
                            TRUCKS
                            NB                                                                                              EB                                                                                        SB                                                                                              WB
      Start                  Left          Thru              Right                   Ped                      NB             Left           Thru             Right                 Ped                  EB             Left           Thru             Right                    Ped                     SB              Left            Thru             Right                 Ped                 WB              Interval
     Time                                                                                                 Total                                                                                     Total                                                                                           Total                                                                                       Total                 Total
7:00             AM              0               0                 0                      1                     0                1               1                 0                   1                  2                0               0                 0                      6                      0                1                3                 0                   9                  4                      6
7:15             AM              0               0                 0                      5                     0                0               0                 0                   1                  0                0               0                 0                      2                      0                0                0                 1                   0                  1                      1
7:30             AM              0               0                 0                      4                     0                0               1                 0                   1                  1                1               0                 0                      4                      1                0                1                 0                   2                  1                      3
7:45             AM              0               0                 0                      7                     0                0               0                 0                   1                  0                0               0                 0                      9                      0                2                2                 0                   1                  4                      4
8:00             AM              0               0                 0                    13                      0                0               1                 0                   7                  1                0               0                 1                    17                       1                0                0                 0                   6                  0                      2
8:15             AM              0               0                 0                    10                      0                0               0                 0                   0                  0                0               0                 0                      8                      0                0                0                 0                   0                  0                      0
8:30             AM              0               0                 0                      5                     0                0               0                 0                   0                  0                0               0                 2                      1                      2                0                0                 1                   1                  1                      3
8:45             AM              0               0                 0                      6                     0                0               0                 0                   4                  0                0               0                 1                      8                      1                0                0                 0                   3                  0                      1
9:00             AM              0               0                 0                      8                     0                1               1                 0                   5                  2                0               0                 0                      4                      0                1                0                 0                   0                  1                      3
9:15             AM              0               0                 0                      4                     0                0               0                 0                   2                  0                0               0                 0                      3                      0                0                0                 0                   2                  0                      0
9:30             AM              0               0                 0                      3                     0                0               0                 0                   0                  0                0               1                 0                      1                      1                0                0                 0                   0                  0                      1
9:45             AM              0               0                 0                      4                     0                0               0                 0                   0                  0                0               0                 0                      5                      0                0                1                 0                   0                  1                      1
      4:00                       0               0                 0                      4                     0                0               1                 0                   1                  1                0               0                 0                      6                      0                0                0                 0                   0                  0                      1
        PM
      4:15                       0               0                 0                      4                     0                0               3                 0                   2                  3                0               0                 1                      6                      1                0                0                 0                   3                  0                      4
        PM
      4:30                       0               0                 0                      8                     0                1               0                 0                   1                  1                0               0                 0                      7                      0                0                0                 0                   4                  0                      1
        PM
      4:45                       0               1                 1                      7                     2                0               0                 0                   1                  0                0               0                 1                      1                      1                0                1                 0                   4                  1                      4
        PM
      5:00                       0               0                 0                      5                     0                0               1                 0                   1                  1                0               0                 0                      2                      0                0                0                 0                   1                  0                      1
        PM
      5:15                       0               0                 1                      7                     1                0               0                 0                   2                  0                0               0                 0                      8                      0                0                0                 0                   8                  0                      1
        PM
      5:30                       0               0                 0                      5                     0                0               0                 0                   4                  0                0               0                 0                      8                      0                0                0                 0                   2                  0                      0
        PM
      5:45                       0               0                 0                      7                     0                0               0                 0                   2                  0                0               0                 0                      3                      0                0                0                 0                   0                  0                      0
        PM
      6:00                       0               0                 0                      8                     0                0               0                 0                   1                  0                0               0                 0                      4                      0                0                0                 0                   1                  0                      0
        PM
      6:15                       0               0                 0                      5                     0                0               0                 0                   2                  0                0               0                 0                      3                      0                0                0                 0                   5                  0                      0
        PM
      6:30                       0               0                 0                      6                     0                0               0                 0                   2                  0                0               0                 0                      7                      0                0                0                 0                   1                  0                      0
        PM
      6:45                       0               0                 0                      8                     0                0               0                 0                   1                  0                0               0                 0                      4                      0                0                0                 0                   3                  0                      0
        PM
     Total                       0               1                 2                  144                       3                3               9                 0                 42                 12                 1               1                 6                  127                        8                4                8                 2                 56                 14                    37
   App             %          0.0          33.3               66.7             4,800.0                                      25.075.0                             0.0            350.0                                 12.512.5                          75.0              1,587.5                                      28.6             57.1              14.3              400.0
 Total              %         0.0            2.7                5.4               389.2                      8.1              8.1           24.3                 0.0            113.5                32.4               2.7             2.7             16.2                 343.2                   21.6              10.8             21.6                5.4             151.4               37.8
   INT            ID                                      ROAD 1                                                                                             ROAD 2                                                                     ROAD 3                                  ROAD 4                                     COMMUNITY                                                        TMC DATE
       274                             NEAL                    STREET                            NE                               STAPLES                                 STREET                            NE                                                                                                                                     -                                           5/3/2017
