                                                                               Turning                                      Movement                                                     Count                                Report                                   -      Cars                         &           Trucks
     INT            ID                                            ROAD 1                                                                               ROAD 2                                                    ROAD 3                                       ROAD 4                                            COMMUNITY                                                                TMC DATE
        275                                     19TH STREET                                              NE                                   I   STREET                            NE                                                                                                                                                  -                                                 5/16/2017
                               CARS
                               NB                                                                                        EB                                                                                         SB                                                                                         WB
        Start                   Left           Thru               Right               Ped                 NB               Left           Thru               Right               Ped                 EB              Left           Thru               Right                Ped                 SB               Left             Thru               Right                Ped                WB                 Interval
       Time                                                                                            Total                                                                                     Total                                                                                      Total                                                                                         Total                     Total
 7:00             AM                7              53                   2                  2               62                  2                6                  0                  1                 8                0                0                  0                  5                  0                 0                  7                  7                  2                14                        84
 7:15             AM                3              95                   6                  1             104                   1                8                  0                  0                 9                0                0                  0                  1                  0                 0                11                   2                  8                13                     126
 7:30             AM                3              72                   4                  5               79                  0                6                  0                  1                 6                0                0                  0                  3                  0                 0                  8                  9                  4                17                     102
 7:45             AM                4              47                   5                  4               56                  1                5                  0                  1                 6                0                0                  0                  1                  0                 0                  8                  1                  4                  9                       71
 8:00             AM                2              57                   1                  4               60                  2              11                   0                  0               13                 0                0                  0                  3                  0                 0                18                   9                  1                27                     100
 8:15             AM                7              77                   3                  0               87                  5             16                    0                  0               21                 0                0                  0                  1                  0                 0                16                 10                   3                26                     134
 8:30             AM                9              69                   5                  5               83                  6                8                  0                  1               14                 0                0                  0                  4                  0                 0                11                   3                  1                14                      111
 8:45             AM                3              55                   0                  1               58                  2             13                    0                  1               15                 0                0                  0                  0                  0                 0                  9                  5                  0                14                        87
 9:00             AM                7              54                   1                  4               62                  4             16                    0                  1               20                 0                0                  0                  1                  0                 0                  9                  1                  1                10                        92
 9:15             AM                3              34                   4                  2               41                  1                9                  0                  2               10                 0                0                  0                  3                  0                 0                  6                  3                  1                  9                       60
 9:30             AM                2              52                   4                  5               58                  2                3                  0                  3                 5                0                0                  0                  1                  0                 0                  2                  6                  1                  8                       71
 9:45             AM                1              35                   3                  2               39                  1                8                  0                  0                 9                0                0                  0                  0                  0                 0                  6                  3                  0                  9                       57
 4:00             PM                8              56                   9                11                73                  7             27                    0                  0               34                 0                0                  0                  5                  0                 0                  6                  3                  5                  9                    116
 4:15             PM                4              37                   7                  3               48                  0             16                    0                  1               16                 0                0                  0                  1                  0                 0                  7                  3                 11                10                        74
 4:30             PM                3              60                   6                  6               69                  4             35                    0                  2               39                 0                0                  0                  3                  0                 0                  4                  0                  3                  4                    112
 4:45             PM                4              46                   8                11                58                  4             26                    0                  1               30                 0                0                  0                  9                  0                 0                11                   6                  2                17                     105
 5:00             PM                3              60                   5                  7               68                  3             16                    0                  1               19                 0                0                  0                  1                  0                 0                  7                  5                  5                12                        99
 5:15             PM                6              42                   9                  4               57                  2             23                    0                  0               25                 0                0                  0                  6                  0                 0                10                   3                  3                13                        95
 5:30             PM                4              46                   4                  7               54                  9             20                    0                  0               29                 0                0                  0                  5                  0                 0                  8                  3                  0                11                        94
 5:45             PM                6              38                  11                  7               55                  9             21                    0                  2               30                 0                0                  0                  3                  0                 0                  5                  5                  8                10                        95
 6:00             PM                3              30                   8                  2               41                  1             15                    0                  2               16                 0                0                  0                  4                  0                 0                  8                  4                  1                12                        69
 6:15             PM                2              39                   6                  4               47                  1             19                    0                  0               20                 0                0                  0                10                   0                 0                  5                  6                  1                11                        78
 6:30             PM                2              41                   8                  3               51                  3             18                    0                  1               21                 0                0                  0                  9                  0                 0                  5                  1                  1                  6                       78
 6:45             PM                5              37                   1                  5               43                  2             14                    0                  1               16                 0                0                  0                  6                  0                 0                  9                  3                  3                12                        71
       Total                    101           1232                  120                105             1453                  72            359                     0                22             431                   0                0                  0                85                   0                 0              196                101                  69              297                     2181
     App            %            7.0            84.8                 8.3               7.2                               16.7              83.3                 0.0               5.1                                 0.0             0.0                 0.0                0.0                                  0.0             66.0                34.0               23.2
   Total              %          4.6            56.5                 5.5               4.8             66.6                3.3             16.5                 0.0               1.0             19.8                0.0             0.0                 0.0                3.9               0.0                0.0               9.0                 4.6                3.2              13.6
     INT            ID                                            ROAD 1                                                                               ROAD 2                                                    ROAD 3                                       ROAD 4                                            COMMUNITY                                                                TMC DATE
        275                                     19TH STREET                                              NE                                   I   STREET                            NE                                                                                                                                                  -                                                 5/16/2017
                             TRUCKS
                             NB                                                                                       EB                                                                                       SB                                                                                         WB
       Start                  Left          Thru             Right                 Ped                  NB             Left          Thru              Right               Ped                  EB             Left           Thru             Right                 Ped                   SB               Left            Thru              Right                     Ped                     WB               Interval
     Time                                                                                           Total                                                                                    Total                                                                                     Total                                                                                                 Total                   Total
7:00             AM               0               2                 0                  2                   2               0               0                 0                  1                  0                0               0                 0                   5                   0                  0                0                  0                      2                      0                        2
7:15             AM               0               0                 1                  1                   1               0               0                 0                  0                  0                0               0                 0                   1                   0                  0                0                  1                      8                      1                        2
7:30             AM               1               0                 0                  5                   1               0               0                 0                  1                  0                0               0                 0                   3                   0                  0                0                  0                      4                      0                        1
7:45             AM               0               3                 1                  4                   4               0               0                 0                  1                  0                0               0                 0                   1                   0                  0                0                  0                      4                      0                        4
8:00             AM               0               0                 0                  4                   0               0               0                 0                  0                  0                0               0                 0                   3                   0                  0                0                  0                      1                      0                        0
8:15             AM               0               0                 0                  0                   0               0               0                 0                  0                  0                0               0                 0                   1                   0                  0                0                  0                      3                      0                        0
8:30             AM               0               2                 0                  5                   2               0               0                 0                  1                  0                0               0                 0                   4                   0                  0                0                  0                      1                      0                        2
8:45             AM               0               3                 0                  1                   3               0               0                 0                  1                  0                0               0                 0                   0                   0                  0                0                  0                      0                      0                        3
9:00             AM               0               0                 0                  4                   0               0               0                 0                  1                  0                0               0                 0                   1                   0                  0                0                  0                      1                      0                        0
9:15             AM               0               1                 0                  2                   1               0               0                 0                  2                  0                0               0                 0                   3                   0                  0                0                  0                      1                      0                        1
9:30             AM               0               2                 0                  5                   2               0               0                 0                  3                  0                0               0                 0                   1                   0                  0                0                  0                      1                      0                        2
9:45             AM               0               1                 0                  2                   1               0               0                 0                  0                  0                0               0                 0                   0                   0                  0                0                  0                      0                      0                        1
4:00             PM               0               0                 0                 11                   0               0               0                 0                  0                  0                0               0                 0                   5                   0                  0                0                  0                      5                      0                        0
4:15             PM               0               0                 0                  3                   0               0               0                 0                  1                  0                0               0                 0                   1                   0                  0                0                  0                     11                      0                        0
4:30             PM               0               0                 0                  6                   0               0               0                 0                  2                  0                0               0                 0                   3                   0                  0                0                  0                      3                      0                        0
4:45             PM               0               0                 0                 11                   0               0               0                 0                  1                  0                0               0                 0                   9                   0                  0                0                  0                      2                      0                        0
5:00             PM               0               0                 0                  7                   0               0               0                 0                  1                  0                0               0                 0                   1                   0                  0                0                  0                      5                      0                        0
5:15             PM               0               0                 0                  4                   0               0               0                 0                  0                  0                0               0                 0                   6                   0                  0                0                  0                      3                      0                        0
5:30             PM               0               0                 0                  7                   0               0               0                 0                  0                  0                0               0                 0                   5                   0                  0                0                  0                      0                      0                        0
5:45             PM               0               0                 0                  7                   0               0               0                 0                  2                  0                0               0                 0                   3                   0                  0                0                  0                      8                      0                        0
6:00             PM               0               0                 0                  2                   0               0               0                 0                  2                  0                0               0                 0                   4                   0                  0                0                  0                      1                      0                        0
6:15             PM               0               0                 0                  4                   0               0               0                 0                  0                  0                0               0                 0                 10                    0                  0                0                  0                      1                      0                        0
6:30             PM               0               0                 0                  3                   0               0               0                 0                  1                  0                0               0                 0                   9                   0                  0                0                  0                      1                      0                        0
6:45             PM               0               1                 0                  5                   1               0               0                 0                  1                  0                0               0                 0                   6                   0                  0                0                  0                      3                      0                        1
      Total                       1             15                  2              105                  18                 0               0                 0                22                   0                0               0                 0                 85                    0                  0                0                  1                    69                       1                      19
   App             %          5.6           83.3               11.1             583.3                                   0.0            0.0                0.0                0.0                                0.0             0.0                0.0                 0.0                                   0.0               0.0           100.06,900.0
  Total              %        5.3           78.9               10.5             552.6                94.7               0.0            0.0                0.0            115.8                  0.0             0.0             0.0                0.0            447.4                    0.0               0.0               0.0                5.3                363.2                       5.3
     INT            ID                                            ROAD 1                                                                               ROAD 2                                                    ROAD 3                                       ROAD 4                                            COMMUNITY                                                                TMC DATE
        275                                     19TH STREET                                              NE                                   I   STREET                            NE                                                                                                                                                  -                                                 5/16/2017
