                                                                               Turning                                      Movement                                                     Count                                Report                                   -      Cars                         &           Trucks
    INT            ID                                 ROAD 1                                                                                 ROAD 2                                                                   ROAD 3                                      ROAD 4                                          COMMUNITY                                                              TMC DATE
        277                                I   STREET                            NW                                      21ST                   STREET                            NW                                                                                                                                                      -                                               4/20/2017
                              CARS
                              NB                                                                                         EB                                                                                           SB                                                                                        WB
        Start                  Left           Thru              Right                 Ped                 NB              Left           Thru              Right                  Ped                  EB              Left           Thru               Right               Ped                 SB               Left             Thru               Right                Ped                WB                Interval
      Time                                                                                             Total                                                                                        Total                                                                                     Total                                                                                        Total                     Total
 7:00             AM                0               0                   0               25                   0                0                8                  6                 17                  14                 8              46                 16                   7               70                  0                  0                  0                12                   0                      84
 7:15             AM                0               0                   0               26                   0                0              11                   7                 15                  18                 3              48                 25                 12                76                  0                  0                  0                 11                  0                      94
 7:30             AM                0               0                   0               42                   0                0              14                 12                  27                  26                 8              62                 36                 15              106                   0                  0                  0                10                   0                    132
 7:45             AM                0               0                   0               47                   0                0              14                 11                  18                  25               10               60                 50                 16              120                   0                  0                  0                  8                  0                    145
 8:00             AM                0               0                   0               43                   0                0              25                 13                  11                  38               18               71                 26                 21              115                   0                  0                  0                13                   0                    153
 8:15             AM                0               0                   0               48                   0                0              16                   5                 27                  21                 8              89                 31                 29              128                   0                  0                  0                17                   0                    149
 8:30             AM                0               0                   0               44                   0                0              33                 10                  43                  43               16            100                   26                 15              142                   0                  0                  0                10                   0                    185
 8:45             AM                0               0                   0               76                   0                0              28                   4                 38                  32                11           103                   35                 20              149                   0                  0                  0                22                   0                    181
 9:00             AM                0               0                   0               56                   0                0              35                   9                 27                  44               13               90                 31                 14              134                   0                  0                  0                19                   0                    178
 9:15             AM                0               0                   0               55                   0                0              24                   4                 22                  28               12               99                 41                 12              152                   0                  0                  0                24                   0                    180
 9:30             AM                0               0                   0               56                   0                0              32                   5                 53                  37               13               89                 31                 10              133                   0                  0                  0                14                   0                    170
 9:45             AM                0               0                   0               57                   0                0              33                   4                 31                  37                 8              78                 24                 10              110                   0                  0                  0                12                   0                    147
 4:00             PM                0               0                   0             105                    0                0              32                 25                  53                  57               20            159                   33                 28              212                   0                  0                  0                27                   0                    269
 4:15             PM                0               0                   0               88                   0                0              22                 23                  48                  45               15            185                   27                 28              227                   0                  0                  0                38                   0                    272
 4:30             PM                0               0                   0             108                    0                0              20                 17                  69                  37               16            188                   27                 28              231                   0                  0                  0                71                   0                    268
 4:45             PM                0               0                   0              118                   0                0              19                 21                  70                  40               12            171                   23                 41              206                   0                  0                  0                97                   0                    246
 5:00             PM                0               0                   0             152                    0                0              21                 17                104                   38               12            206                   19                 64              237                   0                  0                  0                85                   0                    275
 5:15             PM                0               0                   0             167                    0                0              26                 17                  89                  43                 7           218                   34                 32              259                   0                  0                  0                72                   0                    302
 5:30             PM                0               0                   0             136                    0                0              31                 22                  98                  53                 7           204                   24                 44              235                   0                  0                  0                91                   0                    288
 5:45             PM                0               0                   0             131                    0                0              17                 17                106                   34                 3           199                   34                 41              236                   0                  0                  0                57                   0                    270
 6:00             PM                0               0                   0             160                    0                0              21                   9               101                   30               12            201                   29                 39              242                   0                  0                  0                64                   0                    272
 6:15             PM                0               0                   0              116                   0                0              19                 14                  51                  33               13            203                   26                 43              242                   0                  0                  0                44                   0                    275
 6:30             PM                0               0                   0              114                   0                0              24                 17                  42                  41                 3           179                   26                 52              208                   0                  0                  0                48                   0                    249
 6:45             PM                0               0                   0             126                    0                0              17                   6                 50                  23                 1           149                   26                 32              176                   0                  0                  0                36                   0                    199
       Total                        0               0                   0           2096                     0                0            542                295               1210                  837              249           3197                  700                653            4146                     0                  0                  0              902                    0                  4983
    App             %            0.0             0.0                0.0                0.0                                 0.0            64.8               35.2              144.6                                    6.0            77.1               16.9              15.8                                   0.0               0.0                 0.0                0.0
   Total              %          0.0             0.0                0.0              42.1                 0.0              0.0            10.9                 5.9               24.3                16.8               5.0            64.2               14.0              13.1              83.2                 0.0               0.0                 0.0              18.1                0.0
    INT            ID                                 ROAD 1                                                                                 ROAD 2                                                                   ROAD 3                                      ROAD 4                                          COMMUNITY                                                              TMC DATE
        277                                I   STREET                            NW                                      21ST                   STREET                            NW                                                                                                                                                      -                                               4/20/2017
                             TRUCKS
                             NB                                                                                              EB                                                                                             SB                                                                                        WB
       Start                  Left          Thru             Right                    Ped                     NB             Left           Thru             Right                    Ped                     EB             Left           Thru             Right                Ped                  SB              Left            Thru             Right                 Ped                 WB              Interval
     Time                                                                                                  Total                                                                                          Total                                                                                     Total                                                                                      Total                  Total
7:00             AM               0               0                 0                    25                      0                0              0                 1                    17                       1               0               7                 3                   7                10                 0                 0                 0                12                    0                   11
7:15             AM               0               0                 0                    26                      0                0              0                 0                    15                       0               0               6                 4                12                  10                 0                 0                 0                 11                   0                   10
7:30             AM               0               0                 0                    42                      0                0              2                 2                    27                       4               0               4                 6                15                  10                 0                 0                 0                10                    0                   14
7:45             AM               0               0                 0                    47                      0                0              1                 0                    18                       1               0               6                 2                16                    8                0                 0                 0                  8                   0                      9
8:00             AM               0               0                 0                    43                      0                0              0                 0                    11                       0               0               4                 4                21                    8                0                 0                 0                13                    0                      8
8:15             AM               0               0                 0                    48                      0                0              0                 1                    27                       1               0             14                  3                29                  17                 0                 0                 0                17                    0                   18
8:30             AM               0               0                 0                    44                      0                0              0                 0                    43                       0               1               3                 2                15                    6                0                 0                 0                10                    0                      6
8:45             AM               0               0                 0                    76                      0                0              1                 1                    38                       2               1               7                 7                20                  15                 0                 0                 0                22                    0                   17
9:00             AM               0               0                 0                    56                      0                0              0                 1                    27                       1               0               9                 3                14                  12                 0                 0                 0                19                    0                   13
9:15             AM               0               0                 0                    55                      0                0              1                 0                    22                       1               0               6                 4                12                  10                 0                 0                 0                24                    0                   11
9:30             AM               0               0                 0                    56                      0                0              0                 0                    53                       0               0               7                 3                10                  10                 0                 0                 0                14                    0                   10
9:45             AM               0               0                 0                    57                      0                0              2                 1                    31                       3               2               3                 0                10                    5                0                 0                 0                12                    0                      8
4:00             PM               0               0                 0                 105                        0                0              0                 0                    53                       0               0               1                 0                28                    1                0                 0                 0                27                    0                      1
4:15             PM               0               0                 0                    88                      0                0              0                 1                    48                       1               0               6                 1                28                    7                0                 0                 0                38                    0                      8
4:30             PM               0               0                 0                 108                        0                0              0                 0                    69                       0               0               2                 0                28                    2                0                 0                 0                71                    0                      2
4:45             PM               0               0                 0                 118                        0                0              0                 0                    70                       0               0               2                 0                41                    2                0                 0                 0                97                    0                      2
5:00             PM               0               0                 0                 152                        0                0              0                 0                  104                        0               0               3                 0                64                    3                0                 0                 0                85                    0                      3
5:15             PM               0               0                 0                 167                        0                0              2                 2                    89                       4               0               4                 0                32                    4                0                 0                 0                72                    0                      8
5:30             PM               0               0                 0                 136                        0                0              0                 0                    98                       0               0               0                 0                44                    0                0                 0                 0                91                    0                      0
5:45             PM               0               0                 0                 131                        0                0              0                 0                  106                        0               0               1                 0                41                    1                0                 0                 0                57                    0                      1
6:00             PM               0               0                 0                 160                        0                0              0                 1                  101                        1               0               6                 0                39                    6                0                 0                 0                64                    0                      7
6:15             PM               0               0                 0                 116                        0                0              2                 0                    51                       2               1               1                 1                43                    3                0                 0                 0                44                    0                      5
6:30             PM               0               0                 0                 114                        0                0              3                 1                    42                       4               0               4                 0                52                    4                0                 0                 0                48                    0                      8
6:45             PM               0               0                 0                 126                        0                0              0                 0                    50                       0               0               1                 1                32                    2                0                 0                 0                36                    0                      2
      Total                       0               0                 0               2096                         0                0            14                12                 1210                       26                5           107                 44               653                 156                  0                 0                 0              902                     0                 182
   App             %          0.0             0.0                0.0                   0.0                                    0.0           53.8              46.2              4,653.8                                       3.2          68.6               28.2             418.6                                    0.0              0.0                0.0                0.0
  Total              %        0.0             0.0                0.0            1,151.6                      0.0              0.0             7.7                6.6               664.8                   14.3               2.7          58.8               24.2             358.8                85.7                0.0              0.0                0.0            495.6                  0.0
    INT            ID                                 ROAD 1                                                                                 ROAD 2                                                                   ROAD 3                                      ROAD 4                                          COMMUNITY                                                              TMC DATE
        277                                I   STREET                            NW                                      21ST                   STREET                            NW                                                                                                                                                      -                                               4/20/2017
