                                                                               Turning                                      Movement                                                     Count                                Report                                   -      Cars                         &           Trucks
    INT            ID                                             ROAD 1                                                                                    ROAD 2                                                      ROAD 3                                     ROAD 4                                          COMMUNITY                                                             TMC DATE
          28                                  14TH STREET                                              NW                                      H STREET                                  NW                                                                                                                                                -                                              4/13/2015
                              CARS
                              NB                                                                                       EB                                                                                         SB                                                                                           WB
        Start                  Left           Thru              Right                Ped                NB              Left           Thru              Right                 Ped                 EB              Left           Thru              Right                 Ped                   SB               Left             Thru               Right                 Ped                 WB                Interval
      Time                                                                                          Total                                                                                      Total                                                                                        Total                                                                                            Total                   Total
 7:00             AM                0           183                     9              13              192                12            146                   27                 69              185                   6            110                    0                 32               116                    0                  0                  0                 44                    0                   493
 7:15             AM                0           174                  13                18              187                12             119                  26                 45              157                   2           135                     0                 49               137                    0                  0                  0                 53                    0                   481
 7:30             AM                0           212                     5              17              217                18            184                   27                 89              229                   7           124                     0                 28               131                    0                  0                  0                 65                    0                   577
 7:45             AM                0           192                  14                31              206                22            163                   30               104               215                   6           125                     0                 48               131                    0                  0                  0                 87                    0                   552
 8:00             AM                0           210                  26                40              236                27            146                   49               100               222                 10            126                     0                 83               136                    0                  0                  0                 92                    0                   594
 8:15             AM                0           188                  14                32              202                28            147                   42               151               217                 10            130                     0                 86               140                    0                  0                  0               113                     0                   559
 8:30             AM                0           242                  15                65              257                19            145                   31               215               195                   6           139                     0               126                145                    0                  0                  0               143                     0                   597
 8:45             AM                0           196                  18                56              214                35            168                   35               210               238                 10            125                     0               132                135                    0                  0                  0               138                     0                   587
 9:00             AM                0           237                  16                51              253                13            144                   37               234               194                 11            124                     0               174                135                    0                  0                  0               139                     0                   582
 9:15             AM                0           223                  24                49              247                30            144                   42               179               216                 15             110                    0                 93               125                    0                  0                  0               154                     0                   588
 4:00             PM                0             79                    4              27                83               15            166                   50               103               231                 12              92                    0                 40               104                    0                  0                  0                 95                    0                   418
 4:15             PM                0           193                     4              62              197                15            141                   35               109               191                 19            177                     0                 73               196                    0                  0                  0               134                     0                   584
 4:30             PM                0           152                     7              40              159                16            149                   23               112               188                 24            124                     0                 85               148                    0                  0                  0               103                     0                   495
 4:45             PM                0           179                  11                40              190                19            201                   30               143               250                 17            122                     0               122                139                    0                  0                  0               134                     0                   579
 5:00             PM                0           198                  15                64              213                23            188                   36               138               247                 22            136                     0               129                158                    0                  0                  0               117                     0                   618
 5:15             PM                0           181                  11                49              192                23            155                   15               188               193                 17              96                    0               103                113                    0                  0                  0               172                     0                   498
 5:30             PM                0           173                     9              72              182                19            197                   33               158               249                 14              70                    0               137                  84                   0                  0                  0               172                     0                   515
 5:45             PM                0           212                     8              63              220                12            154                   22               156               188                 12              68                    0               124                  80                   0                  0                  0               176                     0                   488
 6:00             PM                0           174                  20                62              194                12            146                   24               127               182                 12            100                     0                 95               112                    0                  0                  0               157                     0                   488
 6:15             PM                0           176                     8              45              184                20            131                   33               124               184                   9            110                    0                 90               119                    0                  0                  0               139                     0                   487
       Total                        0         3774                 251               896            4025                390           3134                  647             2754               4171                241           2343                      0             1849               2584                     0                  0                  0             2427                      0               10780
    App             %            0.0           93.8                 6.2             22.3                                 9.4            75.1              15.5                66.0                                  9.3           90.7                  0.0              71.6                                     0.0               0.0                 0.0                 0.0
   Total              %          0.0           35.0                 2.3               8.3             37.3               3.6            29.1                 6.0              25.5               38.7               2.2           21.7                  0.0              17.2                24.0                 0.0               0.0                 0.0               22.5                 0.0
    INT            ID                                             ROAD 1                                                                                    ROAD 2                                                      ROAD 3                                     ROAD 4                                          COMMUNITY                                                             TMC DATE
          28                                  14TH STREET                                              NW                                      H STREET                                  NW                                                                                                                                                -                                              4/13/2015
                                        TRUCKS
                                        NB                                                                                                                 EB                                                                                                                    SB
            Start                          Left                Thru                    Right                    Ped                      NB                   Left                 Thru                     Right                     Ped                      EB                   Left                Thru                    Right                     Ped                       SB                       Interval
           Time                                                                                                                      Total                                                                                                                 Total                                                                                                                Total                            Total
     7:00             AM                       0                    0                         0                      0                      0                      0                     0                        0                       0                       0                     0                     4                        0                       0                      4                                4
     7:15             AM                       0                    1                         0                      0                      1                      1                     2                        2                       0                       5                     0                     7                        0                       0                      7                              13
     7:30             AM                       0                    0                         0                      0                      0                      4                   13                         1                       0                     18                      2                     5                        0                       0                      7                              25
     7:45             AM                       0                    0                         0                      0                      0                      0                     8                        1                       0                       9                     0                     5                        0                       0                      5                              14
     8:00             AM                       0                    1                         0                      0                      1                      3                     8                        1                       0                     12                      0                     6                        0                       0                      6                              19
     8:15             AM                       0                    2                         0                      0                      2                      2                     7                        1                       0                     10                      0                     9                        0                       0                      9                              21
     8:30             AM                       0                    2                         0                      0                      2                      4                   14                         0                       0                     18                      1                  10                          0                       0                     11                              31
     8:45             AM                       0                    3                         0                      0                      3                      4                   10                         1                       0                     15                      2                  27                          1                       0                    30                               48
     9:00             AM                       0                    0                         0                      0                      0                      5                     9                        1                       0                     15                      1                  14                          0                       0                    15                               30
     9:15             AM                       0                    1                         1                      0                      2                      4                     8                        1                       0                     13                      1                     9                        0                       0                    10                               25
     4:00             PM                       0                    0                         0                      0                      0                      0                   12                         1                       0                     13                      0                     2                        0                       0                      2                              15
     4:15             PM                       0                    4                         0                      0                      4                      0                   10                         2                       0                     12                      0                     2                        0                       0                      2                              18
     4:30             PM                       0                    6                         0                      0                      6                      0                     5                        0                       0                       5                     0                     3                        0                       0                      3                              14
     4:45             PM                       0                    3                         0                      0                      3                      1                   12                         0                       0                     13                      0                     1                        0                       0                      1                              17
     5:00             PM                       0                   11                         0                      0                    11                       0                     9                        0                       0                       9                     0                     3                        0                       0                      3                              23
     5:15             PM                       0                    9                         0                      0                      9                      0                     4                        0                       0                       4                     4                     3                        0                       0                      7                              20
     5:30             PM                       0                  10                          0                      0                   10                        0                    11                        0                       0                     11                      0                     2                        0                       0                      2                              23
     5:45             PM                       0                    4                         0                      0                      4                      0                     6                        0                       0                       6                     2                     3                        0                       0                      5                              15
     6:00             PM                       0                    9                         0                      0                      9                      2                   10                         0                       0                     12                      2                     5                        0                       0                      7                              28
     6:15             PM                       0                    8                         0                      0                      8                      0                     8                        0                       0                       8                     1                     4                        0                       0                      5                              21
           Total                               0                  74                          1                      0                   75                      30                  166                        12                        0                  208                      16                 124                           1                       0                  141                              424
         App            %                   0.0                98.7                        1.3                    0.0                                         14.4                  79.8                       5.8                     0.0                                         11.3                  87.9                       0.7                     0.0
       Total              %                 0.0                17.5                        0.2                    0.0                  17.7                     7.1                 39.2                       2.8                     0.0                  49.1                     3.8                 29.2                       0.2                     0.0                  33.3
    INT            ID                                             ROAD 1                                                                                    ROAD 2                                                      ROAD 3                                     ROAD 4                                          COMMUNITY                                                             TMC DATE
          28                                  14TH STREET                                              NW                                      H STREET                                  NW                                                                                                                                                -                                              4/13/2015
