                                                                               Turning                                      Movement                                                     Count                                Report                                   -      Cars                         &           Trucks
  INT            ID                               ROAD 1                                                                                                    ROAD 2                                                                                ROAD 3                               ROAD 4                                   COMMUNITY                                                     TMC DATE
      280                         5TH STREET                                          SE                            INDEPENDENCE AVENUE SE                                                                                                                                                                                                             -                                         6/5/2017
                                   CARS
                                   NB                                                                                           EB                                                                                      SB                                                                                       WB
          Start                     Left           Thru              Right                 Ped                   NB              Left           Thru              Right               Ped                EB               Left           Thru              Right               Ped                 SB               Left             Thru              Right                Ped                 WB                Interval
        Time                                                                                                 Total                                                                                    Total                                                                                    Total                                                                                         Total                   Total
   7:00             AM                  0               3                   0                   0                  3                 2             19                    0                 1              21                  5                9                  0                 7              14                   0                 0                   0                 4                  0                     38
   7:15             AM                  0               1                   2                   4                  3                 6             16                    1                 2              23                  4             30                    0                 7              34                   0                 0                   0                 3                  0                     60
   7:30             AM                  0               2                   1                   3                  3                 1             23                    0                 2              24                  2             20                    0                 5              22                   0                 0                   0                 4                  0                     49
   7:45             AM                  0               0                   0                   5                  0                 4             15                    1                 2              20                  5             16                    0                 7              21                   0                 0                   0                 2                  0                     41
   8:00             AM                  0               2                   0                   3                  2                 4             17                    0                 0              21                16              28                    0                 8              44                   0                 0                   0                 5                  0                     67
   8:15             AM                  0               1                   1                   9                  2                 3             16                    2                 1              21                  7             39                    0               12               46                   0                 0                   0                 6                  0                     69
   8:30             AM                  0               3                   0                 11                   3                 5             32                    2                 7              39                  9             34                    0               12               43                   0                 0                   0                 8                  0                     85
   8:45             AM                  0               1                   2                 12                   3                 3             22                    2                 4              27                14              28                    0               13               42                   0                 0                   0                 3                  0                     72
   9:00             AM                  0               3                   2                   5                  5                 3             24                    2                 5              29                13              22                    0                 9              35                   0                 0                   0                 8                  0                     69
   9:15             AM                  0               2                   2                   5                  4                 1             20                    1                 1              22                11              25                    0                 4              36                   0                 0                   0                 3                  0                     62
   9:30             AM                  0               1                   1                   4                  2                 7             18                    2                 1              27                10              20                    0                 2              30                   0                 0                   0                 4                  0                     59
   9:45             AM                  0               3                   2                   3                  5                 4             17                    3                 2              24                  7              11                   0                 1              18                   0                 0                   0                 2                  0                     47
 11:00               AM                 0               0                   0                   0                  0                 0               0                   0                 0                0                 0                0                  0                 0                0                  0                 0                   0                 0                  0                        0
 11:15               AM                 0               0                   0                   0                  0                 0               0                   0                 0                0                 0                0                  0                 0                0                  0                 0                   0                 0                  0                        0
 11:30               AM                 0               0                   0                   0                  0                 0               0                   0                 0                0                 0                0                  0                 0                0                  0                 0                   0                 0                  0                        0
 11:45               AM                 0               0                   0                   0                  0                 0               0                   0                 0                0                 0                0                  0                 0                0                  0                 0                   0                 0                  0                        0
 12:00                 PM               0               0                   0                   0                  0                 0               0                   0                 0                0                 0                0                  0                 0                0                  0                 0                   0                 0                  0                        0
 12:15                 PM               0               0                   0                   0                  0                 0               0                   0                 0                0                 0                0                  0                 0                0                  0                 0                   0                 0                  0                        0
 12:30                 PM               0               0                   0                   0                  0                 0               0                   0                 0                0                 0                0                  0                 0                0                  0                 0                   0                 0                  0                        0
 12:45                 PM               0               0                   0                   0                  0                 0               0                   0                 0                0                 0                0                  0                 0                0                  0                 0                   0                 0                  0                        0
   1:00              PM                 0               0                   0                   0                  0                 0               0                   0                 0                0                 0                0                  0                 0                0                  0                 0                   0                 0                  0                        0
   1:15              PM                 0               0                   0                   0                  0                 0               0                   0                 0                0                 0                0                  0                 0                0                  0                 0                   0                 0                  0                        0
   1:30              PM                 0               0                   0                   0                  0                 0               0                   0                 0                0                 0                0                  0                 0                0                  0                 0                   0                 0                  0                        0
   1:45              PM                 0               0                   0                   0                  0                 0               0                   0                 0                0                 0                0                  0                 0                0                  0                 0                   0                 0                  0                        0
   4:00              PM                 0               4                   0                   6                  4                 0             27                    0                 2              27                  9             22                    0                 8              31                   0                 0                   0                 6                  0                     62
   4:15              PM                 0               1                   1                   5                  2                 3             37                    1                 6              41                  7             21                    0                 4              28                   0                 0                   0                 4                  0                     71
   4:30              PM                 0               2                   1                 13                   3                 4           169                     0                 1            173                   7             31                    0                 9              38                   0                 0                   0                 7                  0                   214
   4:45              PM                 0               2                   0                   3                  2               23            162                     5                 3            190                   9             34                    0                 7              43                   0                 0                   0                 4                  0                   235
   5:00              PM                 0               1                   0                   2                  1               12            153                     1                 4            166                 11              32                    0                 4              43                   0                 0                   0                 5                  0                   210
   5:15              PM                 0               2                   1                 10                   3                 5           142                     3                 7            150                   6             31                    0               11               37                   0                 0                   0                 6                  0                   190
   5:30              PM                 0               3                   1                   3                  4               13            145                     3                 4            161                 10              30                    0                 6              40                   0                 0                   0                 5                  0                   205
   5:45              PM                 0               2                   0                   7                  2               14            145                     3                 3            162                   5             38                    0                 7              43                   0                 0                   0                 5                  0                   207
   6:00              PM                 0               3                   2                   2                  5                 7           141                     0                 4            148                 11              37                    0               14               48                   0                 0                   0                 3                  0                   201
   6:15              PM                 0               4                   0                   4                  4                 8           124                     3               10             135                   5             27                    0                 7              32                   0                 0                   0                 7                  0                   171
   6:30              PM                 0               2                   0                   3                  2                 7           105                     3                 1            115                   3             21                    0                 5              24                   0                 0                   0                 3                  0                   141
   6:45              PM                 0               1                   1                   2                  2                 4           105                     2                 1            111                   4             19                    0                 7              23                   0                 0                   0               10                   0                   136
         Total                          0             49                  20                124                  69             143            1694                    40                74           1877                190             625                     0             176              815                    0                 0                   0              117                   0                 2761
      App             %              0.0           71.0               29.0              179.7                                     7.6           90.3                 2.1               3.9                              23.3              76.7                0.0             21.6                                   0.0               0.0                 0.0               0.0
     Total              %            0.0              1.8               0.7                 4.5                  2.5              5.2           61.4                 1.4               2.7             68.0               6.9             22.6                0.0               6.4             29.5                 0.0               0.0                 0.0               4.2               0.0
  INT            ID                               ROAD 1                                                                                                    ROAD 2                                                                                ROAD 3                               ROAD 4                                   COMMUNITY                                                     TMC DATE
      280                         5TH STREET                                          SE                            INDEPENDENCE AVENUE SE                                                                                                                                                                                                             -                                         6/5/2017
                    TRUCKS
                    NB                                                                                                    EB                                                                                              SB                                                                                               WB
  Start             Left           Thru               Right                      Ped                       NB              Left           Thru             Right                   Ped                      EB             Left           Thru             Right                    Ped                     SB              Left            Thru             Right                 Ped                 WB              Interval
 Time                                                                                                   Total                                                                                           Total                                                                                            Total                                                                                      Total                 Total
  7:00                  0                0                  0                         0                       0                0               0                 0                      1                      0               0                0                 0                      7                     0                0                 0                 0                  4                   0                     0
    AM
  7:15                  0                0                  0                         4                       0                0               0                 0                      2                      0               0                0                 0                      7                     0                0                 0                 0                  3                   0                     0
    AM
  7:30                  0                0                  0                         3                       0                0               0                 0                      2                      0               0                0                 0                      5                     0                0                 0                 0                  4                   0                     0
    AM
  7:45                  0                0                  0                         5                       0                0               0                 0                      2                      0               0                0                 0                      7                     0                0                 0                 0                  2                   0                     0
    AM
  8:00                  0                0                  0                         3                       0                0               0                 0                      0                      0               0                3                 0                      8                     3                0                 0                 0                  5                   0                     3
    AM
  8:15                  0                0                  0                         9                       0                0               0                 0                      1                      0               0                0                 0                    12                      0                0                 0                 0                  6                   0                     0
    AM
  8:30                  0                0                  0                       11                        0                0               1                 0                      7                      1               0                0                 0                    12                      0                0                 0                 0                  8                   0                     1
    AM
  8:45                  0                0                  0                       12                        0                0               0                 0                      4                      0               0                0                 0                    13                      0                0                 0                 0                  3                   0                     0
    AM
  9:00                  0                0                  0                         5                       0                0               0                 0                      5                      0               2                0                 0                      9                     2                0                 0                 0                  8                   0                     2
    AM
  9:15                  0                0                  0                         5                       0                1               0                 0                      1                      1               0                0                 0                      4                     0                0                 0                 0                  3                   0                     1
    AM
  9:30                  0                0                  0                         4                       0                0               0                 0                      1                      0               0                1                 0                      2                     1                0                 0                 0                  4                   0                     1
    AM
  9:45                  0                0                  0                         3                       0                0               0                 0                      2                      0               0                0                 0                      1                     0                0                 0                 0                  2                   0                     0
    AM
11:00                   0                0                  0                         0                       0                0               0                 0                      0                      0               0                0                 0                      0                     0                0                 0                 0                  0                   0                     0
    AM
11:15                   0                0                  0                         0                       0                0               0                 0                      0                      0               0                0                 0                      0                     0                0                 0                 0                  0                   0                     0
    AM
11:30                   0                0                  0                         0                       0                0               0                 0                      0                      0               0                0                 0                      0                     0                0                 0                 0                  0                   0                     0
    AM
11:45                   0                0                  0                         0                       0                0               0                 0                      0                      0               0                0                 0                      0                     0                0                 0                 0                  0                   0                     0
    AM
12:00                   0                0                  0                         0                       0                0               0                 0                      0                      0               0                0                 0                      0                     0                0                 0                 0                  0                   0                     0
    PM
12:15                   0                0                  0                         0                       0                0               0                 0                      0                      0               0                0                 0                      0                     0                0                 0                 0                  0                   0                     0
    PM
12:30                   0                0                  0                         0                       0                0               0                 0                      0                      0               0                0                 0                      0                     0                0                 0                 0                  0                   0                     0
    PM
12:45                   0                0                  0                         0                       0                0               0                 0                      0                      0               0                0                 0                      0                     0                0                 0                 0                  0                   0                     0
    PM
  1:00                  0                0                  0                         0                       0                0               0                 0                      0                      0               0                0                 0                      0                     0                0                 0                 0                  0                   0                     0
    PM
  1:15                  0                0                  0                         0                       0                0               0                 0                      0                      0               0                0                 0                      0                     0                0                 0                 0                  0                   0                     0
    PM
  1:30                  0                0                  0                         0                       0                0               0                 0                      0                      0               0                0                 0                      0                     0                0                 0                 0                  0                   0                     0
    PM
  1:45                  0                0                  0                         0                       0                0               0                 0                      0                      0               0                0                 0                      0                     0                0                 0                 0                  0                   0                     0
    PM
  4:00                  0                0                  0                         6                       0                0               0                 0                      2                      0               1                2                 0                      8                     3                0                 0                 0                  6                   0                     3
    PM
  4:15                  0                1                  0                         5                       1                0               1                 0                      6                      1               0                0                 0                      4                     0                0                 0                 0                  4                   0                     2
    PM
  4:30                  0                0                  0                       13                        0                0               1                 0                      1                      1               0                0                 0                      9                     0                0                 0                 0                  7                   0                     1
    PM
  4:45                  0                0                  0                         3                       0                0               0                 0                      3                      0               0                0                 0                      7                     0                0                 0                 0                  4                   0                     0
    PM
  5:00                  0                0                  0                         2                       0                0               0                 0                      4                      0               0                1                 0                      4                     1                0                 0                 0                  5                   0                     1
    PM
  5:15                  0                0                  0                       10                        0                0               1                 0                      7                      1               0                0                 0                    11                      0                0                 0                 0                  6                   0                     1
    PM
  5:30                  0                0                  0                         3                       0                0               0                 0                      4                      0               0                1                 0                      6                     1                0                 0                 0                  5                   0                     1
    PM
  5:45                  0                0                  0                         7                       0                0               0                 0                      3                      0               0                0                 0                      7                     0                0                 0                 0                  5                   0                     0
    PM
  6:00                  0                0                  0                         2                       0                0               0                 0                      4                      0               0                0                 0                    14                      0                0                 0                 0                  3                   0                     0
    PM
  6:15                  0                0                  0                         4                       0                0               0                 1                    10                       1               0                0                 0                      7                     0                0                 0                 0                  7                   0                     1
    PM
  6:30                  0                0                  0                         3                       0                0               0                 0                      1                      0               0                0                 0                      5                     0                0                 0                 0                  3                   0                     0
    PM
  6:45                  0                0                  0                         2                       0                0               0                 0                      1                      0               0                1                 0                      7                     1                0                 0                 0                10                    0                     1
    PM
 Total                  0                1                  0                    124                          1                1               4                 1                    74                       6               3                9                 0                 176                      12                 0                 0                 0              117                     0                   19
   App               0.0          100.0                   0.0            12,400.0                                         16.766.7                          16.7              1,233.3                                     25.075.0                             0.0            1,466.7                                         0.0             0.0                0.0                0.0
      %
 Total               0.0              5.3                 0.0                 652.6                        5.3              5.3           21.1                5.3               389.5                    31.6             15.847.4                             0.0               926.3                   63.2                 0.0             0.0                0.0            615.8                  0.0
      %
  INT            ID                               ROAD 1                                                                                                    ROAD 2                                                                                ROAD 3                               ROAD 4                                   COMMUNITY                                                     TMC DATE
      280                         5TH STREET                                          SE                            INDEPENDENCE AVENUE SE                                                                                                                                                                                                             -                                         6/5/2017
