                                                                               Turning                                      Movement                                                     Count                                Report                                   -      Cars                         &           Trucks
  INT            ID                                  ROAD 1                                                                                                  ROAD 2                                                                           ROAD 3                                 ROAD 4                                    COMMUNITY                                                     TMC DATE
      285                           5TH STREET                                          NW                                 BUTTERNUT                                          STREET                            NW                                                                                                                                    -                                         6/1/2017
                              CARS
                              NB                                                                                         EB                                                                                        SB                                                                                          WB
        Start                   Left           Thru               Right               Ped                 NB              Left           Thru               Right               Ped                 EB               Left            Thru              Right                Ped                 SB               Left             Thru               Right                Ped                WB                 Interval
      Time                                                                                             Total                                                                                     Total                                                                                       Total                                                                                        Total                     Total
 6:30             AM                4                9                  0                  1               13                 0                9                  1                  0               10                  3                3                   0                 2                  6                 1                10                   1                  4                12                        41
 6:45             AM                6                5                  3                  0               14                 0              12                   1                  2               13                  1                9                   4                 0                14                  1                13                   0                  8                14                        55
 7:00             AM                4                3                  1                  0                 8                1              12                   6                  1               19                  2              18                    3                 2                23                  0                23                   1                  5                24                        74
 7:15             AM                6                4                  0                  0               10                 1              13                   4                  4               18                  3              25                    5                 2                33                  1                30                   1                  4                32                        93
 7:30             AM                7                9                  1                  6               17                 1              23                   5                  6               29                  1              25                    4                 2                30                  3                32                   0                  6                35                      111
 7:45             AM                5                9                  2                  1               16                 1              28                 10                   3               39                  6              36                    1                 3                43                  4                41                   2                  1                47                     145
 8:00             AM              12                 9                  3                  1               24                 2              26                   6                  4               34                11               29                    3                 5                43                  1                46                   2                  6                49                     150
 8:15             AM                8              11                   4                  4               23                 2              24                   6                  4               32                  4              29                    4                 1                37                  4                42                   1                  9                47                     139
 8:30             AM                6              14                   1                  3               21                 2              20                   3                  5               25                  7              25                    1                 2                33                  2                42                   2                  4                46                     125
 8:45             AM                5                7                  2                  1               14                 1              27                   6                  2               34                  4              23                    2                 8                29                  2                38                   5                  7                45                     122
 9:00             AM                4                3                  2                  1                 9                1              12                   5                  2               18                  0              12                    2                 0                14                  1                31                   1                  4                33                        74
 9:15             AM                2                7                  0                  4                 9                0              20                   5                  3               25                  6              17                    3                 2                26                  1                26                   2                  3                29                        89
 3:30             PM                5                8                  1                  0               14                 2              30                   1                  5               33                  5              21                    4                11                30                  0                25                   2                  6                27                     104
 3:45             PM              12               15                   2                  0               29                 2              38                   1                  2               41                  5              17                    3                 3                25                  2                39                   1                  2                42                     137
 4:00             PM                5              12                   1                  1               18                 1              35                   3                  1               39                  5              11                    1                 3                17                  2                33                   1                  5                36                     110
 4:15             PM              10               13                   2                  1               25                 0              23                   1                  4               24                  4              17                    0                 5                21                  0                22                   4                  1                26                        96
 4:30             PM              16               14                   3                  1               33                 0              37                   2                  0               39                  4              17                    3                 5                24                  2                41                   3                  3                46                     142
 4:45             PM              11               24                   8                  1               43                 0              31                   3                  3               34                  2              16                    2                 1                20                  3                22                   4                  1                29                     126
 5:00             PM              15               25                   4                  2               44                 2              44                   4                  2               50                  8              15                    2                 5                25                  3                28                   3                  4                34                     153
 5:15             PM              18               26                   1                  2               45                 2              37                   3                  3               42                  9              20                    2                 0                31                  5                39                   1                  2                45                     163
 5:30             PM              10               23                   5                  2               38                 3              41                   5                  6               49                  5              19                    6                 3                30                  6                43                   0                  4                49                     166
 5:45             PM              16               25                   2                  3               43                 1              30                   5                  9               36                  4              24                    3                 3                31                  3                38                   5                  2                46                     156
 6:00             PM              10               25                   3                  3               38                 4              34                   1                  9               39                  8              22                    2                 7                32                  1                46                   3                  4                50                     159
 6:15             PM              13               17                   8                  4               38                 6              32                   7                  8               45                  8              16                    5                 5                29                  3                39                   4                  3                46                     158
       Total                    210              317                  59                 42              586                35             638                  94                 88              767               115              466                   65                80               646                 51               789                  49                 98              889                     2888
    App             %          35.8             54.1               10.1                7.2                                 4.6            83.2               12.3               11.5                               17.8              72.1                10.1              12.4                                   5.7             88.8                  5.5              11.0
   Total              %          7.3            11.0                 2.0               1.5             20.3                1.2            22.1                 3.3               3.0             26.6                4.0             16.1                  2.3                2.8            22.4                 1.8             27.3                  1.7                3.4              30.8
  INT            ID                                  ROAD 1                                                                                                  ROAD 2                                                                           ROAD 3                                 ROAD 4                                    COMMUNITY                                                     TMC DATE
      285                           5TH STREET                                          NW                                 BUTTERNUT                                          STREET                            NW                                                                                                                                    -                                         6/1/2017
                               TRUCKS
                               NB                                                                                        EB                                                                                        SB                                                                                          WB
        Start                   Left           Thru               Right               Ped                 NB              Left           Thru               Right               Ped                 EB               Left            Thru              Right                Ped                 SB                Left             Thru               Right                Ped                WB                 Interval
       Time                                                                                            Total                                                                                     Total                                                                                       Total                                                                                         Total                     Total
 6:30             AM                0                0                  1                  0                 1                0                3                  0                  0                 3                 0                0                   0                 0                  0                  1                  5                  0                  0                  6                      10
 6:45             AM                0                0                  0                  0                 0                0                3                  1                  0                 4                 0                0                   0                 0                  0                  3                  8                  0                  0                11                       15
 7:00             AM                0                0                  1                  0                 1                0                2                  0                  0                 2                 0                0                   0                 0                  0                  1                  4                  0                  0                  5                         8
 7:15             AM                0                1                  0                  0                 1                0                3                  0                  0                 3                 1                1                   0                 0                  2                  1                  4                  0                  0                  5                      11
 7:30             AM                0                0                  1                  0                 1                0                4                  0                  0                 4                 0                0                   0                 0                  0                  3                  3                  0                  0                  6                      11
 7:45             AM                0                1                  1                  0                 2                0                2                  0                  0                 2                 0                0                   1                 0                  1                  3                  2                  1                  0                  6                      11
 8:00             AM                0                0                  1                  0                 1                0                4                  0                  0                 4                 0                1                   1                 0                  2                  1                  3                  0                  0                  4                      11
 8:15             AM                0                0                  1                  0                 1                0                3                  1                  0                 4                 0                0                   0                 0                  0                  2                  3                  0                  0                  5                      10
 8:30             AM                0                0                  2                  0                 2                0                6                  2                  0                 8                 0                1                   0                 0                  1                  1                  2                  0                  0                  3                      14
 8:45             AM                0                0                  0                  0                 0                0                2                  0                  0                 2                 0                0                   0                 0                  0                  1                  9                  0                  0               10                        12
 9:00             AM                0                0                  1                  0                 1                0                3                  0                  0                 3                 0                0                   0                 0                  0                  1                  2                  0                  0                  3                         7
 9:15             AM                0                0                  2                  0                 2                0                3                  0                  0                 3                 0                0                   1                 0                  1                  0                  7                  0                  0                  7                      13
 3:30             PM                0                1                  2                  0                 3                0                2                  0                  0                 2                 0                1                   0                 0                  1                  1                  2                  0                  0                  3                         9
 3:45             PM                0                0                  2                  0                 2                0                2                  0                  0                 2                 1                0                   0                 0                  1                  1                  3                  0                  0                  4                         9
 4:00             PM                0                2                  1                  0                 3                0                4                  0                  0                 4                 0                0                   0                 0                  0                  1                  3                  0                  0                  4                      11
 4:15             PM                0                0                  2                  0                 2                0                2                  1                  0                 3                 0                0                   0                 0                  0                  1                  2                  0                  0                  3                         8
 4:30             PM                0                0                  3                  0                 3                0                2                  0                  0                 2                 1                0                   0                 0                  1                  2                  4                  0                  0                  6                      12
 4:45             PM                0                0                  0                  0                 0                0                2                  0                  0                 2                 0                1                   0                 0                  1                  1                  2                  0                  0                  3                         6
 5:00             PM                0                0                  2                  0                 2                0                3                  0                  0                 3                 0                0                   0                 0                  0                  1                  3                  0                  0                  4                         9
 5:15             PM                1                0                  2                  0                 3                0                0                  0                  0                 0                 0                0                   0                 0                  0                  1                  1                  0                  0                  2                         5
 5:30             PM                0                0                  1                  0                 1                0                2                  1                  0                 3                 0                1                   0                 0                  1                  2                  2                  0                  0                  4                         9
 5:45             PM                0                0                  2                  0                 2                0                1                  0                  0                 1                 0                0                   0                 0                  0                  0                  3                  0                  0                  3                         6
 6:00             PM                0                0                  1                  0                 1                0                2                  0                  0                 2                 0                0                   0                 0                  0                  2                  1                  0                  0                  3                         6
 6:15             PM                0                0                  0                  0                 0                0                2                  0                  0                 2                 0                0                   0                 0                  0                  1                  2                  0                  0                  3                         5
       Total                        1                5                29                   0               35                 0              62                   6                  0               68                  3                6                   3                 0                12                 32                 80                   1                  0              113                      228
     App            %            2.9            14.3               82.9                0.0                                 0.0            91.2                 8.8               0.0                               25.0              50.0                25.0                0.0                                 28.3              70.8                  0.9                0.0
   Total              %          0.4              2.2              12.7                0.0             15.4                0.0            27.2                 2.6               0.0             29.8                1.3               2.6                 1.3               0.0               5.3               14.0              35.1                  0.4                0.0              49.6
  INT            ID                                  ROAD 1                                                                                                  ROAD 2                                                                           ROAD 3                                 ROAD 4                                    COMMUNITY                                                     TMC DATE
      285                           5TH STREET                                          NW                                 BUTTERNUT                                          STREET                            NW                                                                                                                                    -                                         6/1/2017
