                                                                               Turning                                      Movement                                                     Count                                Report                                   -      Cars                         &           Trucks
   INT            ID                                      ROAD 1                                                                                                ROAD 2                                                                      ROAD 3                                 ROAD 4                                    COMMUNITY                                                      TMC DATE
      289                             13TH STREET                                              NW                                 KENNEDY STREET                                                            NW                                                                                                                                       -                                         6/8/2017
                               CARS
                               NB                                                                                        EB                                                                                         SB                                                                                         WB
        Start                   Left           Thru               Right               Ped                 NB              Left            Thru               Right               Ped                 EB              Left            Thru              Right                Ped                 SB                Left             Thru               Right               Ped                WB                 Interval
       Time                                                                                            Total                                                                                     Total                                                                                       Total                                                                                         Total                    Total
 6:30             AM                3              18                   1                  3               22                 0              15                    1                  4               16                 3              54                    1                 2                58                   3               20                    2                 0                25                      121
 6:45             AM                1              22                   0                  0               23                 1              18                    1                  3               20                 2              90                    3                 0                95                   2               18                    0                 1                20                      158
 7:00             AM                3              24                   4                  4               31                 0              21                    4                  3               25                 3              79                    3                 1                85                   9               33                    1                 4                43                      184
 7:15             AM                5              37                   3                  3               45                 0              31                    4                  2               35                 9            125                     4                 4              138                    7               33                    3                 1                43                      261
 7:30             AM                6              44                   3                  5               53                 2              32                    6                  0               40                 4            107                     3                 6              114                  12                46                    1                 3                59                      266
 7:45             AM              12               40                 10                   3               62                 0              41                    6                  1               47                 7            116                     3                 5              126                  12                36                    5                 0                53                      288
 8:00             AM                8              47                   5                  3               60                 2              46                    5                  2               53                 3            128                     2                 7              133                  13                55                    1                 2                69                      315
 8:15             AM                8              62                   6                  2               76                 1              35                    4                  1               40                 7            141                     5                 3              153                  11                35                    1                 0                47                      316
 8:30             AM                6              39                   4                  1               49                 2              44                    4                  1               50                 9            108                     2                 6              119                  11                49                    3                 1                63                      281
 8:45             AM                2              47                   7                  4               56                 1              36                    8                  1               45                 5            116                     5                 3              126                    7               24                    5                 0                36                      263
 9:00             AM                6              52                   5                  9               63                 3              32                    5                  2               40                 5              73                    2                 5                80                   5               25                    1                 1                31                      214
 9:15             AM                8              44                   5                  2               57                 3              28                    1                  2               32                 6              95                    1                 5              102                    5               25                    2                 2                32                      223
 3:30             PM                2              96                   5                  8             103                  0              42                    2                  5               44                 6              83                    1                 3                90                   8               18                    9                 0                35                      272
 3:45             PM                3            119                  10                   3             132                  2              37                    3                  0               42                 4              64                    3                 5                71                   6               28                    1                 0                35                      280
 4:00             PM                3              85                   5                  4               93                 1              45                    4                14                50                 7              64                    5                 5                76                   6               28                    3                 1                37                      256
 4:15             PM              10             124                  12                   5             146                  0              41                    6                  0               47                 7              74                    2                 7                83                   3               17                  14                  0                34                      310
 4:30             PM              13             115                  13                   8             141                  1              46                    4                  1               51                11              61                    1               19                 73                   6               28                    3                 0                37                      302
 4:45             PM              12             105                  14                 14              131                  0              50                    5                  2               55               10               85                    2                 6                97                   9               21                    7                 1                37                      320
 5:00             PM              10             113                    6                  6             129                  3              45                    4                  0               52                 8              80                    3                 4                91                   6               20                    5                 0                31                      303
 5:15             PM                7            131                  13                   6             151                  1              42                    1                  0               44                 9              59                    3                 7                71                   8               31                    7                 0                46                      312
 5:30             PM              14             125                  22                   2             161                  1              57                    6                  0               64                 6              56                    1                 3                63                   8               24                    8                 1                40                      328
 5:45             PM                6            102                  19                   8             127                  0              53                    6                  0               59               18               73                    5                 7                96                 11                26                    2                 2                39                      321
 6:00             PM                9            133                  14                   5             156                  1              44                    6                  3               51                 8              85                    5                 3                98                   3               22                    2                 1                27                      332
 6:15             PM              10             109                  14                   3             133                  2              61                    8                  1               71                 9              60                    3                 6                72                   2               25                    2                 1                29                      305
       Total                    167           1833                  200                111             2200                 27             942                 104                  48           1073                166            2076                    68              122              2310                 173               687                   88                22               948                    6531
     App            %            7.6            83.3                 9.1               5.0                                 2.5            87.8                  9.7               4.5                                 7.2            89.9                  2.9                5.3                                18.2              72.5                  9.3               2.3
   Total              %          2.6            28.1                 3.1               1.7             33.7                0.4            14.4                  1.6               0.7             16.4                2.5            31.8                  1.0                1.9            35.4                  2.6             10.5                  1.3               0.3              14.5
   INT            ID                                      ROAD 1                                                                                                ROAD 2                                                                      ROAD 3                                 ROAD 4                                    COMMUNITY                                                      TMC DATE
      289                             13TH STREET                                              NW                                 KENNEDY STREET                                                            NW                                                                                                                                       -                                         6/8/2017
                              TRUCKS
                              NB                                                                                        EB                                                                                           SB                                                                                         WB
        Start                   Left           Thru               Right               Ped                 NB             Left             Thru                Right               Ped                 EB              Left            Thru               Right               Ped                 SB               Left             Thru               Right                Ped                WB                Interval
      Time                                                                                            Total                                                                                        Total                                                                                      Total                                                                                        Total                     Total
 6:30             AM                0                0                  0                  0                0                 0                 5                   0                  0                 5                0                 0                  0                  0                 0                 0                  2                  0                  0                  2                        7
 6:45             AM                0                1                  0                  0                1                 0                 1                   0                  0                 1                0                 0                  0                  0                 0                 0                  2                  0                  0                  2                        4
 7:00             AM                0                1                  0                  0                1                 0                 2                   0                  0                 2                0                 0                  0                  0                 0                 0                  1                  0                  0                  1                        4
 7:15             AM                0                1                  0                  0                1                 0                 4                   0                  0                 4                0                 2                  0                  0                 2                 0                  3                  0                  0                  3                      10
 7:30             AM                0                0                  0                  0                0                 0                 4                   0                  0                 4                0                 1                  0                  0                 1                 0                  3                  0                  0                  3                        8
 7:45             AM                1                1                  0                  0                2                 0                 2                   0                  0                 2                0                 0                  0                  0                 0                 0                  0                  0                  0                  0                        4
 8:00             AM                0                0                  0                  0                0                 0                 0                   0                  0                 0                0                 0                  0                  0                 0                 1                  4                  0                  0                  5                        5
 8:15             AM                0                1                  0                  0                1                 0                 1                   0                  0                 1                0                 0                  0                  0                 0                 0                  1                  0                  0                  1                        3
 8:30             AM                0                0                  0                  0                0                 0                 3                   0                  0                 3                0                 1                  0                  0                 1                 0                  3                  0                  0                  3                        7
 8:45             AM                0                2                  0                  0                2                 0                 2                   0                  0                 2                0                 3                  0                  0                 3                 0                  2                  1                  0                  3                      10
 9:00             AM                0                1                  0                  0                1                 0                 1                   0                  0                 1                0                 0                  0                  0                 0                 0                  3                  0                  0                  3                        5
 9:15             AM                1                0                  0                  0                1                 0                 1                   0                  0                 1                0                 0                  0                  0                 0                 0                  1                  0                  0                  1                        3
 3:30             PM                0                1                  0                  0                1                 0                 1                   0                  0                 1                0                 0                  0                  0                 0                 0                  1                  0                  0                  1                        3
 3:45             PM                0                1                  1                  0                2                 0                 6                   0                  0                 6                0                 0                  0                  0                 0                 0                  1                  1                  0                  2                      10
 4:00             PM                1                2                  0                  0                3                 0                 1                   0                  0                 1                0                 0                  0                  0                 0                 0                  1                  0                  0                  1                        5
 4:15             PM                1                2                  0                  0                3                 0                 2                   0                  0                 2                0                 2                  0                  0                 2                 0                  1                  0                  0                  1                        8
 4:30             PM                0                2                  0                  0                2                 0                 3                   0                  0                 3                0                 1                  0                  0                 1                 0                  1                  0                  0                  1                        7
 4:45             PM                0                3                  0                  0                3                 0                 3                   0                  0                 3                0                 0                  0                  0                 0                 0                  4                  0                  0                  4                      10
 5:00             PM                0                1                  0                  0                1                 0                 0                   0                  0                 0                0                 0                  0                  0                 0                 0                  0                  0                  0                  0                        1
 5:15             PM                0                1                  0                  0                1                 0                 1                   0                  0                 1                0                 0                  0                  0                 0                 0                  4                  0                  0                  4                        6
 5:30             PM                0                2                  0                  0                2                 0                 1                   0                  0                 1                0                 1                  1                  0                 2                 0                  0                  0                  0                  0                        5
 5:45             PM                0                1                  0                  0                1                 0                 2                   0                  0                 2                1                 0                  0                  0                 1                 0                  1                  0                  0                  1                        5
 6:00             PM                0                0                  0                  0                0                 0                 1                   0                  0                 1                0                 0                  0                  0                 0                 0                  1                  0                  0                  1                        2
 6:15             PM                0                0                  0                  0                0                 0                 1                   0                  0                 1                0                 0                  0                  0                 0                 0                  0                  0                  0                  0                        1
       Total                        4              24                   1                  0              29                  0              48                     0                  0               48                 1               11                   1                  0               13                  1                40                   2                  0                43                     133
    App             %          13.8             82.8                 3.4               0.0                                 0.0          100.0                     0.0               0.0                                 7.7           84.6                  7.7               0.0                                  2.3             93.0                  4.7                0.0
   Total              %          3.0            18.0                 0.8               0.0             21.8                0.0             36.1                   0.0               0.0            36.1                 0.8             8.3                 0.8               0.0               9.8                0.8             30.1                  1.5                0.0             32.3
   INT            ID                                      ROAD 1                                                                                                ROAD 2                                                                      ROAD 3                                 ROAD 4                                    COMMUNITY                                                      TMC DATE
      289                             13TH STREET                                              NW                                 KENNEDY STREET                                                            NW                                                                                                                                       -                                         6/8/2017
