                                                                               Turning                                      Movement                                                     Count                                Report                                   -      Cars                         &           Trucks
    INT            ID                                              ROAD 1                                                                                  ROAD 2                                                     ROAD 3                                      ROAD 4                                          COMMUNITY                                                              TMC DATE
          29                                   17TH STREET                                              NW                                      I   STREET                            NW                                                                                                                                                  -                                               5/18/2016
                                  CARS
                                  NB                                                                                         EB                                                                                       SB                                                                                          WB
         Start                     Left           Thru             Right                 Ped                   NB             Left           Thru             Right                Ped                 EB              Left          Thru              Right                 Ped                   SB               Left             Thru              Right                Ped                 WB               Interval
        Time                                                                                               Total                                                                                   Total                                                                                       Total                                                                                         Total                   Total
  7:00             AM                20              94                  0                 69                114                  0               0                  0               63                   0                0             90                 15                  42               105                  76              130                   16                58               222                      441
  7:15             AM                32            139                   0               187                 171                  0               0                  0               64                   0                0             99                 20                 111                119                 68              107                   23                25               198                      488
  7:30             AM                34            152                   0               167                 186                  0               0                  0               72                   0                0           117                  20                  59               137                  79               110                  26                39               215                      538
  7:45             AM                35            144                   0               210                 179                  0               0                  0               96                   0                0          130                   32                103                162                  88               111                  18                77               217                      558
  8:00             AM                28            164                   0               305                 192                  0               0                  0               92                   0                0          121                   28                  91               149                  82               114                  29                47               225                      566
  8:15             AM                26            165                   0               452                 191                  0               0                  0             226                    0                0           118                  26                268                144                  78              139                   30              299                247                      582
  8:30             AM                49            194                   0               426                 243                  0               0                  0             120                    0                0          128                   32                261                160                  86              147                   29              207                262                      665
  8:45             AM                37            188                   0               440                 225                  0               0                  0             218                    0                0          101                   18                262                 119                 74               117                  18              221                209                      553
  9:00             AM                42            191                   0               433                 233                  0               0                  0             215                    0                0          145                   27                274                172                  57               117                  18              292                192                      597
  9:15             AM                34            149                   0               372                 183                  0               0                  0             206                    0                0          133                   31                190                164                  78              143                   26              200                247                      594
  9:30             AM                37            139                   0               270                 176                  0               0                  0             218                    0                0          108                   23                209                131                  68              107                   19              102                194                      501
  9:45             AM                30            155                   0               231                 185                  0               0                  0             140                    0                0          138                   24                117                162                  64              105                   22                65               191                      538
 11:00               AM              22            110                   0                113                132                  0               0                  0             121                    0                0          130                   25                  67               155                  64              109                   32                78               205                      492
 11:15               AM              22            100                   0               129                 122                  0               0                  0               89                   0                0          124                   26                  97               150                  64                88                  21                66               173                      445
 11:30               AM              23              96                  0               180                 119                  0               0                  0             127                    0                0          134                   23                120                157                  55               111                  15                96               181                      457
 11:45               AM              18            100                   0               192                 118                  0               0                  0             139                    0                0          130                   20                141                150                  59              107                   32                87               198                      466
12:00                 PM             29            101                   0               256                 130                  0               0                  0             254                    0                0          154                   25                216                179                  76              106                   29              135                 211                     520
12:15                 PM             19            113                   0               212                 132                  0               0                  0             253                    0                0          126                   26                133                152                  53              141                   24              178                218                      502
12:30                 PM             28            113                   0               230                 141                  0               0                  0             238                    0                0           110                  34                189                144                  63              108                   18              212                189                      474
12:45                 PM             33              90                  0               242                 123                  0               0                  0             235                    0                0          121                   27                186                148                  68              102                   19              193                189                      460
  1:00              PM               29              90                  0               254                 119                  0               0                  0             144                    0                0           117                  29                164                146                  81               116                  22              204                219                      484
  1:15              PM               25              87                  0               272                 112                  0               0                  0             216                    0                0          131                   34                194                165                  68               116                  24              202                208                      485
  1:30              PM               19              78                  0               199                    97                0               0                  0             136                    0                0          137                   23                172                160                  85                93                  21              130                199                      456
  1:45              PM               13              80                  0               241                    93                0               0                  0             170                    0                0          131                   16                169                147                  63               115                  31              138                209                      449
  4:00              PM               21            105                   0               384                 126                  0               0                  0             319                    0                0          142                   23                184                165                  77              153                   21              155                251                      542
  4:15              PM               13             111                  0               371                 124                  0               0                  0             216                    0                0          136                   26                189                162                  93              128                   30              172                251                      537
  4:30              PM               15            101                   0               327                 116                  0               0                  0             239                    0                0          166                   31                176                197                 115              129                   22                95               266                      579
  4:45              PM                 8             44                  0               366                    52                0               0                  0             252                    0                0             93                 30                223                123                109                 84                  13                93               206                      381
  5:00              PM               17            147                   0               601                 164                  0               0                  0             430                    0                0          157                   19                250                176                 118              151                   24              266                293                      633
  5:15              PM               20            158                   0               636                 178                  0               0                  0             379                    0                0          161                   24                295                185                 116              136                   17              233                269                      632
  5:30              PM               33            140                   0               579                 173                  0               0                  0             370                    0                0          155                   15                225                170                 115              149                   23              253                287                      630
  5:45              PM                 8           138                   0               555                 146                  0               0                  0             323                    0                0          189                   30                194                219                122               140                   24              218                286                      651
  6:00              PM               19            170                   0               587                 189                  0               0                  0             309                    0                0          168                   22                195                190                 117              141                   39              187                297                      676
  6:15              PM               19            141                   0               414                 160                  0               0                  0             260                    0                0          178                   23                179                201                134               140                   26              220                300                      661
  6:30              PM               10            137                   0               327                 147                  0               0                  0             170                    0                0          163                   29                162                192                120               177                   26              145                323                      662
  6:45              PM               13            130                   0               236                 143                  0               0                  0             117                    0                0          160                   29                  88               189                  86              187                   33                79               306                      638
        Total                      880           4554                    0            114655434                                   0               0                  0           7236                     0                0        4841                  905               6195               5746               30194474                                860             5467               8353                  19533
      App             %           16.283.8                             0.0            211.0                                    0.0             0.0               0.0                0.0                                0.0            84.2              15.8              107.8                                    36.1              53.6               10.3                65.4
    Total              %            4.5           23.3                 0.0               58.7               27.8               0.0             0.0               0.0              37.0                 0.0             0.0            24.8                 4.6               31.7                29.4              15.5              22.9                 4.4               28.0              42.8
    INT            ID                                              ROAD 1                                                                                  ROAD 2                                                     ROAD 3                                      ROAD 4                                          COMMUNITY                                                              TMC DATE
          29                                   17TH STREET                                              NW                                      I   STREET                            NW                                                                                                                                                  -                                               5/18/2016
                             TRUCKS
                             NB                                                                                              EB                                                                                        SB                                                                                             WB
       Start                  Left           Thru             Right                    Ped                     NB             Left           Thru             Right                Ped                  EB             Left           Thru             Right                    Ped                     SB              Left            Thru             Right                 Ped                 WB              Interval
     Time                                                                                                  Total                                                                                     Total                                                                                          Total                                                                                       Total                 Total
7:00             AM               3               3                 0                    69                       6               0               0                 0                63                    0                0              3                 1                    42                       4                1              31                  5                 58                 37                    47
7:15             AM               1               1                 0                  187                        2               0               0                 0                64                    0                0              3                 1                   111                       4                2              18                  5                 25                 25                    31
7:30             AM               0               7                 0                  167                        7               0               0                 0                72                    0                0              2                 4                    59                       6                3              19                  3                 39                 25                    38
7:45             AM               1               5                 0                  210                        6               0               0                 0                96                    0                0              8                 1                  103                        9                5              26                  5                 77                 36                    51
8:00             AM               0               4                 0                  305                        4               0               0                 0                92                    0                0              5                 1                    91                       6                3              22                  8                 47                 33                    43
8:15             AM               0               5                 0                  452                        5               0               0                 0              226                     0                0            10                  1                  268                      11                 2              24                10               299                   36                    52
8:30             AM               1               5                 0                  426                        6               0               0                 0              120                     0                0              7                 2                  261                        9                6              20                  6              207                   32                    47
8:45             AM               0               6                 0                  440                        6               0               0                 0              218                     0                0            17                  0                  262                      17                 2              18                  8              221                   28                    51
9:00             AM               0               4                 0                  433                        4               0               0                 0              215                     0                0              6                 6                  274                      12                 1              21                 11              292                   33                    49
9:15             AM               1               3                 0                  372                        4               0               0                 0              206                     0                0              6                 4                  190                      10                 2              15                13               200                   30                    44
9:30             AM               2               1                 0                  270                        3               0               0                 0              218                     0                0            12                  1                  209                      13                 4              18                  9              102                   31                    47
9:45             AM               2               5                 0                  231                        7               0               0                 0              140                     0                0              4                 2                  117                        6                2              19                  4                 65                 25                    38
     11:00                        1               4                 0                  113                        5               0               0                 0              121                     0                0              2                 0                    67                       2                1                7                 3                 78                 11                    18
         AM
     11:15                        1               1                 0                  129                        2               0               0                 0                89                    0                0              4                 1                    97                       5                4              16                  2                 66                 22                    29
         AM
     11:30                        0               4                 0                  180                        4               0               0                 0              127                     0                0              3                 0                  120                        3                1                8                 3                 96                 12                    19
         AM
     11:45                        2               2                 0                  192                        4               0               0                 0              139                     0                0              4                 0                  141                        4                1              12                  3                 87                 16                    24
         AM
    12:00                         1               0                 0                  256                        1               0               0                 0              254                     0                0              5                 0                  216                        5                3                9                 2              135                   14                    20
         PM
    12:15                         0               2                 0                  212                        2               0               0                 0              253                     0                0              6                 2                  133                        8                2                7                 3              178                   12                    22
         PM
    12:30                         0               3                 0                  230                        3               0               0                 0              238                     0                0              6                 2                  189                        8                1              16                  4              212                   21                    32
         PM
    12:45                         0               6                 0                  242                        6               0               0                 0              235                     0                0              4                 1                  186                        5                2                8                 7              193                   17                    28
         PM
1:00             PM               0               6                 0                  254                        6               0               0                 0              144                     0                0              2                 0                  164                        2                3                9                 3              204                   15                    23
1:15             PM               0               3                 0                  272                        3               0               0                 0              216                     0                0              9                 0                  194                        9                4                8                 2              202                   14                    26
1:30             PM               0               2                 0                  199                        2               0               0                 0              136                     0                0              5                 1                  172                        6                3              12                  3              130                   18                    26
1:45             PM               0               3                 0                  241                        3               0               0                 0              170                     0                0              3                 2                  169                        5                0                4                 3              138                     7                   15
4:00             PM               1               2                 0                  384                        3               0               0                 0              319                     0                0              5                 3                  184                        8                2              21                  8              155                   31                    42
4:15             PM               0               2                 0                  371                        2               0               0                 0              216                     0                0              5                 4                  189                        9                1              11                10               172                   22                    33
4:30             PM               1               3                 0                  327                        4               0               0                 0              239                     0                0              8                 3                  176                      11                 3              19                  3                 95                 25                    40
4:45             PM               0               2                 0                  366                        2               0               0                 0              252                     0                0              0                 3                  223                        3                1              10                  3                 93                 14                    19
5:00             PM               1               7                 0                  601                        8               0               0                 0              430                     0                0              9                 1                  250                      10                 1              16                  7              266                   24                    42
5:15             PM               0               1                 0                  636                        1               0               0                 0              379                     0                0              7                 1                  295                        8                2              14                  6              233                   22                    31
5:30             PM               0               3                 0                  579                        3               0               0                 0              370                     0                0              3                 1                  225                        4                1              15                  6              253                   22                    29
5:45             PM               0               3                 0                  555                        3               0               0                 0              323                     0                0              4                 5                  194                        9                1              15                10               218                   26                    38
6:00             PM               0               3                 0                  587                        3               0               0                 0              309                     0                0              9                 2                  195                      11                 2              12                  7              187                   21                    35
6:15             PM               1               3                 0                  414                        4               0               0                 0              260                     0                0              4                 1                  179                        5                0                9                 7              220                   16                    25
6:30             PM               0               4                 0                  327                        4               0               0                 0              170                     0                0              6                 2                  162                        8                2              10                  5              145                   17                    29
6:45             PM               0               4                 0                  236                        4               0               0                 0               117                    0                0              4                 0                    88                       4                1                7                 2                 79                 10                    18
      Total                     20            122                   0              11465                     142                  0               0                 0            7236                      0                0          200                 59                 6195                    259                 75             526               199              5467                  800                 1201
   App             %         14.185.9                             0.0            8,073.9                                       0.0             0.0               0.0                 0.0                                0.0           77.2              22.8              2,391.9                                        9.4            65.8              24.9              683.4
  Total              %         1.7           10.2                 0.0               954.6                    11.8              0.0             0.0               0.0            602.5                  0.0              0.0           16.7                 4.9               515.8                   21.6                6.2            43.8              16.6              455.2               66.6
    INT            ID                                              ROAD 1                                                                                  ROAD 2                                                     ROAD 3                                      ROAD 4                                          COMMUNITY                                                              TMC DATE
          29                                   17TH STREET                                              NW                                      I   STREET                            NW                                                                                                                                                  -                                               5/18/2016
