                                                                               Turning                                      Movement                                                     Count                                Report                                   -      Cars                         &           Trucks
  INT            ID                                                      ROAD 1                                                                                                       ROAD 2                                                           ROAD 3                              ROAD 4                                 COMMUNITY                                                    TMC DATE
     294                             PINEY BRANCH ROAD NW                                                                                                     ASPEN STREET                                                    NW                                                                                                                          -                                    5/24/2017
                               CARS
                               NB                                                                                        EB                                                                                         SB                                                                                         WB
        Start                   Left           Thru               Right               Ped                 NB               Left           Thru               Right               Ped                 EB              Left            Thru              Right                Ped                 SB               Left              Thru              Right                Ped                 WB                Interval
       Time                                                                                            Total                                                                                     Total                                                                                       Total                                                                                         Total                     Total
 6:30             AM                0              24                   1                  0               25                  0                1                  1                  0                 2                1            137                     3                 0              141                  11                15                    0                  2               26                      194
 6:45             AM                3              31                   2                  2               36                  4                3                  1                  0                 8                0            170                     3                 1              173                 14                 25                    1                  3               40                      257
 7:00             AM                2              31                   2                  0               35                  1                3                  0                  0                 4                0            168                     2                 2              170                 22                 20                    1                  4               43                      252
 7:15             AM                2              44                   5                  0               51                  1                8                  1                  1               10                 0            160                     8                 0              168                 25                 31                    1                  6               57                      286
 7:30             AM                3              67                   5                  4               75                  2                7                  0                  2                 9                0            158                     7                 2              165                 26                 45                    0                  1               71                      320
 7:45             AM                2              57                   6                  1               65                  0                6                  4                  2               10                 2            158                   17                  1              177                 20                 34                    0               10                 54                      306
 8:00             AM                3              61                   6                  0               70                  2             12                    2                  5               16                 2            153                   14                  1              169                 36                 39                    0                  6               75                      330
 8:15             AM                2              67                 14                   1               83                  1                7                  2                  2               10                 0            153                   12                  4              165                 32                 46                    1               12                 79                      337
 8:30             AM                2              56                 10                   2               68                  0                5                  2                  3                 7                0            160                   11                  0              171                 17                 32                    1                  6               50                      296
 8:45             AM                6              62                 12                   2               80                  3             12                    1                  9               16                 1            141                   11                  3              153                 26                 34                    1                  7               61                      310
 9:00             AM                5              58                   9                  4               72                  1                7                  3                  5               11                 0            128                     7                 1              135                 17                 22                    1                  2               40                      258
 9:15             AM                2              60                   4                  3               66                  1                7                  5                  1               13                 2            141                     1                 0              144                 13                 25                    0                  5               38                      261
 3:30             PM                5            150                  24                   0             179                   4             14                    5                  5               23                 1            105                     3                 0              109                 10                   7                   1                  2               18                      329
 3:45             PM                1            163                  28                   0             192                   9             25                    2                  4               36                 0              79                    2                 1                81                   9               11                    0                  2               20                      329
 4:00             PM                1            173                  32                   0             206                   6             21                    0                  0               27                 1              99                    3                 0              103                 10                 12                    2                  0               24                      360
 4:15             PM                1            177                  28                   0             206                   8             28                    2                  6               38                 0              99                    3                 0              102                 14                   8                   0                  3               22                      368
 4:30             PM                5            163                  33                   1             201                 13              24                    3                  0               40                 1            102                     3                 0              106                    5                 8                   2                  4               15                      362
 4:45             PM                2            148                  19                   3             169                 13              28                    2                  1               43                 0              90                    1                 0                91                12                 15                    2                  4               29                      332
 5:00             PM                2            140                  22                   0             164                   5             26                    1                  2               32                 5             111                    1                 0              117                    6               14                    1                  3               21                      334
 5:15             PM                2            130                  24                   0             156                   3             39                    3                  4               45                 0             111                    0                 0              111                 13                 10                    3                  7               26                      338
 5:30             PM                4            148                  32                   1             184                   9             26                    0                  2               35                 0              92                    4                 1                96                12                 16                    1                  9               29                      344
 5:45             PM                8            136                  29                   2             173                   7             26                    1                  6               34                 4              84                    0                 2                88                10                 12                    1                  6               23                      318
 6:00             PM                3            172                  38                   2             213                 10              25                    2                  8               37                 3              99                    6                 0              108                 10                   8                   1                11                19                      377
 6:15             PM                5            156                  26                   4             187                   3             44                    1                  5               48                 2              91                    2                 1                95                   9                 9                   3                11                21                      351
       Total                      71          2474                   411                 32            2956                106             404                   44                 73             554                 25           2989                 124                  20            3138                 379                498                   24              126                901                     7549
     App            %            2.4            83.7               13.9                1.1                               19.1              72.9                 7.9             13.2                                  0.8            95.3                  4.0               0.6                                 42.1              55.3                  2.7             14.0
   Total              %          0.9            32.8                 5.4               0.4             39.2                1.4               5.4                0.6               1.0               7.3               0.3            39.6                  1.6               0.3             41.6                  5.0               6.6                 0.3                1.7             11.9
  INT            ID                                                      ROAD 1                                                                                                       ROAD 2                                                           ROAD 3                              ROAD 4                                 COMMUNITY                                                    TMC DATE
     294                             PINEY BRANCH ROAD NW                                                                                                     ASPEN STREET                                                    NW                                                                                                                          -                                    5/24/2017
                               TRUCKS
                               NB                                                                                        EB                                                                                         SB                                                                                         WB
        Start                   Left           Thru               Right               Ped                 NB               Left           Thru               Right               Ped                 EB              Left            Thru              Right                Ped                 SB                Left             Thru               Right                Ped                WB                 Interval
       Time                                                                                            Total                                                                                     Total                                                                                       Total                                                                                         Total                     Total
 6:30             AM                0                1                  0                  0                 1                 0                1                  0                  0                 1                0                8                   0                 0                  8                  0                  1                  0                  0                  1                      11
 6:45             AM                0                2                  0                  0                 2                 0                0                  0                  0                 0                0                9                   0                 0                  9                  0                  0                  0                  0                  0                      11
 7:00             AM                0                1                  0                  0                 1                 0                0                  0                  0                 0                0              10                    0                 0                10                   1                  2                  0                  0                  3                      14
 7:15             AM                0                0                  0                  0                 0                 0                0                  0                  0                 0                0                9                   1                 0                10                   0                  1                  0                  0                  1                      11
 7:30             AM                0                3                  0                  0                 3                 0                0                  0                  0                 0                0                7                   0                 0                  7                  0                  1                  1                  0                  2                      12
 7:45             AM                0                1                  1                  0                 2                 0                0                  0                  0                 0                0                8                   0                 0                  8                  0                  3                  0                  0                  3                      13
 8:00             AM                0                1                  0                  0                 1                 0                0                  0                  0                 0                0                6                   0                 0                  6                  1                  3                  0                  0                  4                      11
 8:15             AM                0                3                  0                  0                 3                 0                0                  0                  0                 0                0                3                   0                 0                  3                  0                  1                  0                  0                  1                         7
 8:30             AM                0                0                  1                  0                 1                 0                0                  1                  0                 1                0                8                   0                 0                  8                  2                  1                  0                  0                  3                      13
 8:45             AM                0                0                  0                  0                 0                 0                0                  0                  0                 0                0                6                   0                 0                  6                  2                  2                  0                  0                  4                      10
 9:00             AM                0                3                  1                  0                 4                 0                1                  0                  0                 1                0                8                   0                 0                  8                  0                  1                  0                  0                  1                      14
 9:15             AM                1                2                  0                  0                 3                 1                0                  0                  0                 1                0                6                   0                 0                  6                  1                  0                  0                  0                  1                      11
 3:30             PM                0                7                  1                  0                 8                 0                2                  1                  0                 3                0                2                   0                 0                  2                  1                  1                  0                  0                  2                      15
 3:45             PM                0                2                  0                  0                 2                 0                0                  0                  0                 0                0                1                   0                 0                  1                  0                  0                  0                  0                  0                         3
 4:00             PM                0              12                   0                  0               12                  0                1                  0                  0                 1                0                0                   0                 0                  0                  0                  0                  1                  0                  1                      14
 4:15             PM                0                6                  0                  0                 6                 0                0                  0                  0                 0                0                1                   0                 0                  1                  0                  0                  0                  0                  0                         7
 4:30             PM                0                2                  0                  0                 2                 0                0                  0                  0                 0                0                0                   0                 0                  0                  0                  0                  0                  0                  0                         2
 4:45             PM                0                7                  0                  0                 7                 0                1                  0                  0                 1                0                0                   0                 0                  0                  0                  1                  0                  0                  1                         9
 5:00             PM                0                4                  0                  0                 4                 0                1                  0                  0                 1                0                0                   0                 0                  0                  0                  0                  0                  0                  0                         5
 5:15             PM                0              11                   0                  0               11                  0                0                  0                  0                 0                1                2                   0                 0                  3                  0                  0                  0                  0                  0                      14
 5:30             PM                0                2                  1                  0                 3                 0                0                  0                  0                 0                0                1                   0                 0                  1                  1                  0                  0                  0                  1                         5
 5:45             PM                0                4                  2                  0                 6                 0                0                  0                  0                 0                0                0                   0                 0                  0                  0                  0                  0                  0                  0                         6
 6:00             PM                0                2                  0                  0                 2                 0                0                  0                  0                 0                0                0                   0                 0                  0                  0                  0                  0                  0                  0                         2
 6:15             PM                0                4                  0                  0                 4                 0                0                  0                  0                 0                1                0                   0                 0                  1                  0                  0                  0                  0                  0                         5
       Total                        1              80                   7                  0               88                  1                7                  2                  0               10                 2              95                    1                 0                98                   9                18                   2                  0               29                      225
     App            %            1.1            90.9                 8.0               0.0                               10.0              70.0               20.0                0.0                                 2.0            96.9                  1.0               0.0                                 31.0              62.1                  6.9                0.0
   Total              %          0.4            35.6                 3.1               0.0             39.1                0.4               3.1                0.9               0.0               4.4               0.9            42.2                  0.4               0.0             43.6                  4.0               8.0                 0.9                0.0              12.9
  INT            ID                                                      ROAD 1                                                                                                       ROAD 2                                                           ROAD 3                              ROAD 4                                 COMMUNITY                                                    TMC DATE
     294                             PINEY BRANCH ROAD NW                                                                                                     ASPEN STREET                                                    NW                                                                                                                          -                                    5/24/2017
