                                                                               Turning                                      Movement                                                     Count                                Report                                   -      Cars                         &           Trucks
    INT            ID                                              ROAD 1                                                                                         ROAD 2                                                           ROAD 3                                   ROAD 4                                       COMMUNITY                                                          TMC DATE
       297                                 ASPEN STREET                                                    NW                                    4TH STREET                                          NW                                                                                                                                          -                                           5/24/2017
                              CARS
                              NB                                                                                         EB                                                                                        SB                                                                                          WB
        Start                   Left           Thru               Right               Ped                 NB              Left           Thru               Right               Ped                 EB               Left            Thru              Right                Ped                 SB               Left             Thru               Right                Ped                WB                 Interval
      Time                                                                                             Total                                                                                     Total                                                                                       Total                                                                                        Total                     Total
 6:30             AM                0                3                  0                  1                 3                1                5                  0                  1                 6                 3                0                   1                 2                  4                 1                31                   0                  5                32                        45
 6:45             AM                0                3                  0                  2                 3                0                8                  0                  2                 8                 0                0                   2                 2                  2                 1                36                   4                  7                41                        54
 7:00             AM                1                3                  0                  0                 4                0                9                  0                  2                 9                 0                4                   1                 1                  5                 1                55                   1                  5                57                        75
 7:15             AM                0                7                  3                  3               10                 1              12                   1                  3               14                  2                3                   1                 1                  6                 3                58                   3                  7                64                        94
 7:30             AM                1                8                  1                  2               10                 3              12                   4                  2               19                  0              11                    2                 1                13                  5                72                   2                  7                79                     121
 7:45             AM                1                6                  1                  2                 8                0              18                   2                  5               20                  0              11                    2                 0                13                  2                62                   0                  7                64                     105
 8:00             AM                2              10                   3                  3               15                 3              23                   2                  5               28                  2              10                    3                 1                15                  6                92                   2                10              100                       158
 8:15             AM                2                8                  2                  0               12                 0              31                   1                12                32                  2                8                   2                 4                12                  3                62                   1                18                 66                     122
 8:30             AM                0                9                  2                  3               11                 0              21                   1                  3               22                  1                8                   2                 3                11                  4                65                   2                13                 71                     115
 8:45             AM                2                8                  1                  1               11                 0              34                   1                  6               35                  4                3                   5                 4                12                  8                51                   1                14                 60                     118
 9:00             AM                1                3                  1                  0                 5                0              21                   0                15                21                  7                6                   0                 1                13                  3                49                   0                  8                52                        91
 9:15             AM                1                3                  1                  5                 5                1              20                   0                  3               21                  5                2                   0                 3                  7                 1                39                   1                  5                41                        74
 3:30             PM                0                7                  2                  1                 9                1              51                   3                  4               55                  3                7                   4                 1                14                  1                20                   3                  2                24                     102
 3:45             PM                0                5                  2                  0                 7                3              50                   0                  3               53                  1                4                   2                 0                  7                 1                30                   6                  4                37                     104
 4:00             PM                3                7                  1                  0               11                 3              58                   1                  0               62                  4                5                   2                 1                11                  0                23                   4                  9                27                      111
 4:15             PM                3                2                  2                  1                 7                2              57                   1                  3               60                  2                1                   2                 1                  5                 2                26                   2                  4                30                     102
 4:30             PM                1                8                  5                  2               14                 6              63                   1                  4               70                  4                4                   0                 0                  8                 3                24                   3                  8                30                     122
 4:45             PM                2                6                  2                  2               10                 3              64                   1                  3               68                  1                6                   0                 0                  7                 1                32                   6                15                 39                     124
 5:00             PM                0              10                   5                  0               15                 3              67                   3                  4               73                  4                7                   1                 2                12                  1                26                   4                  8                31                     131
 5:15             PM                2                8                  8                  0               18                 9              74                   2                  1               85                  4                6                   6                 0                16                  2                29                   3                  7                34                     153
 5:30             PM                1              17                   6                  2               24                 3              77                   2                  9               82                  3                9                   0                 2                12                  5                30                   2                12                 37                     155
 5:45             PM                1              12                   4                  1               17                 0              80                   6                  5               86                  2                7                   4                 3                13                  5                29                   3                18                 37                     153
 6:00             PM                1              12                   5                  6               18                 2              78                   3                  3               83                10                 7                   2                 2                19                  2                26                   5                16                 33                     153
 6:15             PM                1                8                  5                  0               14                 4              75                   2                  9               81                  1              12                    1                 0                14                  1                27                   4                  9                32                     141
       Total                      26             173                  62                 37              261                48          1008                    37               107             1093                  65             141                   45                35               251                 62               994                  62               218              1118                     2723
    App             %          10.0             66.3               23.8              14.2                                  4.4            92.2                 3.4               9.8                               25.9              56.2                17.9              13.9                                   5.5             88.9                  5.5              19.5
   Total              %          1.0              6.4                2.3               1.4               9.6               1.8            37.0                 1.4               3.9             40.1                2.4               5.2                 1.7                1.3               9.2               2.3             36.5                  2.3                8.0              41.1
    INT            ID                                              ROAD 1                                                                                         ROAD 2                                                           ROAD 3                                   ROAD 4                                       COMMUNITY                                                          TMC DATE
       297                                 ASPEN STREET                                                    NW                                    4TH STREET                                          NW                                                                                                                                          -                                           5/24/2017
                              TRUCKS
                              NB                                                                                         EB                                                                                         SB                                                                                           WB
        Start                  Left             Thru               Right               Ped                NB              Left             Thru              Right                Ped                EB              Left            Thru                 Right               Ped                 SB               Left             Thru               Right                Ped                WB                Interval
      Time                                                                                             Total                                                                                     Total                                                                                        Total                                                                                         Total                    Total
 6:30             AM                0                 0                   0                 0                0                0                 0                   0                 0                 0                0                 0                    0                  0                 0                 0                  0                  0                  0                  0                       0
 6:45             AM                0                 0                   0                 0                0                0                 0                   0                 0                 0                0                 0                    0                  0                 0                 0                  0                  0                  0                  0                       0
 7:00             AM                0                 0                   0                 0                0                0                 0                   0                 0                 0                0                 0                    0                  0                 0                 0                  0                  0                  0                  0                       0
 7:15             AM                0                 0                   0                 0                0                0                 0                   0                 0                 0                0                 0                    0                  0                 0                 0                  1                  0                  0                  1                       1
 7:30             AM                0                 0                   0                 0                0                0                 0                   0                 0                 0                0                 0                    0                  0                 0                 0                  0                  0                  0                  0                       0
 7:45             AM                0                 0                   0                 0                0                0                 3                   0                 0                 3                0                 0                    0                  0                 0                 0                  0                  0                  0                  0                       3
 8:00             AM                0                 0                   0                 0                0                0                 0                   0                 0                 0                0                 0                    0                  0                 0                 0                  2                  0                  0                  2                       2
 8:15             AM                0                 0                   0                 0                0                0                 0                   0                 0                 0                0                 1                    0                  0                 1                 1                  1                  0                  0                  2                       3
 8:30             AM                0                 0                   0                 0                0                0                 0                   0                 0                 0                0                 0                    0                  0                 0                 0                  1                  0                  0                  1                       1
 8:45             AM                0                 0                   0                 0                0                0                 0                   0                 0                 0                0                 0                    0                  0                 0                 0                  2                  0                  0                  2                       2
 9:00             AM                0                 0                   0                 0                0                0                 1                   0                 0                 1                0                 0                    0                  0                 0                 0                  0                  0                  0                  0                       1
 9:15             AM                0                 1                   0                 0                1                0                 0                   0                 0                 0                0                 0                    0                  0                 0                 0                  0                  0                  0                  0                       1
 3:30             PM                0                 1                   0                 0                1                0                 0                   0                 0                 0                0                 0                    0                  0                 0                 0                  0                  0                  0                  0                       1
 3:45             PM                0                 0                   0                 0                0                0                 0                   0                 0                 0                0                 0                    0                  0                 0                 0                  0                  0                  0                  0                       0
 4:00             PM                0                 1                   0                 0                1                0                 1                   0                 0                 1                0                 0                    0                  0                 0                 0                  0                  0                  0                  0                       2
 4:15             PM                0                 0                   0                 0                0                0                 0                   0                 0                 0                0                 0                    0                  0                 0                 0                  0                  0                  0                  0                       0
 4:30             PM                0                 0                   0                 0                0                0                 1                   0                 0                 1                0                 0                    0                  0                 0                 0                  0                  0                  0                  0                       1
 4:45             PM                0                 0                   0                 0                0                0                 0                   0                 0                 0                0                 0                    0                  0                 0                 0                  0                  0                  0                  0                       0
 5:00             PM                0                 0                   0                 0                0                0                 1                   0                 0                 1                0                 0                    0                  0                 0                 0                  0                  0                  0                  0                       1
 5:15             PM                0                 0                   0                 0                0                0                 0                   0                 0                 0                0                 0                    0                  0                 0                 0                  0                  0                  0                  0                       0
 5:30             PM                0                 0                   0                 0                0                0                 0                   0                 0                 0                0                 0                    0                  0                 0                 0                  0                  0                  0                  0                       0
 5:45             PM                0                 0                   0                 0                0                0                 1                   0                 0                 1                0                 0                    0                  0                 0                 0                  0                  0                  0                  0                       1
 6:00             PM                0                 0                   0                 0                0                0                 0                   0                 0                 0                0                 0                    0                  0                 0                 0                  0                  0                  0                  0                       0
 6:15             PM                0                 0                   0                 0                0                0                 0                   0                 0                 0                0                 0                    0                  0                 0                 0                  0                  0                  0                  0                       0
       Total                        0                 3                   0                 0                3                0                 8                   0                 0                 8                0                 1                    0                  0                 1                 1                  7                  0                  0                  8                     20
    App             %            0.0          100.0                   0.0               0.0                                0.0          100.0                    0.0               0.0                                0.0           100.0                    0.0               0.0                                12.5              87.5                  0.0                0.0
   Total              %          0.0            15.0                  0.0               0.0             15.0               0.0             40.0                  0.0               0.0             40.0               0.0               5.0                  0.0               0.0               5.0                5.0             35.0                  0.0                0.0             40.0
    INT            ID                                              ROAD 1                                                                                         ROAD 2                                                           ROAD 3                                   ROAD 4                                       COMMUNITY                                                          TMC DATE
       297                                 ASPEN STREET                                                    NW                                    4TH STREET                                          NW                                                                                                                                          -                                           5/24/2017
