                                                                               Turning                                      Movement                                                     Count                                Report                                   -      Cars                         &           Trucks
    INT            ID                                              ROAD 1                                                                                          ROAD 2                                                           ROAD 3                                   ROAD 4                                      COMMUNITY                                                          TMC DATE
       298                                 ASPEN STREET                                                    NW                                    BLAIR ROAD NW                                                                                                                                                                                   -                                           5/24/2017
                               CARS
                               NB                                                                                        EB                                                                                         SB                                                                                         WB
        Start                   Left           Thru               Right               Ped                 NB              Left            Thru               Right               Ped                 EB              Left            Thru              Right                Ped                 SB               Left              Thru              Right                Ped                WB                 Interval
       Time                                                                                            Total                                                                                     Total                                                                                       Total                                                                                         Total                    Total
 6:30             AM                4              51                   4                  3               59                 0                 4                  3                  2                 7                3              56                    0                 1                59                   6               28                    1                 2                35                      160
 6:45             AM                6              58                   6                  3               70                 0                 7                  0                  5                 7                2              74                    0                 3                76                   7               37                    3                 0                47                      200
 7:00             AM                5              67                   6                  4               78                 0                 9                  1                  3               10                 1              70                    0                 2                71                17                 51                    6                 1                74                      233
 7:15             AM                3              80                  11                  2               94                 0              13                    2                  9               15                 2              92                    0                 1                94                20                 59                  10                  0                89                      292
 7:30             AM              12               91                   2                  1             105                  1              11                    3                  8               15                 5              88                    1                 4                94                39                 71                  18                  1              128                       342
 7:45             AM                5            108                  13                   1             126                  0              13                    5                  8               18                 7            119                     0                 1              126                 37                 55                  12                  1              104                       374
 8:00             AM                6              96                 12                   3             114                  0              17                    7                15                24               10               94                    0                 1              104                 29                 95                  10                  1              134                       376
 8:15             AM                6              93                 12                   6             111                  0              24                  10                   9               34                 7            109                     0                 3              116                 28                 59                  18                  2              105                       366
 8:30             AM                7              85                 12                   3             104                  0              21                    6                  7               27                 5              91                    1                 5                97                35                 63                  21                  2              119                       347
 8:45             AM                7            106                  14                   0             127                  0              26                    8                10                34                 8              86                    0                 3                94                12                 54                    7                 0                73                      328
 9:00             AM                9              78                 15                   4             102                  0              26                    8                  8               34                 8              75                    0                 6                83                18                 44                  12                  0                74                      293
 9:15             AM                5              80                   8                  1               93                 1              15                    7                  3               23                 3              78                    0                 4                81                14                 33                    7                 1                54                      251
 3:30             PM                5              98                 18                   2             121                  0              49                    7                  3               56                 6            103                     0                 2              109                    6               17                    8                 1                31                      317
 3:45             PM                9            106                  16                   2             131                  1              45                    5                  7               51               10               71                    1                 1                82                14                 26                    3                 0                43                      307
 4:00             PM                2            118                  16                   2             136                  0              64                    5                  3               69               13               76                    0                 7                89                   8               25                    6                 3                39                      333
 4:15             PM                3            101                  23                   7             127                  0              48                  10                   7               58                 4              92                    0                 0                96                   4               28                    7                 1                39                      320
 4:30             PM                5            133                  25                   2             163                  1              65                    8                  4               74                 7              77                    1                 0                85                14                 23                    2                 0                39                      361
 4:45             PM                5            122                  28                   0             155                  1              55                    7                  7               63               13               91                    2                 4              106                 14                 30                    7                 0                51                      375
 5:00             PM                4            117                  26                   1             147                  0              61                  13                   7               74               13             100                     0                 3              113                 13                 31                    5                 1                49                      383
 5:15             PM                6            108                  38                   1             152                  0              70                  12                   6               82                 9              93                    0                 3              102                 10                 24                    5                 0                39                      375
 5:30             PM                9            120                  38                   2             167                  0              71                  12                   8               83                11              91                    0                 8              102                 13                 26                    5                 0                44                      396
 5:45             PM                5              97                 40                   1             142                  0              72                    7                  2               79               15               92                    0                 5              107                    9               32                    4                 0                45                      373
 6:00             PM                4            130                  29                   1             163                  0              80                    8                  5               88               16               73                    1                 2                90                   9               28                    5                 1                42                      383
 6:15             PM              12             120                  33                   5             165                  1              66                    9                  5               76                 6            100                     0                 1              106                 12                 23                    3                 2                38                      385
       Total                    144           2363                  445                  57            2952                   6            932                 163               151             1101                184            2091                      7               70            2282                 388                962                185                  20            1535                      7870
     App            %            4.9            80.0               15.1                1.9                                 0.5            84.7                14.8              13.7                                  8.1            91.6                  0.3               3.1                                 25.3              62.7                12.1                1.3
   Total              %          1.8            30.0                 5.7               0.7             37.5                0.1             11.8                 2.1               1.9             14.0                2.3            26.6                  0.1               0.9             29.0                  4.9             12.2                  2.4               0.3              19.5
    INT            ID                                              ROAD 1                                                                                          ROAD 2                                                           ROAD 3                                   ROAD 4                                      COMMUNITY                                                          TMC DATE
       298                                 ASPEN STREET                                                    NW                                    BLAIR ROAD NW                                                                                                                                                                                   -                                           5/24/2017
                               TRUCKS
                               NB                                                                                        EB                                                                                         SB                                                                                         WB
        Start                   Left           Thru               Right               Ped                 NB              Left            Thru               Right               Ped                 EB              Left            Thru              Right                Ped                 SB                Left             Thru               Right                Ped                WB                 Interval
       Time                                                                                            Total                                                                                     Total                                                                                       Total                                                                                         Total                     Total
 6:30             AM                0                4                  0                  0                 4                0                 1                  0                  0                 1                0                1                   0                 0                  1                  1                  0                  0                  0                  1                         7
 6:45             AM                0                6                  0                  0                 6                0                 0                  0                  0                 0                0                2                   0                 0                  2                  1                  0                  0                  0                  1                         9
 7:00             AM                0                1                  0                  0                 1                0                 0                  0                  0                 0                0                1                   0                 0                  1                  1                  0                  0                  0                  1                         3
 7:15             AM                1                3                  1                  0                 5                0                 0                  0                  0                 0                0                0                   0                 0                  0                  0                  0                  0                  0                  0                         5
 7:30             AM                0                5                  0                  0                 5                0                 0                  0                  0                 0                0                2                   0                 0                  2                  0                  0                  2                  0                  2                         9
 7:45             AM                0                5                  0                  0                 5                0                 2                  1                  0                 3                0                2                   0                 0                  2                  1                  1                  1                  0                  3                      13
 8:00             AM                2                2                  0                  0                 4                0                 0                  0                  0                 0                0                1                   0                 0                  1                  0                  2                  0                  0                  2                         7
 8:15             AM                0                4                  0                  0                 4                0                 0                  0                  0                 0                0                3                   0                 0                  3                  0                  2                  0                  0                  2                         9
 8:30             AM                1                3                  0                  0                 4                0                 1                  0                  0                 1                1                1                   0                 0                  2                  2                  1                  0                  0                  3                      10
 8:45             AM                1                7                  0                  0                 8                0                 0                  0                  0                 0                0                3                   0                 0                  3                  0                  1                  1                  0                  2                      13
 9:00             AM                0                4                  0                  0                 4                0                 0                  1                  0                 1                0                1                   0                 0                  1                  2                  0                  1                  0                  3                         9
 9:15             AM                1                5                  1                  0                 7                0                 0                  0                  0                 0                0                5                   0                 0                  5                  0                  0                  0                  0                  0                      12
 3:30             PM                0                4                  2                  0                 6                0                 0                  0                  0                 0                0                3                   0                 0                  3                  0                  0                  0                  0                  0                         9
 3:45             PM                0                2                  0                  0                 2                0                 0                  0                  0                 0                0                3                   0                 0                  3                  0                  0                  0                  0                  0                         5
 4:00             PM                0                3                  0                  0                 3                0                 2                  0                  0                 2                1                2                   0                 0                  3                  0                  1                  0                  0                  1                         9
 4:15             PM                0                2                  1                  0                 3                0                 0                  0                  0                 0                0                3                   0                 0                  3                  0                  0                  0                  0                  0                         6
 4:30             PM                0                1                  0                  0                 1                0                 2                  0                  0                 2                0                3                   0                 0                  3                  0                  0                  0                  0                  0                         6
 4:45             PM                0                2                  0                  0                 2                0                 0                  0                  0                 0                0                1                   0                 0                  1                  0                  0                  0                  0                  0                         3
 5:00             PM                0                1                  0                  0                 1                0                 2                  0                  0                 2                0                4                   0                 0                  4                  0                  0                  0                  0                  0                         7
 5:15             PM                0                2                  0                  0                 2                0                 0                  0                  0                 0                0                1                   0                 0                  1                  0                  0                  0                  0                  0                         3
 5:30             PM                0                2                  0                  0                 2                0                 2                  0                  0                 2                0                0                   0                 0                  0                  0                  0                  0                  0                  0                         4
 5:45             PM                0                0                  1                  0                 1                0                 2                  0                  0                 2                0                0                   0                 0                  0                  0                  1                  0                  0                  1                         4
 6:00             PM                0                1                  0                  0                 1                0                 2                  0                  0                 2                0                1                   0                 0                  1                  0                  0                  0                  0                  0                         4
 6:15             PM                0                1                  0                  0                 1                0                 0                  1                  0                 1                0                3                   0                 0                  3                  0                  0                  0                  0                  0                         5
       Total                        6              70                   6                  0               82                 0              16                    3                  0               19                 2              46                    0                 0                48                   8                  9                  5                  0               22                      171
     App            %            7.3            85.4                 7.3               0.0                                 0.0            84.2                15.8                0.0                                 4.2            95.8                  0.0               0.0                                 36.4              40.9                22.7                 0.0
   Total              %          3.5            40.9                 3.5               0.0             48.0                0.0              9.4                 1.8               0.0              11.1               1.2            26.9                  0.0               0.0             28.1                  4.7               5.3                 2.9                0.0              12.9
    INT            ID                                              ROAD 1                                                                                          ROAD 2                                                           ROAD 3                                   ROAD 4                                      COMMUNITY                                                          TMC DATE
       298                                 ASPEN STREET                                                    NW                                    BLAIR ROAD NW                                                                                                                                                                                   -                                           5/24/2017
