                                                                               Turning                                      Movement                                                     Count                                Report                                   -      Cars                         &           Trucks
  INT            ID                                               ROAD 1                                                                                                  ROAD 2                                                                 ROAD 3                                ROAD 4                                  COMMUNITY                                                     TMC DATE
      299                             WARDER STREET                                                            NW                              LAMONT                               STREET                            NW                                                                                                                               -                                         6/7/2017
                               CARS
                               NB                                                                                        EB                                                                                         SB                                                                                         WB
        Start                   Left           Thru               Right               Ped                 NB               Left           Thru               Right               Ped                 EB              Left           Thru               Right                Ped                 SB               Left             Thru               Right                Ped                WB                 Interval
       Time                                                                                            Total                                                                                     Total                                                                                      Total                                                                                         Total                     Total
 6:30             AM                2              27                   3                  2               32                  0                4                  0                  4                 4                0                0                  0                  0                  0                 0                  1                  3                  3                  4                       40
 6:45             AM                1              34                   2                  0               37                  0                3                  0                  2                 3                0                0                  0                  0                  0                 0                  2                  0                  3                  2                       42
 7:00             AM                5              47                   4                  0               56                  1                3                  0                  0                 4                0                0                  0                  0                  0                 0                  0                  2                  3                  2                       62
 7:15             AM                4              65                   1                  0               70                  3                5                  0                  1                 8                0                0                  0                  2                  0                 0                  1                  4                  6                  5                       83
 7:30             AM                4            108                    4                  2             116                   4                5                  0                  3                 9                0                0                  0                  0                  0                 0                  1                  3                  2                  4                    129
 7:45             AM                4            106                    5                  5             115                   0                7                  0                  4                 7                0                0                  0                  0                  0                 0                  3                  3                  3                  6                    128
 8:00             AM                6            104                    2                  5             112                   3                5                  0                10                  8                0                0                  0                  0                  0                 0                  2                  8                  3                10                     130
 8:15             AM                5              85                   5                  2               95                  3                7                  0                16                10                 0                0                  0                  0                  0                 0                  4                  4                  2                  8                    113
 8:30             AM                4              93                   4                  3             101                   6                5                  0                18                11                 0                0                  0                  0                  0                 0                  7                  2                  5                  9                    121
 8:45             AM                3            105                    4                  3             112                   3                4                  0                12                  7                0                0                  0                  1                  0                 0                  8                  3                  2                11                     130
 9:00             AM                4              58                   2                  4               64                  3                9                  0                  3               12                 0                0                  0                  0                  0                 0                  3                  2                  4                  5                       81
 9:15             AM                0              61                   5                  1               66                  1                5                  0                  3                 6                0                0                  0                  2                  0                 0                  1                  4                  3                  5                       77
 3:30             PM                3            124                    4                  8             131                   2                5                  0                16                  7                0                0                  0                  3                  0                 1                  0                  7                  5                  8                    146
 3:45             PM                7            115                    7                  4             129                   3                7                  0                  9               10                 0                0                  0                  0                  0                 0                  1                  3                  2                  4                    143
 4:00             PM                5            125                    4                  1             134                   4                3                  0                  2                 7                0                0                  0                  2                  0                 0                  2                  3                  5                  5                    146
 4:15             PM                3            122                    1                  8             126                   0                5                  0                  4                 5                0                0                  0                  3                  0                 0                  3                  0                  2                  3                    134
 4:30             PM                7            143                    5                  6             155                   5                3                  0                  8                 8                0                0                  0                  2                  0                 0                  1                  2                  3                  3                    166
 4:45             PM                4            119                    6                11              129                   3                7                  0                  4               10                 0                0                  0                  0                  0                 0                  0                  3                  9                  3                    142
 5:00             PM                6            132                    3                  2             141                   1                6                  0                  2                 7                0                0                  0                  2                  0                 0                  7                  3                  7                10                     158
 5:15             PM                3            134                    3                13              140                   5                9                  0                11                14                 0                0                  0                  3                  0                 1                  6                  2                  9                  9                    163
 5:30             PM                4            141                    6                  5             151                   2                6                  0                  2                 8                0                0                  0                  0                  0                 0                  3                  6                  8                  9                    168
 5:45             PM                3            140                    5                  1             148                   4                5                  1                  4               10                 0                0                  0                  2                  0                 0                  3                  8                  7                11                     169
 6:00             PM                4            141                    7                10              152                   1                9                  0                  0               10                 0                0                  0                  1                  0                 0                  2                  7                  6                  9                    171
 6:15             PM                6            117                    3                  4             126                   5                3                  0                  6                 8                0                0                  0                  1                  0                 0                  4                  2                  6                  6                    140
       Total                      97          2446                    95               100             2638                  62            130                     1             144               193                   0                0                  0                24                   0                 2                65                 84               108               151                     2982
     App            %            3.7            92.7                 3.6               3.8                               32.1              67.4                 0.5             74.6                                  0.0             0.0                 0.0                0.0                                  1.3             43.0                55.6               71.5
   Total              %          3.3            82.0                 3.2               3.4             88.5                2.1               4.4                0.0               4.8               6.5               0.0             0.0                 0.0                0.8               0.0                0.1               2.2                 2.8                3.6                5.1
  INT            ID                                               ROAD 1                                                                                                  ROAD 2                                                                 ROAD 3                                ROAD 4                                  COMMUNITY                                                     TMC DATE
      299                             WARDER STREET                                                            NW                              LAMONT                               STREET                            NW                                                                                                                               -                                         6/7/2017
                             TRUCKS
                             NB                                                                                         EB                                                                                               SB                                                                                   WB
       Start                  Left           Thru              Right                 Ped                  NB             Left           Thru             Right                    Ped                     EB              Left          Thru             Right               Ped               SB              Left            Thru             Right                     Ped                    WB               Interval
     Time                                                                                             Total                                                                                            Total                                                                                Total                                                                                             Total                  Total
6:30             AM               0               0                   0                  2                   0               0                0                 0                      4                     0                0               0                 0                0                0                0                 0                 0                      3                      0                      0
6:45             AM               0               0                   0                  0                   0               0                0                 0                      2                     0                0               0                 0                0                0                0                 0                 0                      3                      0                      0
7:00             AM               0               0                   0                  0                   0               0                0                 0                      0                     0                0               0                 0                0                0                0                 0                 0                      3                      0                      0
7:15             AM               0               0                   0                  0                   0               1                0                 0                      1                     1                0               0                 0                2                0                0                 0                 0                      6                      0                      1
7:30             AM               0               3                   0                  2                   3               0                1                 0                      3                     1                0               0                 0                0                0                0                 0                 1                      2                      1                      5
7:45             AM               0               0                   0                  5                   0               0                0                 0                      4                     0                0               0                 0                0                0                0                 0                 0                      3                      0                      0
8:00             AM               0               1                   0                  5                   1               0                0                 0                    10                      0                0               0                 0                0                0                0                 0                 0                      3                      0                      1
8:15             AM               0               0                   0                  2                   0               0                0                 0                    16                      0                0               0                 0                0                0                0                 0                 0                      2                      0                      0
8:30             AM               0               3                   0                  3                   3               0                0                 0                    18                      0                0               0                 0                0                0                0                 0                 0                      5                      0                      3
8:45             AM               0               1                   0                  3                   1               0                0                 0                    12                      0                0               0                 0                1                0                0                 0                 0                      2                      0                      1
9:00             AM               0               1                   0                  4                   1               0                0                 0                      3                     0                0               0                 0                0                0                0                 0                 0                      4                      0                      1
9:15             AM               0               2                   0                  1                   2               0                0                 0                      3                     0                0               0                 0                2                0                0                 0                 0                      3                      0                      2
3:30             PM               0               0                   0                  8                   0               0                1                 0                    16                      1                0               0                 0                3                0                0                 0                 0                      5                      0                      1
3:45             PM               0               5                   0                  4                   5               0                0                 0                      9                     0                0               0                 0                0                0                0                 0                 1                      2                      1                      6
4:00             PM               0               0                   0                  1                   0               0                0                 0                      2                     0                0               0                 0                2                0                0                 0                 0                      5                      0                      0
4:15             PM               0               1                   0                  8                   1               0                0                 0                      4                     0                0               0                 0                3                0                0                 0                 0                      2                      0                      1
4:30             PM               0               0                   0                  6                   0               0                0                 0                      8                     0                0               0                 0                2                0                0                 0                 0                      3                      0                      0
4:45             PM               0               0                   0                 11                   0               0                0                 0                      4                     0                0               0                 0                0                0                0                 0                 0                      9                      0                      0
5:00             PM               0               1                   0                  2                   1               0                0                 0                      2                     0                0               0                 0                2                0                0                 1                 0                      7                      1                      2
5:15             PM               0               1                   0                13                    1               0                0                 0                    11                      0                0               0                 0                3                0                0                 0                 0                      9                      0                      1
5:30             PM               0               0                   0                  5                   0               0                0                 0                      2                     0                0               0                 0                0                0                0                 0                 0                      8                      0                      0
5:45             PM               0               0                   0                  1                   0               0                0                 0                      4                     0                0               0                 0                2                0                0                 0                 0                      7                      0                      0
6:00             PM               0               1                   0                10                    1               0                0                 0                      0                     0                0               0                 0                1                0                0                 0                 0                      6                      0                      1
6:15             PM               0               0                   0                  4                   0               0                0                 0                      6                     0                0               0                 0                1                0                0                 0                 0                      6                      0                      0
      Total                       0             20                    0              100                   20                1                2                 0                  144                       3                0               0                 0              24                 0                0                 1                 2                 108                         3                    26
   App             %          0.0          100.0                   0.0            500.0                                 33.366.7                             0.0            4,800.0                                       0.0             0.0                0.0              0.0                                0.0           33.3               66.7             3,600.0
  Total              %        0.0            76.9                  0.0            384.6                76.9               3.8             7.7                0.0               553.8                    11.5              0.0             0.0                0.0            92.3               0.0               0.0             3.8                7.7                415.4                    11.5
  INT            ID                                               ROAD 1                                                                                                  ROAD 2                                                                 ROAD 3                                ROAD 4                                  COMMUNITY                                                     TMC DATE
      299                             WARDER STREET                                                            NW                              LAMONT                               STREET                            NW                                                                                                                               -                                         6/7/2017
