                                                                               Turning                                      Movement                                                     Count                                Report                                   -      Cars                         &           Trucks
    INT            ID                                             ROAD 1                                                                                   ROAD 2                                                      ROAD 3                                      ROAD 4                                          COMMUNITY                                                             TMC DATE
             3                                11TH STREET                                             NW                                      N STREET                                  NW                                                                                                                                                 -                                              2/23/2011
                                   CARS
                                   NB                                                                                      EB                                                                                         SB                                                                                        WB
          Start                     Left           Thru              Right               Ped                NB               Left           Thru               Right               Ped                 EB              Left           Thru               Right               Ped                 SB               Left             Thru               Right                Ped                WB                Interval
        Time                                                                                             Total                                                                                      Total                                                                                     Total                                                                                        Total                    Total
   6:00             AM                  0             16                    2                 1              18                  0                5                  3                  4                 8                1              19                   1                  1               21                   2                 2                  0                  1                  4                      51
   6:15             AM                  0             13                    2                 2              15                  2                3                  1                  1                 6                0              18                   2                  3               20                   2                 4                  1                  0                  7                      48
   6:30             AM                  1             10                    1                 1              12                  0                6                  4                  0               10                 0              32                   1                  1               33                   1                 5                  0                  4                  6                      61
   6:45             AM                  2             21                    1                 9              24                  1                9                  3                  3               13                 3              35                   5                  4               43                   2               11                   3                  5               16                        96
   7:00             AM                  2             27                    1                 5              30                  2              10                   1                  4               13                 0              40                   7                  5               47                   2                 6                  1                  3                  9                      99
   7:15             AM                  2             20                    1                 1              23                  2                9                  1                  2               12                 2              58                 10                   3               70                   4                 8                  2                  2               14                      119
   7:30             AM                  3             23                    2                 7              28                  4              14                   2                  4               20                 3              68                 16                   3               87                   3               21                   2                  4               26                      161
   7:45             AM                  3             35                    5                 9              43                  2                8                  3                  5               13                 2              82                 20                   4             104                    3               26                   3                  6               32                      192
   8:00             AM                  2             27                    0                 8              29                  3              13                   0                  3               16                 1              70                 20                   7               91                   4               29                   0                  5               33                      169
   8:15             AM                  3             22                    2                 6              27                  3              13                   2                12                18                 4              94                 30                 11              128                    4               36                   5                  6               45                      218
   8:30             AM                  0             22                    4               12               26                  1                9                  4                  8               14                 1           108                   42                   5             151                    8               28                   2                  3               38                      229
   8:45             AM                  0               0                   0                 0                0                 0                0                  0                  0                 0                0                0                  0                  0                 0                  0                 0                  0                  0                  0                        0
   9:00             AM                  0               0                   0                 0                0                 0                0                  0                  0                 0                0                0                  0                  0                 0                  0                 0                  0                  0                  0                        0
   9:15             AM                  0               0                   0                 0                0                 0                0                  0                  0                 0                0                0                  0                  0                 0                  0                 0                  0                  0                  0                        0
   9:30             AM                  0               0                   0                 0                0                 0                0                  0                  0                 0                0                0                  0                  0                 0                  0                 0                  0                  0                  0                        0
   9:45             AM                  0               0                   0                 0                0                 0                0                  0                  0                 0                0                0                  0                  0                 0                  0                 0                  0                  0                  0                        0
 10:00                AM                0               0                   0                 0                0                 0                0                  0                  0                 0                0                0                  0                  0                 0                  0                 0                  0                  0                  0                        0
 10:15                AM                0               0                   0                 0                0                 0                0                  0                  0                 0                0                0                  0                  0                 0                  0                 0                  0                  0                  0                        0
 10:30                AM                0               0                   0                 0                0                 0                0                  0                  0                 0                0                0                  0                  0                 0                  0                 0                  0                  0                  0                        0
 10:45                AM                0               0                   0                 0                0                 0                0                  0                  0                 0                0                0                  0                  0                 0                  0                 0                  0                  0                  0                        0
 11:00               AM                 0               0                   0                 0                0                 0                0                  0                  0                 0                0                0                  0                  0                 0                  0                 0                  0                  0                  0                        0
 11:15               AM                 0               0                   0                 0                0                 0                0                  0                  0                 0                0                0                  0                  0                 0                  0                 0                  0                  0                  0                        0
 11:30               AM                 0               0                   0                 0                0                 0                0                  0                  0                 0                0                0                  0                  0                 0                  0                 0                  0                  0                  0                        0
 11:45               AM                 0               0                   0                 0                0                 0                0                  0                  0                 0                0                0                  0                  0                 0                  0                 0                  0                  0                  0                        0
 12:00                 PM               0               0                   0                 0                0                 0                0                  0                  0                 0                0                0                  0                  0                 0                  0                 0                  0                  0                  0                        0
 12:15                 PM               0               0                   0                 0                0                 0                0                  0                  0                 0                0                0                  0                  0                 0                  0                 0                  0                  0                  0                        0
 12:30                 PM               0               0                   0                 0                0                 0                0                  0                  0                 0                0                0                  0                  0                 0                  0                 0                  0                  0                  0                        0
 12:45                 PM               0               0                   0                 0                0                 0                0                  0                  0                 0                0                0                  0                  0                 0                  0                 0                  0                  0                  0                        0
   1:00              PM                 0               0                   0                 0                0                 0                0                  0                  0                 0                0                0                  0                  0                 0                  0                 0                  0                  0                  0                        0
   1:15              PM                 0               0                   0                 0                0                 0                0                  0                  0                 0                0                0                  0                  0                 0                  0                 0                  0                  0                  0                        0
   1:30              PM                 0               0                   0                 0                0                 0                0                  0                  0                 0                0                0                  0                  0                 0                  0                 0                  0                  0                  0                        0
   1:45              PM                 0               0                   0                 0                0                 0                0                  0                  0                 0                0                0                  0                  0                 0                  0                 0                  0                  0                  0                        0
   2:00              PM                 0               0                   0                 0                0                 0                0                  0                  0                 0                0                0                  0                  0                 0                  0                 0                  0                  0                  0                        0
   2:15              PM                 0               0                   0                 0                0                 0                0                  0                  0                 0                0                0                  0                  0                 0                  0                 0                  0                  0                  0                        0
   2:30              PM                 0               0                   0                 0                0                 0                0                  0                  0                 0                0                0                  0                  0                 0                  0                 0                  0                  0                  0                        0
   2:45              PM                 0               0                   0                 0                0                 0                0                  0                  0                 0                0                0                  0                  0                 0                  0                 0                  0                  0                  0                        0
   3:00              PM                 0               0                   0                 0                0                 0                0                  0                  0                 0                0                0                  0                  0                 0                  0                 0                  0                  0                  0                        0
   3:15              PM                 0               0                   0                 0                0                 0                0                  0                  0                 0                0                0                  0                  0                 0                  0                 0                  0                  0                  0                        0
   3:30              PM                 0               0                   0                 0                0                 0                0                  0                  0                 0                0                0                  0                  0                 0                  0                 0                  0                  0                  0                        0
   3:45              PM                 3             53                    4               11               60                  1              12                   8                  5               21                 1              51                   4                  8               56                   4               19                   1                  0               24                      161
   4:00              PM                 1             63                    4               25               68                  2              19                   4                16                25                 3              50                   6                  9               59                   2               15                   1                14                18                      170
   4:15              PM                 6             54                    2               18               62                  2              12                   5                14                19                 2              51                   5                12                58                   3               23                   4                12                30                      169
   4:30              PM                 2             66                    5               20               73                  3              15                   3                10                21                 2              49                   6                  8               57                   2               22                   6                  9               30                      181
   4:45              PM                 1             74                    6               16               81                  6              18                   8                  9               32                 1              57                   8                  9               66                   6               21                   1                12                28                      207
   5:00              PM                 5             78                    4               28               87                  6              20                   8                15                34                 5              56                   9                15                70                   4               19                   7                20                30                      221
   5:15              PM                 9             73                    3               15               85                  3              22                   7                16                32                 4              67                   6                19                77                   1               29                   4                18                34                      228
   5:30              PM                 6             65                    7               17               78                  3              31                 10                 12                44                 1              62                   3                14                66                   0               23                   3                29                26                      214
   5:45              PM                 2             70                  12                20               84                  4              14                   3                17                21                 4              57                   6                  7               67                   1               16                   3                21                20                      192
   6:00              PM                 3             67                    4               21               74                  3              22                   4                13                29                 5              53                   5                  5               63                   1               22                   4                17                27                      193
   6:15              PM                 5             59                    6               16               70                  6              22                   7                  5               35                 3              29                   3                  7               35                   3               17                   6                11                26                      166
   6:30              PM                 1             56                  13                15               70                  6              29                   5                  7               40                 3              42                   5                13                50                   3               20                   4                22                27                      187
         Total                        62          1014                    91              283            1167                  65            335                   96               185               496                51          1248                  220                173            1519                   65              422                   63               224               550                    3732
      App             %              5.3           86.9                 7.8             24.3                               13.1              67.5               19.4              37.3                                  3.4            82.2               14.5               11.4                                 11.8             76.7                11.5               40.7
     Total              %            1.7           27.2                 2.4               7.6             31.3                1.7              9.0                2.6               5.0             13.3                1.4            33.4                 5.9               4.6             40.7                  1.7             11.3                 1.7                6.0             14.7
    INT            ID                                             ROAD 1                                                                                   ROAD 2                                                      ROAD 3                                      ROAD 4                                          COMMUNITY                                                             TMC DATE
             3                                11TH STREET                                             NW                                      N STREET                                  NW                                                                                                                                                 -                                              2/23/2011
                                   TRUCKS
                                   NB                                                                                       EB                                                                                        SB                                                                                        WB
          Start                     Left            Thru              Right               Ped                NB              Left           Thru               Right               Ped                 EB              Left           Thru               Right               Ped                 SB               Left             Thru               Right                Ped                WB                Interval
         Time                                                                                             Total                                                                                     Total                                                                                     Total                                                                                        Total                    Total
   6:00             AM                   0               0                   0                 0                0                0                0                  0                  0                 0                0                1                  0                  0                 1                 0                  0                  0                  0                  0                        1
   6:15             AM                   0               0                   0                 0                0                0                0                  0                  0                 0                0                1                  0                  0                 1                 0                  0                  0                  0                  0                        1
   6:30             AM                   0               0                   0                 0                0                0                0                  0                  0                 0                0                1                  1                  0                 2                 0                  1                  0                  0                  1                        3
   6:45             AM                   0               0                   0                 0                0                0                2                  0                  0                 2                0                3                  0                  0                 3                 0                  0                  0                  0                  0                        5
   7:00             AM                   0               0                   0                 0                0                0                0                  0                  0                 0                0                3                  0                  0                 3                 0                  1                  0                  0                  1                        4
   7:15             AM                   0               0                   0                 0                0                0                0                  0                  0                 0                1                4                  0                  0                 5                 0                  0                  0                  0                  0                        5
   7:30             AM                   0               0                   1                 0                1                0                0                  0                  0                 0                0                8                  0                  0                 8                 0                  0                  0                  0                  0                        9
   7:45             AM                   0               1                   0                 0                1                0                1                  0                  0                 1                0                5                  0                  0                 5                 0                  1                  0                  0                  1                        8
   8:00             AM                   0               0                   0                 0                0                0                0                  0                  0                 0                0              11                   0                  0               11                  0                  4                  0                  0                  4                      15
   8:15             AM                   0               0                   0                 0                0                0                0                  0                  0                 0                1              12                   1                  0               14                  0                  3                  0                  0                  3                      17
   8:30             AM                   0               1                   0                 0                1                0                0                  0                  0                 0                0                9                  0                  0                 9                 0                  3                  0                  0                  3                      13
   8:45             AM                   0               0                   0                 0                0                0                0                  0                  0                 0                0                0                  0                  0                 0                 0                  0                  0                  0                  0                        0
   9:00             AM                   0               0                   0                 0                0                0                0                  0                  0                 0                0                0                  0                  0                 0                 0                  0                  0                  0                  0                        0
   9:15             AM                   0               0                   0                 0                0                0                0                  0                  0                 0                0                0                  0                  0                 0                 0                  0                  0                  0                  0                        0
   9:30             AM                   0               0                   0                 0                0                0                0                  0                  0                 0                0                0                  0                  0                 0                 0                  0                  0                  0                  0                        0
   9:45             AM                   0               0                   0                 0                0                0                0                  0                  0                 0                0                0                  0                  0                 0                 0                  0                  0                  0                  0                        0
 10:00                AM                 0               0                   0                 0                0                0                0                  0                  0                 0                0                0                  0                  0                 0                 0                  0                  0                  0                  0                        0
 10:15                AM                 0               0                   0                 0                0                0                0                  0                  0                 0                0                0                  0                  0                 0                 0                  0                  0                  0                  0                        0
 10:30                AM                 0               0                   0                 0                0                0                0                  0                  0                 0                0                0                  0                  0                 0                 0                  0                  0                  0                  0                        0
 10:45                AM                 0               0                   0                 0                0                0                0                  0                  0                 0                0                0                  0                  0                 0                 0                  0                  0                  0                  0                        0
  11:00               AM                 0               0                   0                 0                0                0                0                  0                  0                 0                0                0                  0                  0                 0                 0                  0                  0                  0                  0                        0
  11:15               AM                 0               0                   0                 0                0                0                0                  0                  0                 0                0                0                  0                  0                 0                 0                  0                  0                  0                  0                        0
  11:30               AM                 0               0                   0                 0                0                0                0                  0                  0                 0                0                0                  0                  0                 0                 0                  0                  0                  0                  0                        0
  11:45               AM                 0               0                   0                 0                0                0                0                  0                  0                 0                0                0                  0                  0                 0                 0                  0                  0                  0                  0                        0
 12:00                 PM                0               0                   0                 0                0                0                0                  0                  0                 0                0                0                  0                  0                 0                 0                  0                  0                  0                  0                        0
 12:15                 PM                0               0                   0                 0                0                0                0                  0                  0                 0                0                0                  0                  0                 0                 0                  0                  0                  0                  0                        0
 12:30                 PM                0               0                   0                 0                0                0                0                  0                  0                 0                0                0                  0                  0                 0                 0                  0                  0                  0                  0                        0
 12:45                 PM                0               0                   0                 0                0                0                0                  0                  0                 0                0                0                  0                  0                 0                 0                  0                  0                  0                  0                        0
   1:00              PM                  0               0                   0                 0                0                0                0                  0                  0                 0                0                0                  0                  0                 0                 0                  0                  0                  0                  0                        0
   1:15              PM                  0               0                   0                 0                0                0                0                  0                  0                 0                0                0                  0                  0                 0                 0                  0                  0                  0                  0                        0
   1:30              PM                  0               0                   0                 0                0                0                0                  0                  0                 0                0                0                  0                  0                 0                 0                  0                  0                  0                  0                        0
   1:45              PM                  0               0                   0                 0                0                0                0                  0                  0                 0                0                0                  0                  0                 0                 0                  0                  0                  0                  0                        0
   2:00              PM                  0               0                   0                 0                0                0                0                  0                  0                 0                0                0                  0                  0                 0                 0                  0                  0                  0                  0                        0
   2:15              PM                  0               0                   0                 0                0                0                0                  0                  0                 0                0                0                  0                  0                 0                 0                  0                  0                  0                  0                        0
   2:30              PM                  0               0                   0                 0                0                0                0                  0                  0                 0                0                0                  0                  0                 0                 0                  0                  0                  0                  0                        0
   2:45              PM                  0               0                   0                 0                0                0                0                  0                  0                 0                0                0                  0                  0                 0                 0                  0                  0                  0                  0                        0
   3:00              PM                  0               0                   0                 0                0                0                0                  0                  0                 0                0                0                  0                  0                 0                 0                  0                  0                  0                  0                        0
   3:15              PM                  0               0                   0                 0                0                0                0                  0                  0                 0                0                0                  0                  0                 0                 0                  0                  0                  0                  0                        0
   3:30              PM                  0               0                   0                 0                0                0                0                  0                  0                 0                0                0                  0                  0                 0                 0                  0                  0                  0                  0                        0
   3:45              PM                  2               3                   1                 0                6                0                0                  0                  0                 0                1                1                  0                  0                 2                 3                  2                  0                  0                  5                      13
   4:00              PM                  0               2                   1                 0                3                0                2                  0                  0                 2                0                0                  2                  0                 2                 0                  1                  0                  0                  1                        8
   4:15              PM                  1               5                   0                 0                6                0                1                  0                  0                 1                0                2                  0                  0                 2                 1                  3                  0                  0                  4                      13
   4:30              PM                  1               3                   0                 0                4                0                0                  0                  0                 0                0                2                  0                  0                 2                 1                  5                  0                  0                  6                      12
   4:45              PM                  0               3                   0                 0                3                0                2                  0                  0                 2                0                3                  0                  0                 3                 0                  2                  1                  0                  3                      11
   5:00              PM                  0               7                   0                 0                7                0                2                  1                  0                 3                0                0                  0                  0                 0                 0                  1                  0                  0                  1                      11
   5:15              PM                  1               6                   0                 0                7                1                3                  2                  0                 6                0                1                  0                  0                 1                 0                  0                  0                  0                  0                      14
   5:30              PM                  0             12                    0                 0              12                 1                2                  1                  0                 4                1                4                  0                  0                 5                 0                  3                  0                  0                  3                      24
   5:45              PM                  2               7                   0                 0                9                0                1                  1                  0                 2                0                2                  0                  0                 2                 1                  3                  1                  0                  5                      18
   6:00              PM                  1               7                   1                 0                9                0                3                  0                  0                 3                0                4                  1                  0                 5                 0                  2                  1                  0                  3                      20
   6:15              PM                  0               7                   0                 0                7                0                1                  1                  0                 2                0                1                  0                  0                 1                 1                  2                  0                  0                  3                      13
   6:30              PM                  0               5                   0                 0                5                0                1                  0                  0                 1                0                0                  0                  0                 0                 0                  0                  1                  0                  1                        7
         Total                           8             69                    4                 0              81                 2              21                   6                  0               29                 4              78                   5                  0               87                  7                37                   4                  0               48                      245
       App             %              9.9           85.2                 4.9               0.0                                6.9            72.4               20.7                0.0                                 4.6            89.7                 5.7               0.0                                14.6              77.1                  8.3                0.0
     Total              %             3.3           28.2                 1.6               0.0             33.1               0.8              8.6                2.4               0.0              11.8               1.6            31.8                 2.0               0.0             35.5                 2.9             15.1                  1.6                0.0             19.6
    INT            ID                                             ROAD 1                                                                                   ROAD 2                                                      ROAD 3                                      ROAD 4                                          COMMUNITY                                                             TMC DATE
             3                                11TH STREET                                             NW                                      N STREET                                  NW                                                                                                                                                 -                                              2/23/2011
