                                                                               Turning                                      Movement                                                     Count                                Report                                   -      Cars                         &           Trucks
  INT            ID                                               ROAD 1                                                                                                   ROAD 2                                                                ROAD 3                                ROAD 4                                  COMMUNITY                                                     TMC DATE
      300                             WARDER STREET                                                            NW                               KENYON STREET                                                         NW                                                                                                                               -                                         6/7/2017
                              CARS
                              NB                                                                                   EB                                                                                                       SB                                                                                      WB
       Start                  Left           Thru              Right              Ped                NB             Left            Thru               Right                       Ped                       EB              Left           Thru              Right               Ped                SB               Left            Thru              Right               Ped                WB                Interval
      Time                                                                                       Total                                                                                                    Total                                                                                   Total                                                                                      Total                   Total
6:30             AM                7             15                  0                3               22                0                 0                   0                        5                        0                0               0                   0                 0                0                 0              91                  12                  4             103                     125
6:45             AM                9             19                  0                4               28                0                 0                   0                        4                        0                0               0                   0                 0                0                 0            108                   11                  5             119                     147
7:00             AM             24               59                  0                2               83                0                 0                   0                        6                        0                0               0                   0                 4                0                 0            248                   53                  8             301                     384
7:15             AM                9             30                  0                1               39                0                 0                   0                        1                        0                0               0                   0                 4                0                 0             113                  37                  4             150                     189
7:30             AM                6             54                  0                2               60                0                 0                   0                        3                        0                0               0                   0                 3                0                 0            173                   46                  1             219                     279
7:45             AM                8             53                  0                5               61                0                 0                   0                        6                        0                0               0                   0                 6                0                 0            166                   56                  5             222                     283
8:00             AM              11              42                  0                2               53                0                 0                   0                      15                         0                0               0                   0                 1                0                 0            167                   64                  7             231                     284
8:15             AM                3             50                  0                3               53                0                 0                   0                      19                         0                0               0                   0                 2                0                 0            196                   46                  4             242                     295
8:30             AM             15               41                  0                3               56                0                 0                   0                      21                         0                0               0                   0                 2                0                 0            189                   57                  7             246                     302
8:45             AM                5             49                  0                2               54                0                 0                   0                      17                         0                0               0                   0                 2                0                 0            165                   54                  3             219                     273
9:00             AM                9             29                  0                2               38                0                 0                   0                        3                        0                0               0                   0                 1                0                 0            135                   34                  2             169                     207
9:15             AM                4             42                  0                4               46                0                 0                   0                        3                        0                0               0                   0                 6                0                 0            149                   20                  4             169                     215
3:30             PM             17               93                  0                2            110                  0                 0                   0                      17                         0                0               0                   0                 8                0                 0            137                   42                  6             179                     289
3:45             PM             21               83                  0                4            104                  0                 0                   0                      10                         0                0               0                   0                 0                0                 0            133                   40                  8             173                     277
4:00             PM             10               77                  0                2               87                0                 0                   0                        4                        0                0               0                   0                 7                0                 0            128                   50                  7             178                     265
4:15             PM             15               87                  0                7            102                  0                 0                   0                      12                         0                0               0                   0                 0                0                 0            151                   43                  9             194                     296
4:30             PM             20               89                  0                5            109                  0                 0                   0                        5                        0                0               0                   0                 1                0                 0            144                   58                  3             202                     311
4:45             PM             19               89                  0                2            108                  0                 0                   0                      10                         0                0               0                   0                 5                0                 0            149                   41                  8             190                     298
5:00             PM              11            104                   0                8            115                  0                 0                   0                        5                        0                0               0                   0                 5                0                 0            156                   35                  7             191                     306
5:15             PM             20             100                   0                5            120                  0                 1                   0                        4                        1                0               0                   0                 0                0                 0            156                   50                  5             206                     327
5:30             PM             19             124                   0                2            143                  0                 0                   0                        4                        0                0               0                   0                 0                0                 0            179                   41                  3             220                     363
5:45             PM             13             105                   0                7            118                  0                 0                   0                        6                        0                0               0                   0                 2                0                 1            154                   43                  3             198                     316
6:00             PM             18             103                   0                6            121                  0                 0                   0                        0                        0                0               0                   0                 2                0                 0            128                   52                  7             180                     301
6:15             PM             28               79                  0                6            107                  0                 0                   0                        0                        0                0               0                   0                 1                0                 0            160                   40                  7             200                     307
      Total                   321            1616                    0              89           1937                   0                 1                   0                    180                          1                0               0                   0              62                  0                 1          3675               1025                 127            4701                     6639
    App            %          16.683.4                            0.0               4.6                              0.0          100.0                   0.0             18,000.0                                            0.0             0.0                0.0               0.0                                 0.0            78.2               21.8                2.7
  Total              %          4.8          24.3                 0.0               1.3           29.2               0.0              0.0                 0.0                       2.7                      0.0              0.0             0.0                0.0               0.9               0.0               0.0            55.4               15.4                1.9             70.8
  INT            ID                                               ROAD 1                                                                                                   ROAD 2                                                                ROAD 3                                ROAD 4                                  COMMUNITY                                                     TMC DATE
      300                             WARDER STREET                                                            NW                               KENYON STREET                                                         NW                                                                                                                               -                                         6/7/2017
                              TRUCKS
                              NB                                                                                            EB                                                                                        SB                                                                                        WB
        Start                   Left           Thru              Right                  Ped                  NB              Left           Thru               Right               Ped                 EB              Left           Thru               Right               Ped                 SB               Left             Thru               Right                Ped                WB                Interval
      Time                                                                                                Total                                                                                     Total                                                                                     Total                                                                                        Total                     Total
 6:30             AM                1                2                  0                   3                   3                0                0                  0                  5                 0                0                0                  0                  0                 0                 0                  7                  1                  4                  8                      11
 6:45             AM                1                0                  0                   4                   1                0                0                  0                  4                 0                0                0                  0                  0                 0                 0                  8                  1                  5                  9                      10
 7:00             AM                2                2                  0                   2                   4                0                0                  0                  6                 0                0                0                  0                  4                 0                 0                34                   0                  8                34                       38
 7:15             AM                0                2                  0                   1                   2                0                0                  0                  1                 0                0                0                  0                  4                 0                 0                17                   2                  4                19                       21
 7:30             AM                3                0                  0                   2                   3                0                0                  0                  3                 0                0                0                  0                  3                 0                 0                18                   6                  1                24                       27
 7:45             AM                0                3                  0                   5                   3                0                0                  0                  6                 0                0                0                  0                  6                 0                 0                17                   4                  5                21                       24
 8:00             AM                4                1                  0                   2                   5                0                0                  0                15                  0                0                0                  0                  1                 0                 0                14                   5                  7                19                       24
 8:15             AM                1                2                  0                   3                   3                0                0                  0                19                  0                0                0                  0                  2                 0                 0                20                   2                  4                22                       25
 8:30             AM                3                6                  0                   3                   9                0                0                  0                21                  0                0                0                  0                  2                 0                 0                18                   3                  7                21                       30
 8:45             AM                2                2                  0                   2                   4                0                0                  0                17                  0                0                0                  0                  2                 0                 0                11                   8                  3                19                       23
 9:00             AM                4                1                  0                   2                   5                0                0                  0                  3                 0                0                0                  0                  1                 0                 0                15                   2                  2                17                       22
 9:15             AM                1                2                  0                   4                   3                0                0                  0                  3                 0                0                0                  0                  6                 0                 0                17                   0                  4                17                       20
 3:30             PM                2                1                  0                   2                   3                0                0                  0                17                  0                0                0                  0                  8                 0                 0                  8                  3                  6                11                       14
 3:45             PM                0                6                  0                   4                   6                0                0                  0                10                  0                0                0                  0                  0                 0                 0                  8                  0                  8                  8                      14
 4:00             PM                1                1                  0                   2                   2                0                0                  0                  4                 0                0                0                  0                  7                 0                 0                  9                  0                  7                  9                      11
 4:15             PM                0                4                  0                   7                   4                0                0                  0                12                  0                0                0                  0                  0                 0                 0                  5                  1                  9                  6                      10
 4:30             PM                2                3                  0                   5                   5                0                0                  0                  5                 0                0                0                  0                  1                 0                 0                  6                  1                  3                  7                      12
 4:45             PM                0                0                  0                   2                   0                0                0                  0                10                  0                0                0                  0                  5                 0                 0                  2                  1                  8                  3                        3
 5:00             PM                1                4                  0                   8                   5                0                0                  0                  5                 0                0                0                  0                  5                 0                 0                  6                  0                  7                  6                      11
 5:15             PM                0                1                  0                   5                   1                0                0                  0                  4                 0                0                0                  0                  0                 0                 0                  7                  2                  5                  9                      10
 5:30             PM                1                3                  0                   2                   4                0                0                  0                  4                 0                0                0                  0                  0                 0                 0                  3                  0                  3                  3                        7
 5:45             PM                1                2                  0                   7                   3                0                0                  0                  6                 0                0                0                  0                  2                 0                 0                  6                  1                  3                  7                      10
 6:00             PM                0                1                  0                   6                   1                0                0                  0                  0                 0                0                0                  0                  2                 0                 0                  1                  0                  7                  1                        2
 6:15             PM                1                2                  0                   6                   3                0                0                  0                  0                 0                0                0                  0                  1                 0                 0                  2                  0                  7                  2                        5
       Total                      31               51                   0                 89                  82                 0                0                  0              180                   0                0                0                  0                62                  0                 0              259                  43               127               302                       384
    App             %          37.8             62.2                 0.0             108.5                                    0.0              0.0                0.0               0.0                                 0.0              0.0                0.0               0.0                                  0.0             85.8                14.2               42.1
   Total              %          8.1            13.3                 0.0               23.2                21.4               0.0              0.0                0.0             46.9                0.0               0.0              0.0                0.0             16.1                0.0                0.0             67.4                11.2               33.1              78.6
  INT            ID                                               ROAD 1                                                                                                   ROAD 2                                                                ROAD 3                                ROAD 4                                  COMMUNITY                                                     TMC DATE
      300                             WARDER STREET                                                            NW                               KENYON STREET                                                         NW                                                                                                                               -                                         6/7/2017
