                                                                               Turning                                      Movement                                                     Count                                Report                                   -      Cars                         &           Trucks
  INT            ID                                                             ROAD 1                                                                                                       ROAD 2                                                     ROAD 3                              ROAD 4                                 COMMUNITY                                                  TMC DATE
      308                            NORTH DAKOTA AVENUE NW                                                                                                               PEABODY ST                                             NW                                                                                                                        -                                      6/6/2017
                              CARS
                              NB                                                                                           EB                                                                                        SB                                                                                         WB
        Start                   Left           Thru              Right                  Ped                 NB              Left           Thru               Right               Ped                 EB              Left            Thru               Right               Ped                 SB               Left             Thru               Right                Ped                WB                Interval
      Time                                                                                               Total                                                                                     Total                                                                                      Total                                                                                        Total                     Total
 6:30             AM                1                4                  0                   0                  5                0                0                  7                  0                 7                0                 7                  0                  1                 7                 1                13                   8                  0                22                       41
 6:45             AM                0                3                  0                   1                  3                0                0                  6                  1                 6                0               11                   0                  4               11                  0                14                   6                  0                20                       40
 7:00             AM                0                1                  0                   0                  1                0                0                  7                  0                 7                0               11                   1                  0               12                  1                11                   6                  0                18                       38
 7:15             AM                0              11                   0                   1                 11                1                0                15                   0               16                 0               15                   0                  2               15                  1                38                 10                   0                49                       91
 7:30             AM                0                2                  0                   7                  2                1                1                23                   6               25                 0               15                   0                  6               15                  0                34                 20                   0                54                       96
 7:45             AM                0                4                  0                 11                   4                0                1                26                   4               27                 0               18                   0                  4               18                  0                32                 19                   2                51                     100
 8:00             AM                3                4                  0                   7                  7                1                1                33                   4               35                 0               24                   2                  6               26                  1                58                 22                   0                81                     149
 8:15             AM                0                2                  0                   3                  2              17                 1                47                   9               65                 0               23                   1                12                24                  1                45                 27                   0                73                     164
 8:30             AM                0                2                  0                   1                  2                8                0                28                   2               36                 0               31                   1                  7               32                  0                38                 17                   0                55                     125
 8:45             AM                0                1                  0                   0                  1                0                0                21                   1               21                 0               16                   0                  1               16                  0                22                 20                   0                42                       80
 9:00             AM                0                1                  0                   3                  1                0                0                21                   0               21                 0               19                   1                  1               20                  0                17                 10                   0                27                       69
 9:15             AM                1                2                  0                   1                  3                0                0                 11                  1               11                 0               15                   0                  1               15                  0                13                 10                   0                23                       52
 3:30             PM                0                2                  0                   5                  2                3                1                46                 27                50                 0               26                   0                29                26                  1                17                 25                   1                43                     121
 3:45             PM                0                3                  0                   3                  3                4                0                30                 11                34                 0               31                   0                18                31                  0                16                 12                   0                28                       96
 4:00             PM                0                0                  0                   4                  0                3                1                46                   1               50                 0               31                   0                  5               31                  0                16                 13                   0                29                     110
 4:15             PM                0                1                  0                   2                  1                0                1                33                   0               34                 0               29                   0                  4               29                  0                19                   7                  0                26                       90
 4:30             PM                0                2                  0                   4                  2                0                0                42                   0               42                 0               26                   0                  5               26                  0                16                 14                   0                30                     100
 4:45             PM                0                2                  0                   5                  2                2                0                42                   0               44                 0               24                   1                  8               25                  1                10                   8                  0                19                       90
 5:00             PM                0                0                  0                   0                  0                1                0                27                   0               28                 0               33                   0                  8               33                  1                10                  11                  0                22                       83
 5:15             PM                0                1                  0                   7                  1                2                0                32                   3               34                 0               29                   0                  2               29                  0                21                 12                   0                33                       97
 5:30             PM                0                2                  0                   2                  2                2                0                42                   2               44                 0               35                   1                  7               36                  0                15                   8                  0                23                     105
 5:45             PM                0                1                  0                   1                  1                4                0                35                   1               39                 0               32                   0                  5               32                  0                16                 13                   0                29                     101
 6:00             PM                1                0                  0                   0                  1                2                1                35                   1               38                 0               35                   1                  1               36                  1                13                   8                  0                22                       97
 6:15             PM                0                1                  0                   0                  1                0                0                22                   3               22                 0               23                   0                  1               23                  0                13                 12                   0                25                       71
       Total                        6              52                   0                 68                 58               51                 8              677                  77              736                  0            559                     9              138               568                   9              517                318                    3             844                     2206
    App             %          10.3             89.7                 0.0             117.2                                    6.9             1.1              92.0              10.5                                   0.0           98.4                  1.6             24.3                                   1.1             61.3                37.7                 0.4
   Total              %          0.3              2.4                0.0                 3.1                2.6               2.3             0.4              30.7                 3.5            33.4                 0.0           25.3                  0.4               6.3             25.7                 0.4             23.4                14.4                 0.1             38.3
  INT            ID                                                             ROAD 1                                                                                                       ROAD 2                                                     ROAD 3                              ROAD 4                                 COMMUNITY                                                  TMC DATE
      308                            NORTH DAKOTA AVENUE NW                                                                                                               PEABODY ST                                             NW                                                                                                                        -                                      6/6/2017
                    TRUCKS
                    NB                                                                                                EB                                                                                             SB                                                                                                WB
  Start             Left            Thru              Right                    Ped                     NB             Left           Thru             Right                    Ped                     EB             Left           Thru               Right                   Ped                      SB              Left            Thru             Right                Ped                  WB             Interval
 Time                                                                                               Total                                                                                          Total                                                                                             Total                                                                                       Total                 Total
  6:30                   0               0                   0                      0                     0                0              0                 0                      0                      0               0                0                  0                      1                      0                0                0                 0                   0                  0                     0
    AM
  6:45                   0               0                   0                      1                     0                0              0                 0                      1                      0               0                0                  0                      4                      0                0                0                 0                   0                  0                     0
    AM
  7:00                   0               0                   0                      0                     0                0              0                 0                      0                      0               0                2                  0                      0                      2                0                1                 0                   0                  1                     3
    AM
  7:15                   0               0                   0                      1                     0                0              0                 0                      0                      0               0                0                  0                      2                      0                0                0                 0                   0                  0                     0
    AM
  7:30                   0               0                   0                      7                     0                0              0                 0                      6                      0               0                1                  0                      6                      1                0                0                 0                   0                  0                     1
    AM
  7:45                   0               1                   0                    11                      1                0              0                 0                      4                      0               0                0                  0                      4                      0                0                0                 0                   2                  0                     1
    AM
  8:00                   0               0                   0                      7                     0                0              0                 0                      4                      0               0                0                  0                      6                      0                0                0                 0                   0                  0                     0
    AM
  8:15                   0               0                   0                      3                     0                0              0                 0                      9                      0               0                1                  0                    12                       1                0                0                 0                   0                  0                     1
    AM
  8:30                   0               0                   0                      1                     0                0              0                 0                      2                      0               0                1                  0                      7                      1                0                0                 0                   0                  0                     1
    AM
  8:45                   0               0                   0                      0                     0                0              0                 0                      1                      0               0                3                  0                      1                      3                0                0                 1                   0                  1                     4
    AM
  9:00                   0               0                   0                      3                     0                0              0                 0                      0                      0               0                0                  0                      1                      0                0                0                 0                   0                  0                     0
    AM
  9:15                   0               0                   0                      1                     0                0              0                 0                      1                      0               0                0                  0                      1                      0                0                0                 0                   0                  0                     0
    AM
  3:30                   0               0                   0                      5                     0                0              0                 0                    27                       0               0                0                  0                    29                       0                0                0                 0                   1                  0                     0
    PM
  3:45                   0               0                   0                      3                     0                0              0                 1                    11                       1               0                0                  0                    18                       0                0                0                 0                   0                  0                     1
    PM
  4:00                   0               0                   0                      4                     0                0              0                 0                      1                      0               0                0                  0                      5                      0                0                0                 0                   0                  0                     0
    PM
  4:15                   0               0                   0                      2                     0                0              0                 1                      0                      1               0                0                  0                      4                      0                0                0                 0                   0                  0                     1
    PM
  4:30                   0               0                   0                      4                     0                0              0                 0                      0                      0               0                0                  0                      5                      0                0                0                 0                   0                  0                     0
    PM
  4:45                   0               0                   0                      5                     0                0              0                 0                      0                      0               0                0                  0                      8                      0                0                0                 0                   0                  0                     0
    PM
  5:00                   0               0                   0                      0                     0                0              0                 0                      0                      0               0                0                  0                      8                      0                0                0                 0                   0                  0                     0
    PM
  5:15                   0               0                   0                      7                     0                0              0                 0                      3                      0               0                0                  0                      2                      0                0                0                 0                   0                  0                     0
    PM
  5:30                   0               0                   0                      2                     0                0              0                 0                      2                      0               0                0                  0                      7                      0                0                0                 0                   0                  0                     0
    PM
  5:45                   0               0                   0                      1                     0                0              0                 0                      1                      0               0                0                  0                      5                      0                0                0                 0                   0                  0                     0
    PM
  6:00                   0               0                   0                      0                     0                0              0                 0                      1                      0               0                0                  0                      1                      0                0                0                 1                   0                  1                     1
    PM
  6:15                   0               0                   0                      0                     0                0              0                 0                      3                      0               0                0                  0                      1                      0                0                0                 0                   0                  0                     0
    PM
 Total                   0               1                   0                    68                      1                0              0                 2                    77                       2               0                8                  0                  138                        8                0                1                 2                   3                  3                   14
   App               0.0          100.0                   0.0            6,800.0                                       0.0             0.0           100.03,850.0                                                      0.0          100.0                  0.0             1,725.0                                        0.0           33.3               66.7             100.0
       %
 Total               0.0              7.1                 0.0               485.7                     7.1              0.0             0.0             14.3                 550.0                   14.3               0.0            57.1                 0.0               985.7                    57.1                0.0              7.1             14.3                21.4              21.4
       %
  INT            ID                                                             ROAD 1                                                                                                       ROAD 2                                                     ROAD 3                              ROAD 4                                 COMMUNITY                                                  TMC DATE
      308                            NORTH DAKOTA AVENUE NW                                                                                                               PEABODY ST                                             NW                                                                                                                        -                                      6/6/2017
