                                                                               Turning                                      Movement                                                     Count                                Report                                   -      Cars                         &           Trucks
 INT            ID                                                      ROAD 1                                                                                                                 ROAD 2                                                                    ROAD 3                          ROAD 4                            COMMUNITY                                             TMC DATE
    310                     NORTH DAKOTA AVENUE NW                                                                                                      RITTENHOUSE STREET                                                                            NW                                                                                                          -                                 6/6/2017
                               CARS
                               NB                                                                                         EB                                                                                        SB                                                                                         WB
        Start                    Left           Thru               Right               Ped                 NB              Left           Thru               Right               Ped                 EB              Left            Thru              Right                Ped                 SB               Left             Thru               Right                Ped                WB                 Interval
       Time                                                                                            Total                                                                                     Total                                                                                       Total                                                                                        Total                     Total
 6:30             AM                 3                4                  0                  1                 7                0                0                  3                  0                 3                1                2                   0                 1                  3                 0                  3                  0                  0                  3                       16
 6:45             AM                 3                2                  0                  0                 5                0                1                  4                  0                 5                0                3                   0                 0                  3                 0                  4                  0                  0                  4                       17
 7:00             AM                 0                1                  0                  0                 1                0                0                  2                  0                 2                0                6                   0                 0                  6                 1                  1                  0                  0                  2                       11
 7:15             AM                 2                5                  1                  0                 8                0                1                  3                  0                 4                0                4                   0                 1                  4                 0                  1                  1                  0                  2                       18
 7:30             AM                 5                5                  0                  0               10                 1                3                  3                  2                 7                0                5                   0                 0                  5                 0                  3                  3                  2                  6                       28
 7:45             AM                 5                7                  0                  0               12                 0                1                  3                  2                 4                0                4                   1                 1                  5                 0                  8                  0                  3                  8                       29
 8:00             AM                 3                9                  0                  0               12                 0                3                  6                  2                 9                0              15                    0                 0                15                  0                  5                  0                  0                  5                       41
 8:15             AM                 9             22                    0                  2               31                 1                5                  8                  7               14                 0                9                   1                 0                10                  1                11                   1                  4                13                        68
 8:30             AM                 6             16                    0                  1               22                 0                4                  6                  3               10                 1              12                    0                 0                13                  0                  7                  2                  1                  9                       54
 8:45             AM                 9                5                  0                  0               14                 0                4                  4                  0                 8                1                5                   0                 0                  6                 0                10                   5                  3                15                        43
 9:00             AM                 1                5                  0                  0                 6                0                4                  6                  0               10                 1                5                   0                 0                  6                 0                  1                  2                  1                  3                       25
 9:15             AM                 4                5                  0                  1                 9                1                2                  3                  0                 6                1                8                   0                 0                  9                 0                  2                  0                  1                  2                       26
 3:30             PM                 4                9                  0                  2               13                 0             13                    8                12                21                 0                9                   1                 0                10                  0                10                   0                  1                10                        54
 3:45             PM               10              10                    0                  3               20                 0                4                10                   9               14                 1              14                    1                 0                16                  0                  8                  1                  1                  9                       59
 4:00             PM                 4                7                  0                  1               11                 0                5                  6                  0               11                 0                9                   1                 0                10                  0                  2                  0                  0                  2                       34
 4:15             PM                 4                4                  0                  0                 8                0                9                  8                  0               17                 2              12                    0                 0                14                  1                  4                  0                  0                  5                       44
 4:30             PM                 3                5                  0                  0                 8                0                4                  6                  3               10                 1                9                   3                 0                13                  0                  5                  0                  0                  5                       36
 4:45             PM                 1                3                  0                  0                 4                0                2                  7                  4                 9                0                9                   0                 1                  9                 0                  2                  3                  0                  5                       27
 5:00             PM                 5                7                  0                  0               12                 0                7                  9                  2               16                 0              13                    1                 0                14                  0                  3                  1                  2                  4                       46
 5:15             PM                 1                9                  0                  0               10                 0                3                  6                  3                 9                0              12                    2                 1                14                  0                  3                  1                  2                  4                       37
 5:30             PM                 2             10                    0                  0               12                 0                8                  7                  1               15                 3              12                    1                 0                16                  0                  2                  0                  0                  2                       45
 5:45             PM                 2                8                  0                  0               10                 0                4                14                   4               18                 1              14                    0                 0                15                  1                  9                  2                  3                12                        55
 6:00             PM                 3                6                  1                  1               10                 1                6                  6                  2               13                 0                9                   0                 0                  9                 0                  5                  0                  1                  5                       37
 6:15             PM                 4                6                  2                  1               12                 0                5                  6                  1               11                 2                9                   0                 0                11                  0                  7                  4                  1                11                        45
       Total                       93            170                     4                13             267                   4             98                144                  57             246                 15             209                   12                  5              236                   4              116                  26                 26              146                       895
     App            %          34.8              63.7                 1.5               4.9                                 1.6            39.8               58.5              23.2                                  6.4            88.6                  5.1               2.1                                  2.7             79.5                17.8               17.8
   Total              %        10.4              19.0                 0.4               1.5             29.8                0.4            10.9               16.1                6.4             27.5                1.7            23.4                  1.3               0.6             26.4                 0.4             13.0                  2.9                2.9              16.3
 INT            ID                                                      ROAD 1                                                                                                                 ROAD 2                                                                    ROAD 3                          ROAD 4                            COMMUNITY                                             TMC DATE
    310                     NORTH DAKOTA AVENUE NW                                                                                                      RITTENHOUSE STREET                                                                            NW                                                                                                          -                                 6/6/2017
                              TRUCKS
                              NB                                                                                          EB                                                                                          SB                                                                                        WB
       Start                  Left           Thru              Right                 Ped                   NB              Left          Thru              Right                 Ped                   EB              Left            Thru              Right               Ped                 SB               Left            Thru              Right                 Ped                   WB               Interval
      Time                                                                                             Total                                                                                       Total                                                                                     Total                                                                                           Total                   Total
6:30             AM                0               1                  0                   1                  1                 0               0                  0                   0                   0                0                0                   0                 1                 0                 0                0                   0                   0                   0                        1
6:45             AM                0               0                  0                   0                  0                 0               0                  0                   0                   0                0                0                   0                 0                 0                 0                1                   0                   0                   1                        1
7:00             AM                0               1                  0                   0                  1                 0               0                  0                   0                   0                0                1                   0                 0                 1                 0                0                   0                   0                   0                        2
7:15             AM                0               0                  0                   0                  0                 0               0                  0                   0                   0                0                0                   0                 1                 0                 0                1                   0                   0                   1                        1
7:30             AM                0               1                  0                   0                  1                 0               0                  0                   2                   0                0                1                   0                 0                 1                 0                0                   0                   2                   0                        2
7:45             AM                0               0                  0                   0                  0                 0               1                  0                   2                   1                0                0                   0                 1                 0                 0                1                   0                   3                   1                        2
8:00             AM                0               0                  0                   0                  0                 0               0                  0                   2                   0                0                0                   0                 0                 0                 0                0                   0                   0                   0                        0
8:15             AM                0               0                  0                   2                  0                 0               1                  1                   7                   2                0                1                   0                 0                 1                 0                0                   0                   4                   0                        3
8:30             AM                0               0                  0                   1                  0                 0               0                  0                   3                   0                0                1                   0                 0                 1                 0                0                   0                   1                   0                        1
8:45             AM                1               0                  0                   0                  1                 0               0                  2                   0                   2                0                2                   0                 0                 2                 0                0                   0                   3                   0                        5
9:00             AM                0               0                  0                   0                  0                 0               0                  0                   0                   0                0                1                   0                 0                 1                 0                1                   0                   1                   1                        2
9:15             AM                0               0                  0                   1                  0                 0               0                  0                   0                   0                0                0                   0                 0                 0                 0                1                   0                   1                   1                        1
3:30             PM                0               0                  0                   2                  0                 0               0                  1                 12                    1                0                0                   0                 0                 0                 0                0                   0                   1                   0                        1
3:45             PM                1               1                  0                   3                  2                 0               1                  0                   9                   1                0                0                   0                 0                 0                 0                0                   0                   1                   0                        3
4:00             PM                0               0                  0                   1                  0                 0               0                  0                   0                   0                0                0                   0                 0                 0                 0                0                   0                   0                   0                        0
4:15             PM                0               1                  0                   0                  1                 0               1                  0                   0                   1                0                2                   0                 0                 2                 0                1                   0                   0                   1                        5
4:30             PM                0               0                  0                   0                  0                 0               1                  0                   3                   1                0                0                   0                 0                 0                 0                0                   0                   0                   0                        1
4:45             PM                0               0                  0                   0                  0                 0               1                  1                   4                   2                0                0                   0                 1                 0                 0                0                   1                   0                   1                        3
5:00             PM                0               0                  0                   0                  0                 0               0                  0                   2                   0                0                2                   0                 0                 2                 0                0                   0                   2                   0                        2
5:15             PM                0               0                  0                   0                  0                 0               0                  1                   3                   1                0                0                   0                 1                 0                 0                0                   0                   2                   0                        1
5:30             PM                0               0                  0                   0                  0                 0               0                  0                   1                   0                0                0                   0                 0                 0                 0                1                   0                   0                   1                        1
5:45             PM                0               0                  0                   0                  0                 0               1                  0                   4                   1                0                0                   0                 0                 0                 0                0                   0                   3                   0                        1
6:00             PM                0               1                  0                   1                  1                 0               0                  0                   2                   0                0                0                   0                 0                 0                 0                0                   0                   1                   0                        1
6:15             PM                0               0                  0                   1                  0                 0               0                  1                   1                   1                0                0                   0                 0                 0                 0                1                   0                   1                   1                        2
      Total                        2               6                  0                 13                   8                 0               7                  7                 57                 14                  0              11                    0                 5               11                  0                8                   1                 26                    9                      42
    App            %          25.075.0                            0.0             162.5                                    0.0            50.0              50.0              407.1                                    0.0          100.0                    0.0             45.5                                  0.0            88.9                11.1             288.9
  Total              %          4.8          14.3                 0.0               31.0                19.0               0.0            16.7              16.7              135.7                  33.3              0.0            26.2                   0.0             11.9              26.2                0.0            19.0                 2.4               61.9                21.4
 INT            ID                                                      ROAD 1                                                                                                                 ROAD 2                                                                    ROAD 3                          ROAD 4                            COMMUNITY                                             TMC DATE
    310                     NORTH DAKOTA AVENUE NW                                                                                                      RITTENHOUSE STREET                                                                            NW                                                                                                          -                                 6/6/2017
