                                                                               Turning                                      Movement                                                     Count                                Report                                   -      Cars                         &           Trucks
  INT            ID                                                           ROAD 1                                                                                                     ROAD 2                                                     ROAD 3                               ROAD 4                                  COMMUNITY                                                    TMC DATE
     312                              CONSTITUTION AVENUE NE                                                                                                          16TH STREET                                              NE                                                                                                                        -                                     7/11/2017
                              CARS
                              NB                                                                                         EB                                                                                        SB                                                                                          WB
        Start                   Left           Thru               Right               Ped                 NB              Left           Thru               Right               Ped                 EB               Left            Thru              Right                Ped                 SB                Left             Thru               Right                Ped                WB                 Interval
      Time                                                                                             Total                                                                                     Total                                                                                       Total                                                                                         Total                     Total
 7:00             AM                0                0                  0                  0                 0                1                1                  0                  0                 2                 0                1                   0                 1                  1                  1                  2                  0                  0                  3                         6
 7:15             AM                1                1                  0                  4                 2                1                0                  1                  0                 2                 0                0                   0                 0                  0                  2                  2                  1                  2                  5                         9
 7:30             AM                0                0                  1                  1                 1                0                2                  1                  0                 3                 0                1                   1                 1                  2                  3                  2                  0                  1                  5                      11
 7:45             AM                0                0                  0                  2                 0                0                1                  2                  0                 3                 0                1                   1                 1                  2                  1                  2                  1                  1                  4                         9
 8:00             AM                2                0                  1                  1                 3                0                3                  2                  0                 5                 0                4                   1                 0                  5                  0                  7                  0                  1                  7                      20
 8:15             AM                3                2                  1                  1                 6                1                3                  1                  0                 5                 1                1                   0                 1                  2                  5                  4                  0                  2                  9                      22
 8:30             AM                2                0                  0                  1                 2                1                5                  0                  2                 6                 0                1                   0                 1                  1                  2                  5                  0                  0                  7                      16
 8:45             AM                2                3                  0                  1                 5                1                3                  3                  1                 7                 0                0                   1                 0                  1                  1                  6                  0                  1                  7                      20
 9:00             AM                4                4                  1                  1                 9                0                2                  2                  2                 4                 1                3                   0                 1                  4                  3                  4                  0                  0                  7                      24
 9:15             AM                0                0                  0                  3                 0                1                6                  4                  1               11                  1                1                   0                 2                  2                  2                  2                  0                  1                  4                      17
 9:30             AM                0                4                  0                  1                 4                1                1                  3                  3                 5                 0                1                   0                 2                  1                  2                  0                  1                  0                  3                      13
 9:45             AM                2                5                  1                  0                 8                1                6                  1                  0                 8                 0                0                   1                 0                  1                  0                  2                  0                  0                  2                      19
 4:00             PM                4                4                  1                  3                 9                0              10                   3                  1               13                  0                1                   0                 0                  1                  3                  1                  1                  0                  5                      28
 4:15             PM                4                1                  1                  0                 6                0              16                   5                  2               21                  0                2                   1                 0                  3                  1                  1                  0                  0                  2                      32
 4:30             PM                3                2                  1                  1                 6                0                7                  6                  1               13                  1                2                   1                 0                  4                  3                  5                  2                  0               10                        33
 4:45             PM                0                1                  1                  2                 2                1              17                   7                  2               25                  3                5                   0                 1                  8                  3                  2                  0                  0                  5                      40
 5:00             PM                0                3                  1                  2                 4                0                8                  1                  3                 9                 0                0                   0                 2                  0                  2                  2                  1                  1                  5                      18
 5:15             PM                1                3                  2                  0                 6                0              10                   4                  4               14                  0                0                   0                 1                  0                  1                  2                  1                  1                  4                      24
 5:30             PM                4                2                  4                  0               10                 1              13                  11                  5               25                  1                1                   0                 1                  2                  2                  5                  0                  0                  7                      44
 5:45             PM                1                6                  1                  0                 8                1                7                  5                  1               13                  0                1                   0                 3                  1                  1                  2                  2                  1                  5                      27
 6:00             PM                6                2                  3                  2               11                 2              14                   4                  2               20                  0                2                   0                 3                  2                  2                  0                  2                  2                  4                      37
 6:15             PM                0                3                  0                  2                 3                1              14                   4                  1               19                  0                1                   1                 1                  2                  2                  3                  0                  2                  5                      29
 6:30             PM                2                1                  1                  2                 4                3                8                  4                12                15                  0                2                   1                 0                  3                  0                  5                  0                  0                  5                      27
 6:45             PM                2                4                  2                  5                 8                0                3                  6                  4                 9                 0                3                   1                 3                  4                  2                  0                  2                  3                  4                      25
       Total                      43               51                 23                 35              117                17             160                  80                 47              257                   8              34                  10                25                 52                 44                 66                 14                 19              124                       550
    App             %          36.8             43.6               19.7              29.9                                  6.6            62.3               31.1              18.3                                15.4              65.4                19.2              48.1                                  35.5              53.2                11.3               15.3
   Total              %          7.8              9.3                4.2               6.4             21.3                3.1            29.1               14.5                8.5             46.7                1.5               6.2                 1.8                4.5               9.5                8.0             12.0                  2.5                3.5              22.5
  INT            ID                                                           ROAD 1                                                                                                     ROAD 2                                                     ROAD 3                               ROAD 4                                  COMMUNITY                                                    TMC DATE
     312                              CONSTITUTION AVENUE NE                                                                                                          16TH STREET                                              NE                                                                                                                        -                                     7/11/2017
                              TRUCKS
                              NB                                                                                         EB                                                                                       SB                                                                                             WB
        Start                  Left             Thru               Right               Ped                NB               Left           Thru              Right               Ped                 EB                Left              Thru              Right               Ped                  SB               Left            Thru               Right                Ped                WB                Interval
      Time                                                                                             Total                                                                                    Total                                                                                          Total                                                                                         Total                   Total
 7:00             AM                0                 0                   0                 0                0                 0                0                  0                 0                0                   0                  0                   0                 0                 0                  0                 0                  1                  0                  1                       1
 7:15             AM                0                 0                   0                 0                0                 0                0                  0                 0                0                   0                  0                   0                 0                 0                  0                 0                  0                  0                  0                       0
 7:30             AM                0                 0                   0                 0                0                 0                0                  0                 0                0                   0                  0                   0                 0                 0                  0                 0                  0                  0                  0                       0
 7:45             AM                0                 0                   0                 0                0                 0                0                  0                 0                0                   0                  0                   0                 0                 0                  0                 0                  1                  0                  1                       1
 8:00             AM                0                 1                   0                 0                1                 0                0                  0                 0                0                   0                  0                   0                 0                 0                  0                 0                  0                  0                  0                       1
 8:15             AM                0                 0                   0                 0                0                 0                0                  1                 0                1                   0                  0                   0                 0                 0                  1                 0                  0                  0                  1                       2
 8:30             AM                0                 0                   0                 0                0                 1                1                  0                 0                2                   0                  0                   0                 0                 0                  0                 1                  2                  0                  3                       5
 8:45             AM                0                 3                   0                 0                3                 0                0                  0                 0                0                   0                  0                   0                 0                 0                  0                 0                  2                  0                  2                       5
 9:00             AM                0                 0                   0                 0                0                 0                1                  0                 0                1                   0                  0                   0                 0                 0                  0                 0                  0                  0                  0                       1
 9:15             AM                0                 1                   0                 0                1                 0                1                  0                 0                1                   0                  0                   0                 0                 0                  0                 0                  1                  0                  1                       3
 9:30             AM                0                 1                   0                 0                1                 0                1                  0                 0                1                   0                  0                   0                 0                 0                  0                 0                  0                  0                  0                       2
 9:45             AM                0                 0                   0                 0                0                 0                0                  0                 0                0                   0                  0                   0                 0                 0                  0                 0                  0                  0                  0                       0
 4:00             PM                0                 1                   0                 0                1                 0                0                  0                 0                0                   1                  0                   0                 0                 1                  0                 0                  0                  0                  0                       2
 4:15             PM                0                 0                   0                 0                0                 0                0                  0                 0                0                   0                  0                   0                 0                 0                  0                 0                  0                  0                  0                       0
 4:30             PM                0                 0                   0                 0                0                 0                0                  0                 0                0                   0                  0                   0                 0                 0                  0                 0                  0                  0                  0                       0
 4:45             PM                0                 0                   0                 0                0                 0                0                  0                 0                0                   0                  0                   0                 0                 0                  0                 0                  0                  0                  0                       0
 5:00             PM                0                 1                   0                 0                1                 0                1                  0                 0                1                   1                  0                   0                 0                 1                  1                 0                  0                  0                  1                       4
 5:15             PM                0                 0                   0                 0                0                 0                0                  0                 0                0                   0                  0                   0                 0                 0                  0                 0                  0                  0                  0                       0
 5:30             PM                0                 0                   0                 0                0                 0                0                  0                 0                0                   0                  0                   0                 0                 0                  0                 0                  1                  0                  1                       1
 5:45             PM                0                 0                   0                 0                0                 0                0                  0                 0                0                   0                  0                   0                 0                 0                  0                 1                  0                  0                  1                       1
 6:00             PM                0                 0                   0                 0                0                 0                0                  0                 0                0                   0                  0                   0                 0                 0                  0                 0                  0                  0                  0                       0
 6:15             PM                0                 0                   0                 0                0                 0                0                  0                 0                0                   0                  0                   0                 0                 0                  0                 0                  0                  0                  0                       0
 6:30             PM                0                 0                   0                 0                0                 0                0                  0                 0                0                   0                  0                   0                 0                 0                  0                 0                  0                  0                  0                       0
 6:45             PM                0                 0                   0                 0                0                 0                1                  0                 0                1                   0                  0                   0                 0                 0                  0                 0                  0                  0                  0                       1
       Total                        0                 8                   0                 0                8                 1                6                  1                 0                8                   2                  0                   0                 0                 2                  2                 2                  8                  0                12                      30
    App             %            0.0          100.0                   0.0               0.0                              12.5              75.0              12.5                0.0                               100.0                  0.0                 0.0               0.0                               16.7              16.7                66.7                 0.0
   Total              %          0.0            26.7                  0.0               0.0             26.7               3.3             20.0                3.3               0.0             26.7                  6.7                0.0                 0.0               0.0               6.7               6.7               6.7               26.7                 0.0             40.0
  INT            ID                                                           ROAD 1                                                                                                     ROAD 2                                                     ROAD 3                               ROAD 4                                  COMMUNITY                                                    TMC DATE
     312                              CONSTITUTION AVENUE NE                                                                                                          16TH STREET                                              NE                                                                                                                        -                                     7/11/2017
