                                                                               Turning                                      Movement                                                     Count                                Report                                   -      Cars                         &           Trucks
     INT            ID                                          ROAD 1                                                                             ROAD 2                                                       ROAD 3                                        ROAD 4                                           COMMUNITY                                                                 TMC DATE
        313                                     8TH STREET                                          NE                                  D STREET                                  NE                                                                                                                                                   -                                                  7/11/2017
                              CARS
                              NB                                                                                        EB                                                                                         SB                                                                                          WB
        Start                  Left           Thru               Right               Ped                  NB              Left           Thru               Right               Ped                 EB               Left            Thru              Right                Ped                 SB               Left             Thru               Right                Ped                WB                 Interval
      Time                                                                                            Total                                                                                      Total                                                                                       Total                                                                                        Total                     Total
 7:00             AM                0             40                    0                 6               40                  4                5                  3                  0               12                  4              35                    0                 5                39                  0                  0                  0                10                   0                       91
 7:15             AM                0             41                    1                 5               42                  3                3                  3                  0                 9                 5              33                    0                11                38                  0                  0                  0                  8                  0                       89
 7:30             AM                0             39                    4               12                43                  3                4                  1                  0                 8                 6              34                    0                 7                40                  0                  0                  0                30                   0                       91
 7:45             AM                0             50                    4                 8               54                  3                6                  2                  0               11                  5              50                    0               10                 55                  0                  0                  0                16                   0                    120
 8:00             AM                0             52                    4                 8               56                  7              12                   3                  0               22                  7              48                    0                 6                55                  0                  0                  0                15                   0                    133
 8:15             AM                0             58                    2               17                60                  4              11                   2                  0               17                13               53                    0               12                 66                  0                  0                  0                18                   0                    143
 8:30             AM                0             49                    3                 7               52                  5              14                   5                  0               24                  8              48                    0               17                 56                  0                  0                  0                  9                  0                    132
 8:45             AM                0             52                 10                 23                62                  4                9                  1                  0               14                12               41                    0               12                 53                  0                  0                  0                24                   0                    129
 9:00             AM                0             40                    6                 9               46                  0              13                   3                  0               16                  7              38                    0                 3                45                  0                  0                  0                  5                  0                    107
 9:15             AM                0             42                    2                 6               44                  1                5                  4                  0               10                  7              37                    0                 4                44                  0                  0                  0                17                   0                       98
 9:30             AM                0             29                    1                 6               30                  1                7                  3                  0               11                  3              40                    0               10                 43                  0                  0                  0                  7                  0                       84
 9:45             AM                0             24                    5                 5               29                  3                5                  1                  0                 9                 5              31                    0                 7                36                  0                  0                  0                  5                  0                       74
 4:00             PM                0             54                    6                 6               60                  4              23                   1                  0               28                11               44                    0                 6                55                  0                  0                  0                 11                  0                    143
 4:15             PM                0             35                    7                 7               42                  5              14                   3                  0               22                15               45                    0                 7                60                  0                  0                  0                15                   0                    124
 4:30             PM                0             41                    4                 8               45                  6              19                   4                  0               29                14               37                    0               10                 51                  0                  0                  0                17                   0                    125
 4:45             PM                0             49                    3               12                52                  5              23                   5                  0               33                18               35                    0                 6                53                  0                  0                  0                21                   0                    138
 5:00             PM                0             50                 10                 13                60                  7              31                   3                  0               41                20               47                    0                 4                67                  0                  0                  0                14                   0                    168
 5:15             PM                0             41                 12                 12                53                  6              31                   4                  0               41                15               45                    0               10                 60                  0                  0                  0                31                   0                    154
 5:30             PM                0             49                    4               16                53                  6              21                   5                  0               32                15               46                    0               14                 61                  0                  0                  0                14                   0                    146
 5:45             PM                0             50                    3               17                53                  3              25                   1                  0               29                23               58                    0               22                 81                  0                  0                  0                39                   0                    163
 6:00             PM                0             41                    6               10                47                  5              29                   5                  0               39                13               49                    0               13                 62                  0                  0                  0                28                   0                    148
 6:15             PM                0             39                    6               13                45                  4              33                   3                  0               40                  8              37                    0               10                 45                  0                  0                  0                17                   0                    130
 6:30             PM                0             35                    7               14                42                  4              17                   3                  0               24                11               35                    0                 7                46                  0                  0                  0                18                   0                    112
 6:45             PM                0             42                    6               15                48                  3              16                   4                  0               23                20               53                    0                 3                73                  0                  0                  0                19                   0                    144
       Total                        0         1042                  116               255             1158                  96             376                  72                   0             544               265            1019                      0             216              1284                    0                  0                  0              408                    0                  2986
    App             %            0.0           90.0                10.0              22.0                                17.6             69.1               13.2                0.0                               20.6              79.4                  0.0             16.8                                   0.0               0.0                 0.0                0.0
   Total              %          0.0           34.9                  3.9               8.5             38.8                3.2            12.6                 2.4               0.0             18.2                8.9             34.1                  0.0                7.2            43.0                 0.0               0.0                 0.0              13.7                 0.0
     INT            ID                                          ROAD 1                                                                             ROAD 2                                                       ROAD 3                                        ROAD 4                                           COMMUNITY                                                                 TMC DATE
        313                                     8TH STREET                                          NE                                  D STREET                                  NE                                                                                                                                                   -                                                  7/11/2017
                              TRUCKS
                              NB                                                                                          EB                                                                                      SB                                                                                           WB
       Start                  Left           Thru              Right                 Ped                   NB              Left          Thru              Right               Ped                 EB             Left           Thru              Right                  Ped                  SB                Left            Thru               Right                  Ped                  WB               Interval
      Time                                                                                             Total                                                                                   Total                                                                                        Total                                                                                            Total                    Total
7:00             AM                0              5                   0                   6                  5                 0               1                  0                 0                1                 0               6                   0                   5                  6                  0                0                   0                  10                     0                     12
7:15             AM                0              4                   0                   5                  4                 0               0                  2                 0                2                 0               6                   0                 11                   6                  0                0                   0                    8                    0                     12
7:30             AM                0              3                   2                 12                   5                 0               1                  0                 0                1                 0             12                    0                   7                12                   0                0                   0                  30                     0                     18
7:45             AM                0              6                   0                   8                  6                 1               1                  0                 0                2                 0               3                   0                 10                   3                  0                0                   0                  16                     0                     11
8:00             AM                0              8                   0                   8                  8                 0               1                  0                 0                1                 0               4                   0                   6                  4                  0                0                   0                  15                     0                     13
8:15             AM                0              6                   0                 17                   6                 0               1                  2                 0                3                 0               7                   0                 12                   7                  0                0                   0                  18                     0                     16
8:30             AM                0              4                   0                   7                  4                 1               1                  0                 0                2                 0               3                   0                 17                   3                  0                0                   0                    9                    0                       9
8:45             AM                0              8                   1                 23                   9                 1               0                  0                 0                1                 0             14                    0                 12                 14                   0                0                   0                  24                     0                     24
9:00             AM                0              8                   0                   9                  8                 0               2                  0                 0                2                 0              11                   0                   3                 11                  0                0                   0                    5                    0                     21
9:15             AM                0              7                   1                   6                  8                 0               1                  0                 0                1                 1               6                   0                   4                  7                  0                0                   0                  17                     0                     16
9:30             AM                0              7                   0                   6                  7                 0               2                  0                 0                2                 0             10                    0                 10                 10                   0                0                   0                    7                    0                     19
9:45             AM                0              7                   1                   5                  8                 0               1                  0                 0                1                 0               7                   0                   7                  7                  0                0                   0                    5                    0                     16
4:00             PM                0              4                   0                   6                  4                 1               3                  0                 0                4                 0               5                   0                   6                  5                  0                0                   0                  11                     0                     13
4:15             PM                0              5                   0                   7                  5                 0               1                  0                 0                1                 1               2                   0                   7                  3                  0                0                   0                  15                     0                       9
4:30             PM                0              2                   0                   8                  2                 0               3                  0                 0                3                 0               4                   0                 10                   4                  0                0                   0                  17                     0                       9
4:45             PM                0              3                   0                 12                   3                 1               2                  0                 0                3                 0               5                   0                   6                  5                  0                0                   0                  21                     0                     11
5:00             PM                0              6                   0                 13                   6                 0               3                  0                 0                3                 0               5                   0                   4                  5                  0                0                   0                  14                     0                     14
5:15             PM                0              1                   0                 12                   1                 0               1                  1                 0                2                 0               1                   0                 10                   1                  0                0                   0                  31                     0                       4
5:30             PM                0              3                   0                 16                   3                 0               0                  0                 0                0                 0               3                   0                 14                   3                  0                0                   0                  14                     0                       6
5:45             PM                0              4                   0                 17                   4                 0               4                  0                 0                4                 0               3                   0                 22                   3                  0                0                   0                  39                     0                     11
6:00             PM                0              1                   0                 10                   1                 0               1                  0                 0                1                 0               2                   0                 13                   2                  0                0                   0                  28                     0                       4
6:15             PM                0              1                   0                 13                   1                 0               3                  0                 0                3                 0               3                   0                 10                   3                  0                0                   0                  17                     0                       7
6:30             PM                0              1                   0                 14                   1                 0               0                  0                 0                0                 0               2                   0                   7                  2                  0                0                   0                  18                     0                       3
6:45             PM                0              2                   0                 15                   2                 0               1                  0                 0                1                 0               4                   0                   3                  4                  0                0                   0                  19                     0                       7
      Total                        0          106                     5               255                 111                  5            34                    5                 0              44                  2           128                     0              216                 130                    0                0                   0               408                       0                   285
    App            %           0.0           95.5                 4.5             229.7                                   11.4            77.3               11.4               0.0                                 1.5           98.5                 0.0             166.2                                      0.0               0.0                0.0                  0.0
  Total              %         0.0           37.2                 1.8               89.5                38.9               1.8            11.9                1.8               0.0             15.4                0.7           44.9                 0.0               75.8                45.6                 0.0               0.0                0.0              143.2                   0.0
     INT            ID                                          ROAD 1                                                                             ROAD 2                                                       ROAD 3                                        ROAD 4                                           COMMUNITY                                                                 TMC DATE
        313                                     8TH STREET                                          NE                                  D STREET                                  NE                                                                                                                                                   -                                                  7/11/2017
