                                                                               Turning                                      Movement                                                     Count                                Report                                   -      Cars                         &           Trucks
    INT            ID                                             ROAD 1                                                                                    ROAD 2                                                      ROAD 3                                     ROAD 4                                          COMMUNITY                                                             TMC DATE
          32                                  15TH STREET                                              NW                                      H STREET                                  NW                                                                                                                                                -                                                 6/9/2011
                                   CARS
                                   NB                                                                                       EB                                                                                        SB                                                                                        WB
          Start                     Left            Thru              Right               Ped                NB              Left           Thru               Right               Ped                 EB              Left           Thru               Right               Ped                 SB               Left             Thru               Right                Ped                WB                Interval
         Time                                                                                             Total                                                                                     Total                                                                                     Total                                                                                        Total                     Total
   7:00             AM                   0           130                  15                   8            145                  9           191                   54                 21              254                  0                0                  0                11                  0                 0                  0                  0                19                   0                    399
   7:15             AM                   0           133                  17                   8            150                10            207                   54                 29              271                  0                0                  0                20                  0                 0                  0                  0                13                   0                    421
   7:30             AM                   0           139                  19                14              158                14            266                   30                 20              310                  0                0                  0                17                  0                 0                  0                  0                28                   0                    468
   7:45             AM                   0           146                  21                24              167                23            274                   45                 28              342                  0                0                  0                20                  0                 0                  0                  0                32                   0                    509
   8:00             AM                   0           160                  33                30              193                16            248                   62                 31              326                  0                0                  0                25                  0                 0                  0                  0                35                   0                    519
   8:15             AM                   0           158                  35                32              193                 11           284                   64                 44              359                  0                0                  0                38                  0                 0                  0                  0                61                   0                    552
   8:30             AM                   0           216                  34                47              250                15            264                   62                 44              341                  0                0                  0                49                  0                 0                  0                  0                52                   0                    591
   8:45             AM                   0           214                  31                50              245                22            281                   85                 57              388                  0                0                  0                65                  0                 0                  0                  0                71                   0                    633
   9:00             AM                   0               0                   0                 0                0                0                0                  0                  0                 0                0                0                  0                  0                 0                 0                  0                  0                  0                  0                        0
   9:15             AM                   0               0                   0                 0                0                0                0                  0                  0                 0                0                0                  0                  0                 0                 0                  0                  0                  0                  0                        0
   9:30             AM                   0               0                   0                 0                0                0                0                  0                  0                 0                0                0                  0                  0                 0                 0                  0                  0                  0                  0                        0
   9:45             AM                   0               0                   0                 0                0                0                0                  0                  0                 0                0                0                  0                  0                 0                 0                  0                  0                  0                  0                        0
 10:00                AM                 0               0                   0                 0                0                0                0                  0                  0                 0                0                0                  0                  0                 0                 0                  0                  0                  0                  0                        0
 10:15                AM                 0               0                   0                 0                0                0                0                  0                  0                 0                0                0                  0                  0                 0                 0                  0                  0                  0                  0                        0
 10:30                AM                 0               0                   0                 0                0                0                0                  0                  0                 0                0                0                  0                  0                 0                 0                  0                  0                  0                  0                        0
 10:45                AM                 0               0                   0                 0                0                0                0                  0                  0                 0                0                0                  0                  0                 0                 0                  0                  0                  0                  0                        0
  11:00               AM                 0               0                   0                 0                0                0                0                  0                  0                 0                0                0                  0                  0                 0                 0                  0                  0                  0                  0                        0
  11:15               AM                 0               0                   0                 0                0                0                0                  0                  0                 0                0                0                  0                  0                 0                 0                  0                  0                  0                  0                        0
  11:30               AM                 0               0                   0                 0                0                0                0                  0                  0                 0                0                0                  0                  0                 0                 0                  0                  0                  0                  0                        0
  11:45               AM                 0               0                   0                 0                0                0                0                  0                  0                 0                0                0                  0                  0                 0                 0                  0                  0                  0                  0                        0
 12:00                 PM                0               0                   0                 0                0                0                0                  0                  0                 0                0                0                  0                  0                 0                 0                  0                  0                  0                  0                        0
 12:15                 PM                0               0                   0                 0                0                0                0                  0                  0                 0                0                0                  0                  0                 0                 0                  0                  0                  0                  0                        0
 12:30                 PM                0               0                   0                 0                0                0                0                  0                  0                 0                0                0                  0                  0                 0                 0                  0                  0                  0                  0                        0
 12:45                 PM                0               0                   0                 0                0                0                0                  0                  0                 0                0                0                  0                  0                 0                 0                  0                  0                  0                  0                        0
   1:00              PM                  0               0                   0                 0                0                0                0                  0                  0                 0                0                0                  0                  0                 0                 0                  0                  0                  0                  0                        0
   1:15              PM                  0               0                   0                 0                0                0                0                  0                  0                 0                0                0                  0                  0                 0                 0                  0                  0                  0                  0                        0
   1:30              PM                  0               0                   0                 0                0                0                0                  0                  0                 0                0                0                  0                  0                 0                 0                  0                  0                  0                  0                        0
   1:45              PM                  0               0                   0                 0                0                0                0                  0                  0                 0                0                0                  0                  0                 0                 0                  0                  0                  0                  0                        0
   2:00              PM                  0               0                   0                 0                0                0                0                  0                  0                 0                0                0                  0                  0                 0                 0                  0                  0                  0                  0                        0
   2:15              PM                  0               0                   0                 0                0                0                0                  0                  0                 0                0                0                  0                  0                 0                 0                  0                  0                  0                  0                        0
   2:30              PM                  0               0                   0                 0                0                0                0                  0                  0                 0                0                0                  0                  0                 0                 0                  0                  0                  0                  0                        0
   2:45              PM                  0               0                   0                 0                0                0                0                  0                  0                 0                0                0                  0                  0                 0                 0                  0                  0                  0                  0                        0
   3:00              PM                  0               0                   0                 0                0                0                0                  0                  0                 0                0                0                  0                  0                 0                 0                  0                  0                  0                  0                        0
   3:15              PM                  0               0                   0                 0                0                0                0                  0                  0                 0                0                0                  0                  0                 0                 0                  0                  0                  0                  0                        0
   3:30              PM                  0               0                   0                 0                0                0                0                  0                  0                 0                0                0                  0                  0                 0                 0                  0                  0                  0                  0                        0
   3:45              PM                  0               0                   0                 0                0                0                0                  0                  0                 0                0                0                  0                  0                 0                 0                  0                  0                  0                  0                        0
   4:00              PM                  0               0                   0                 0                0                0                0                  0                  0                 0                0                0                  0                  0                 0                 0                  0                  0                  0                  0                        0
   4:15              PM                  0               0                   0                 0                0                0                0                  0                  0                 0                0                0                  0                  0                 0                 0                  0                  0                  0                  0                        0
   4:30              PM                  0            112                    8              49              120                35            208                   67                 82              310                  0                0                  0                31                  0                 0                  0                  0                41                   0                    430
   4:45              PM                  0           133                  14                36              147                40            219                   59                 67              318                  0                0                  0                33                  0                 0                  0                  0                43                   0                    465
   5:00              PM                  0           121                  28                58              149                48            202                   61                 91              311                  0                0                  0                49                  0                 0                  0                  0                81                   0                    460
   5:15              PM                  0           122                  21                45              143                25            208                   68                 94              301                  0                0                  0                99                  0                 0                  0                  0              115                    0                    444
   5:30              PM                  0             93                 17                79              110                27            223                   64                 73              314                  0                0                  0                34                  0                 0                  0                  0                74                   0                    424
   5:45              PM                  0           168                  15                55              183                24            218                   68                 78              310                  0                0                  0                57                  0                 0                  0                  0                62                   0                    493
   6:00              PM                  0           138                  19                35              157                45            215                   68                 72              328                  0                0                  0                47                  0                 0                  0                  0                59                   0                    485
   6:15              PM                  0           127                  19                44              146                42            225                   75                 51              342                  0                0                  0                43                  0                 0                  0                  0                75                   0                    488
         Total                           0         2310                 346               614            2656                406           3733                  986                882            5125                    0                0                  0              638                   0                 0                  0                  0              861                    0                  7781
       App             %              0.0           87.0               13.0              23.1                                 7.9            72.8               19.2              17.2                                  0.0              0.0                0.0               0.0                                  0.0               0.0                 0.0                0.0
     Total              %             0.0           29.7                 4.4               7.9             34.1               5.2            48.0               12.7               11.3             65.9                0.0              0.0                0.0               8.2               0.0                0.0               0.0                 0.0              11.1                0.0
    INT            ID                                             ROAD 1                                                                                    ROAD 2                                                      ROAD 3                                     ROAD 4                                          COMMUNITY                                                             TMC DATE
          32                                  15TH STREET                                              NW                                      H STREET                                  NW                                                                                                                                                -                                                 6/9/2011
                                                             TRUCKS
                                                             NB                                                                                                                                                           EB
                       Start                                        Left                        Thru                            Right                              Ped                              NB                           Left                        Thru                              Right                             Ped                               EB                                 Interval
                      Time                                                                                                                                                                      Total                                                                                                                                                          Total                                      Total
                7:00             AM                                     0                           13                                  3                              0                            16                               3                          17                                   2                                0                            22                                         38
                7:15             AM                                     0                             9                                 2                              0                            11                               0                          13                                   2                                0                            15                                         26
                7:30             AM                                     0                           10                                  0                              0                            10                               0                          12                                   4                                0                            16                                         26
                7:45             AM                                     0                             4                                 0                              0                              4                              0                            9                                  7                                1                            16                                         20
                8:00             AM                                     0                             6                                 0                              0                              6                              2                          15                                   5                                0                            22                                         28
                8:15             AM                                     0                           13                                  1                              0                            14                               0                          16                                   5                                0                            21                                         35
                8:30             AM                                     0                             6                                 1                              0                              7                              5                          15                                   9                                0                            29                                         36
                8:45             AM                                     0                             8                                 1                              0                              9                              1                          12                                   5                                0                            18                                         27
                9:00             AM                                     0                             0                                 0                              0                              0                              0                            0                                  0                                0                              0                                          0
                9:15             AM                                     0                             0                                 0                              0                              0                              0                            0                                  0                                0                              0                                          0
                9:30             AM                                     0                             0                                 0                              0                              0                              0                            0                                  0                                0                              0                                          0
                9:45             AM                                     0                             0                                 0                              0                              0                              0                            0                                  0                                0                              0                                          0
              10:00                AM                                   0                             0                                 0                              0                              0                              0                            0                                  0                                0                              0                                          0
              10:15                AM                                   0                             0                                 0                              0                              0                              0                            0                                  0                                0                              0                                          0
              10:30                AM                                   0                             0                                 0                              0                              0                              0                            0                                  0                                0                              0                                          0
              10:45                AM                                   0                             0                                 0                              0                              0                              0                            0                                  0                                0                              0                                          0
               11:00               AM                                   0                             0                                 0                              0                              0                              0                            0                                  0                                0                              0                                          0
               11:15               AM                                   0                             0                                 0                              0                              0                              0                            0                                  0                                0                              0                                          0
               11:30               AM                                   0                             0                                 0                              0                              0                              0                            0                                  0                                0                              0                                          0
               11:45               AM                                   0                             0                                 0                              0                              0                              0                            0                                  0                                0                              0                                          0
              12:00                 PM                                  0                             0                                 0                              0                              0                              0                            0                                  0                                0                              0                                          0
              12:15                 PM                                  0                             0                                 0                              0                              0                              0                            0                                  0                                0                              0                                          0
              12:30                 PM                                  0                             0                                 0                              0                              0                              0                            0                                  0                                0                              0                                          0
              12:45                 PM                                  0                             0                                 0                              0                              0                              0                            0                                  0                                0                              0                                          0
                1:00              PM                                    0                             0                                 0                              0                              0                              0                            0                                  0                                0                              0                                          0
                1:15              PM                                    0                             0                                 0                              0                              0                              0                            0                                  0                                0                              0                                          0
                1:30              PM                                    0                             0                                 0                              0                              0                              0                            0                                  0                                0                              0                                          0
                1:45              PM                                    0                             0                                 0                              0                              0                              0                            0                                  0                                0                              0                                          0
                2:00              PM                                    0                             0                                 0                              0                              0                              0                            0                                  0                                0                              0                                          0
                2:15              PM                                    0                             0                                 0                              0                              0                              0                            0                                  0                                0                              0                                          0
                2:30              PM                                    0                             0                                 0                              0                              0                              0                            0                                  0                                0                              0                                          0
                2:45              PM                                    0                             0                                 0                              0                              0                              0                            0                                  0                                0                              0                                          0
                3:00              PM                                    0                             0                                 0                              0                              0                              0                            0                                  0                                0                              0                                          0
                3:15              PM                                    0                             0                                 0                              0                              0                              0                            0                                  0                                0                              0                                          0
                3:30              PM                                    0                             0                                 0                              0                              0                              0                            0                                  0                                0                              0                                          0
                3:45              PM                                    0                             0                                 0                              0                              0                              0                            0                                  0                                0                              0                                          0
                4:00              PM                                    0                             0                                 0                              0                              0                              0                            0                                  0                                0                              0                                          0
                4:15              PM                                    0                             0                                 0                              0                              0                              0                            0                                  0                                0                              0                                          0
                4:30              PM                                    0                             9                                 1                              0                            10                               4                          12                                 13                                 0                            29                                         39
                4:45              PM                                    0                           10                                  0                              0                            10                               2                          20                                 14                                 0                            36                                         46
                5:00              PM                                    0                             5                                 1                              0                              6                              7                          21                                   6                                0                            34                                         40
                5:15              PM                                    0                             5                                 0                              0                              5                              2                          15                                 13                                 0                            30                                         35
                5:30              PM                                    0                             6                                 0                              0                              6                              4                          20                                  11                                0                            35                                         41
                5:45              PM                                    0                             6                                 0                              0                              6                              0                          12                                   6                                0                            18                                         24
                6:00              PM                                    0                             1                                 0                              0                              1                              4                          13                                  11                                0                            28                                         29
                6:15              PM                                    0                             6                                 0                              0                              6                              3                            8                                  3                                0                            14                                         20
                      Total                                             0                        117                                 10                                0                          127                              37                         230                                116                                  1                          383                                        510
                    App             %                                0.0                        92.1                                7.9                             0.0                                                           9.7                        60.1                               30.3                               0.3
                  Total              %                               0.0                        22.9                                2.0                             0.0                          24.9                             7.3                        45.1                               22.7                               0.2                          75.1
    INT            ID                                             ROAD 1                                                                                    ROAD 2                                                      ROAD 3                                     ROAD 4                                          COMMUNITY                                                             TMC DATE
          32                                  15TH STREET                                              NW                                      H STREET                                  NW                                                                                                                                                -                                                 6/9/2011
