                                                                               Turning                                      Movement                                                     Count                                Report                                   -      Cars                         &           Trucks
   INT            ID                                    ROAD 1                                                                                               ROAD 2                                                                         ROAD 3                                 ROAD 4                                    COMMUNITY                                                      TMC DATE
      321                            17TH STREET                                              NE                              LAWRENCE STREET                                                                    NE                                                                                                                                  -                                         9/8/2017
                               CARS
                               NB                                                                                        EB                                                                                         SB                                                                                         WB
        Start                   Left           Thru               Right               Ped                 NB              Left            Thru               Right               Ped                 EB              Left            Thru              Right                Ped                 SB               Left             Thru               Right                Ped                WB                 Interval
       Time                                                                                            Total                                                                                     Total                                                                                       Total                                                                                        Total                     Total
 7:00             AM                0                5                  1                  0                 6                0                 3                  0                  0                 3                0                3                   1                 0                  4                 0                10                   0                  0                10                        23
 7:15             AM                1                3                  0                  0                 4                1                 4                  1                  0                 6                0                4                   0                 2                  4                 1                  9                  1                  0                11                        25
 7:30             AM                0                3                  1                  0                 4                0                 1                  0                  0                 1                0                6                   0                 0                  6                 0                15                   1                  2                16                        27
 7:45             AM                1                6                  2                  0                 9                0                 8                  1                  0                 9                1                6                   0                 2                  7                 2                16                   2                  1                20                        45
 8:00             AM                1                4                  0                  0                 5                0                 3                  0                  1                 3                3                7                   0                 0                10                  2                  9                  2                  1                13                        31
 8:15             AM                1              11                   0                  1               12                 0                 1                  0                  0                 1                2              22                    1                 0                25                  0                11                   1                  1                12                        50
 8:30             AM                1              13                   1                  2               15                 0                 5                  1                  0                 6                2              19                    0                 0                21                  0                  6                  3                  0                  9                       51
 8:45             AM                2                9                  0                  1               11                 0                 5                  0                  0                 5                2              14                    1                 0                17                  0                13                   3                  0                16                        49
 9:00             AM                0                2                  0                  0                 2                0                 3                  0                  0                 3                0              13                    3                 1                16                  1                10                   0                  0                11                        32
 9:15             AM                1                4                  0                  0                 5                0                 1                  2                  0                 3                1                7                   0                 0                  8                 0                  3                  0                  0                  3                       19
 9:30             AM                0                3                  1                  0                 4                0                 0                  1                  0                 1                0                2                   0                 0                  2                 4                  4                  2                  0                10                        17
 9:45             AM                0                2                  1                  0                 3                0                 2                  2                  0                 4                0                3                   1                 0                  4                 0                10                   0                  0                10                        21
 4:00             PM                0                7                  1                  0                 8                2                 7                  0                  0                 9                4              10                    0                 0                14                  1                  5                  0                  0                  6                       37
 4:15             PM                0                6                  1                  0                 7                0                 7                  1                  0                 8                2                6                   0                 0                  8                 0                  3                  2                  0                  5                       28
 4:30             PM                0                8                  0                  0                 8                0                 5                  0                  0                 5                1                9                   2                 0                12                  0                  4                  0                  0                  4                       29
 4:45             PM                0                4                  1                  0                 5                0                 5                  0                  0                 5                0                8                   2                 0                10                  0                  3                  1                  0                  4                       24
 5:00             PM                0                6                  0                  0                 6                1                 5                  0                  1                 6                0                9                   2                 0                11                  0                  4                  0                  0                  4                       27
 5:15             PM                1                5                  1                  0                 7                0                 4                  1                  0                 5                0                9                   1                 1                10                  0                  3                  0                  0                  3                       25
 5:30             PM                0                7                  1                  0                 8                0                 5                  0                  0                 5                0                9                   0                 0                  9                 2                  6                  2                  0                10                        32
 5:45             PM                0                8                  0                  0                 8                2                 1                  0                  0                 3                0              10                    0                 0                10                  0                  3                  2                  1                  5                       26
 6:00             PM                2                6                  1                  0                 9                1                 4                  0                  0                 5                0              10                    0                 0                10                  1                  6                  2                  0                  9                       33
 6:15             PM                1                8                  1                  0               10                 1                 3                  0                  0                 4                1                3                   0                 1                  4                 0                  4                  0                  0                  4                       22
 6:30             PM                0                2                  0                  0                 2                0                 2                  1                  0                 3                0                9                   0                 0                  9                 0                  3                  0                  0                  3                       17
 6:45             PM                0                8                  0                  0                 8                0                 3                  1                  0                 4                0                6                   1                 0                  7                 0                  3                  0                  1                  3                       22
       Total                      12             140                  14                   4             166                  8              87                  12                   2            107                 19             204                   15                  7              238                 14               163                  24                   7             201                       712
     App            %            7.2            84.3                 8.4               2.4                                 7.5            81.3                11.2                1.9                                 8.0            85.7                  6.3               2.9                                  7.0             81.1                11.9                 3.5
   Total              %          1.7            19.7                 2.0               0.6             23.3                1.1            12.2                  1.7               0.3             15.0                2.7            28.7                  2.1               1.0             33.4                 2.0             22.9                  3.4                1.0              28.2
   INT            ID                                    ROAD 1                                                                                               ROAD 2                                                                         ROAD 3                                 ROAD 4                                    COMMUNITY                                                      TMC DATE
      321                            17TH STREET                                              NE                              LAWRENCE STREET                                                                    NE                                                                                                                                  -                                         9/8/2017
                              TRUCKS
                              NB                                                                                            EB                                                                                    SB                                                                                            WB
       Start                  Left            Thru               Right                 Ped                   NB              Left          Thru             Right                Ped               EB               Left           Thru              Right                 Ped                   SB               Left            Thru              Right                 Ped                   WB               Interval
      Time                                                                                               Total                                                                                  Total                                                                                        Total                                                                                           Total                   Total
7:00             AM                0                0                   0                   0                   0                0               0                 0                 0                0                 0                0                  0                   0                   0                 0                0                   0                   0                   0                        0
7:15             AM                0                0                   0                   0                   0                0               0                 0                 0                0                 0                0                  0                   2                   0                 0                0                   0                   0                   0                        0
7:30             AM                0                0                   0                   0                   0                0               0                 0                 0                0                 0                0                  0                   0                   0                 0                0                   0                   2                   0                        0
7:45             AM                0                0                   0                   0                   0                0               0                 0                 0                0                 0                0                  0                   2                   0                 0                0                   0                   1                   0                        0
8:00             AM                0                0                   0                   0                   0                0               0                 0                 1                0                 0                0                  1                   0                   1                 0                0                   1                   1                   1                        2
8:15             AM                0                0                   0                   1                   0                0               0                 0                 0                0                 0                0                  0                   0                   0                 0                0                   0                   1                   0                        0
8:30             AM                0                0                   0                   2                   0                0               0                 0                 0                0                 0                1                  0                   0                   1                 0                0                   0                   0                   0                        1
8:45             AM                0                1                   0                   1                   1                0               0                 0                 0                0                 0                0                  0                   0                   0                 0                0                   0                   0                   0                        1
9:00             AM                0                0                   0                   0                   0                0               0                 0                 0                0                 0                0                  0                   1                   0                 0                0                   0                   0                   0                        0
9:15             AM                0                0                   0                   0                   0                0               0                 1                 0                1                 0                0                  0                   0                   0                 0                0                   0                   0                   0                        1
9:30             AM                0                0                   0                   0                   0                0               0                 0                 0                0                 0                0                  0                   0                   0                 0                0                   0                   0                   0                        0
9:45             AM                0                0                   0                   0                   0                0               0                 0                 0                0                 0                1                  0                   0                   1                 0                0                   0                   0                   0                        1
4:00             PM                0                0                   0                   0                   0                0               0                 0                 0                0                 0                0                  0                   0                   0                 0                0                   0                   0                   0                        0
4:15             PM                0                0                   0                   0                   0                0               0                 0                 0                0                 0                0                  0                   0                   0                 0                0                   0                   0                   0                        0
4:30             PM                0                0                   0                   0                   0                0               1                 0                 0                1                 0                0                  0                   0                   0                 0                0                   0                   0                   0                        1
4:45             PM                0                0                   0                   0                   0                0               0                 0                 0                0                 0                0                  0                   0                   0                 0                0                   0                   0                   0                        0
5:00             PM                0                0                   0                   0                   0                0               0                 0                 1                0                 1                0                  0                   0                   1                 0                0                   0                   0                   0                        1
5:15             PM                0                0                   0                   0                   0                0               0                 0                 0                0                 0                0                  0                   1                   0                 0                0                   0                   0                   0                        0
5:30             PM                0                1                   0                   0                   1                0               0                 0                 0                0                 0                0                  0                   0                   0                 0                0                   0                   0                   0                        1
5:45             PM                0                0                   0                   0                   0                0               0                 0                 0                0                 0                0                  0                   0                   0                 0                0                   0                   1                   0                        0
6:00             PM                0                0                   0                   0                   0                0               0                 0                 0                0                 0                0                  0                   0                   0                 0                0                   0                   0                   0                        0
6:15             PM                0                1                   0                   0                   1                0               0                 0                 0                0                 0                0                  0                   1                   0                 0                0                   0                   0                   0                        1
6:30             PM                0                0                   0                   0                   0                0               0                 1                 0                1                 0                0                  0                   0                   0                 0                0                   0                   0                   0                        1
6:45             PM                0                1                   0                   0                   1                0               0                 0                 0                0                 0                0                  0                   0                   0                 0                0                   0                   1                   0                        1
      Total                        0                4                   0                   4                   4                0               1                 2                 2                3                 1                2                  1                   7                   4                 0                0                   1                   7                   1                      12
    App            %           0.0          100.0                   0.0             100.0                                    0.0           33.3               66.7              66.7                              25.0              50.0              25.0              175.0                                      0.0               0.0           100.0700.0
  Total              %         0.0            33.3                  0.0               33.3                 33.3              0.0             8.3              16.7              16.7             25.0               8.3             16.7                8.3               58.3                 33.3                0.0               0.0               8.3               58.3                   8.3
   INT            ID                                    ROAD 1                                                                                               ROAD 2                                                                         ROAD 3                                 ROAD 4                                    COMMUNITY                                                      TMC DATE
      321                            17TH STREET                                              NE                              LAWRENCE STREET                                                                    NE                                                                                                                                  -                                         9/8/2017
