                                                                               Turning                                      Movement                                                     Count                                Report                                   -      Cars                         &           Trucks
    INT            ID                                              ROAD 1                                                                                  ROAD 2                                                     ROAD 3                                      ROAD 4                                          COMMUNITY                                                              TMC DATE
          33                                   14TH STREET                                              NW                                      I   STREET                            NW                                                                                                                                                  -                                               5/26/2016
                                  CARS
                                  NB                                                                                         EB                                                                                        SB                                                                                        WB
         Start                      Left            Thru             Right                Ped                 NB              Left           Thru              Right                Ped                 EB              Left           Thru              Right                Ped                 SB                Left            Thru              Right                 Ped                 WB               Interval
        Time                                                                                               Total                                                                                     Total                                                                                     Total                                                                                         Total                   Total
  7:00             AM                 87             243                    0              120               330                  0               0                   0             125                    0                0           138                  13                 97               151                  15             162                   11                 75               188                      669
  7:15             AM                 58             167                    0                49              225                  0               0                   0               92                   0                0             98                 11                 94               109                    8            138                     2                66               148                      482
  7:30             AM                 67             191                    0                75              258                  0               0                   0             128                    0                0           142                  21               197                163                  13             167                   23                 51               203                      624
  7:45             AM                 51             221                    0                86              272                  0               0                   0             189                    0                0           128                  14               207                142                  20             175                     3                75               198                      612
  8:00             AM                 78             199                    0              112               277                  0               0                   0             188                    0                0           160                  22               349                182                  27             191                     7                89               225                      684
  8:15             AM                 83             191                    0              185               274                  0               0                   0             264                    0                0           142                  24               310                166                  24             236                     2              108                262                      702
  8:30             AM                 64             215                    0              157               279                  0               0                   0             348                    0                0           142                  16               293                158                  30             252                   10               151                292                      729
  8:45             AM                 57             184                    0              229               241                  0               0                   0             305                    0                0           165                  24               449                189                  28             168                   10                 99               206                      636
  9:00             AM                 53             159                    0              118               212                  0               0                   0             205                    0                0           125                  23               260                148                  19             144                     6              115                169                      529
  9:15             AM                 55             195                    0              107               250                  0               0                   0             147                    0                0           130                  21               223                151                  14             130                     9                70               153                      554
  9:30             AM                 52             124                    0              111               176                  0               0                   0             102                    0                0           131                  15               180                146                  12             135                   15                 70               162                      484
  9:45             AM                 25             132                    0                84              157                  0               0                   0             178                    0                0           120                  15               167                135                  12             120                   18                 57               150                      442
 11:00               AM               37             148                    0                86              185                  0               0                   0               94                   0                0           137                  10                 98               147                  18             121                   14                 77               153                      485
 11:15               AM               43             126                    0                77              169                  0               0                   0             123                    0                0           143                  18               133                161                  23             120                     9                75               152                      482
 11:30               AM               28             130                    0                95              158                  0               0                   0               96                   0                0           154                  18                117               172                  22             126                     9                72               157                      487
 11:45               AM               35             141                    0              128               176                  0               0                   0             152                    0                0           154                  13               203                167                  25             134                   13               168                172                      515
12:00                 PM              43             132                    0              127               175                  0               0                   0             127                    0                0           161                  17               156                178                  22             134                     8              105                164                      517
12:15                 PM              37             148                    0              179               185                  0               0                   0             195                    0                0           163                  17               168                180                  27              115                  19               139                161                      526
12:30                 PM              38             138                    0              172               176                  0               0                   0             189                    0                0           146                  13               171                159                  26             135                     8              128                169                      504
12:45                 PM              40             140                    0              153               180                  0               0                   0             155                    0                0           160                  18               129                178                  31              113                  12               187                156                      514
  1:00              PM                39             128                    0              137               167                  0               0                   0               88                   0                0           167                     9              116               176                  26             126                   14               106                166                      509
  1:15              PM                27             150                    0              137               177                  0               0                   0             104                    0                0           176                  12                 76               188                  33              117                    7              154                157                      522
  1:30              PM                24             158                    0              145               182                  0               0                   0             128                    0                0           179                     7             107                186                  29             108                   12               105                149                      517
  1:45              PM                37             147                    0              136               184                  0               0                   0             144                    0                0           175                  11               134                186                  29             130                   15               126                174                      544
  4:00              PM                42             220                    0              145               262                  0               0                   0             148                    0                0           178                  14               152                192                  47             132                   17                 84               196                      650
  4:15              PM                56             211                    0                98              267                  0               0                   0               68                   0                0           204                  31               121                235                  49             158                   10               119                217                      719
  4:30              PM                45             232                    0                77              277                  0               0                   0             105                    0                0           176                  15                 24               191                  34             165                   10                 56               209                      677
  4:45              PM                59             233                    0                87              292                  0               0                   0               90                   0                0           209                  30                 29               239                  42             126                     7                91               175                      706
  5:00              PM                51             265                    0                91              316                  0               0                   0             167                    0                0           219                     8              111               227                  46             160                   13               112                219                      762
  5:15              PM                62             287                    0                90              349                  0               0                   0             208                    0                0           191                  22               101                213                  45             182                   15               168                242                      804
  5:30              PM                49             327                    0                77              376                  0               0                   0             184                    0                0           209                  20               174                229                  45             144                   21               130                210                      815
  5:45              PM                37             272                    0                65              309                  0               0                   0             178                    0                0           193                  13               173                206                  51             161                   17               140                229                      744
  6:00              PM                62             330                    0                88              392                  0               0                   0             176                    0                0           198                  29               168                227                  53             156                   16               114                225                      844
  6:15              PM                55             256                    0                58              311                  0               0                   0             144                    0                0           192                  16                 95               208                  56             165                   11                 65               232                      751
  6:30              PM                58             244                    0                98              302                  0               0                   0               79                   0                0           192                     8             122                200                  52             145                   34               107                231                      733
  6:45              PM                53             260                    0                97              313                  0               0                   0              112                   0                0           201                  13               134                214                  44             135                   20               102                199                      726
        Total                     17877044                                  0            40768831                                 0               0                   0           5525                     0                0         5898                 601              5838               6499              10975326                                447             3756                6870                  22200
      App             %            20.2             79.8                 0.0             46.2                                  0.0             0.0                0.0                0.0                                 0.0           90.8                 9.2              89.8                                  16.0              77.5                 6.5              54.7
    Total              %             8.0            31.7                 0.0             18.4               39.8               0.0             0.0                0.0              24.9                 0.0              0.0           26.6                 2.7              26.3               29.3                 4.9             24.0                 2.0              16.9               30.9
    INT            ID                                              ROAD 1                                                                                  ROAD 2                                                     ROAD 3                                      ROAD 4                                          COMMUNITY                                                              TMC DATE
          33                                   14TH STREET                                              NW                                      I   STREET                            NW                                                                                                                                                  -                                               5/26/2016
                                 TRUCKS
                                 NB                                                                                        EB                                                                                        SB                                                                                             WB
         Start                    Left           Thru             Right                 Ped                  NB             Left          Thru              Right                Ped                  EB             Left           Thru             Right                   Ped                      SB              Left            Thru             Right                Ped                  WB               Interval
       Time                                                                                              Total                                                                                     Total                                                                                          Total                                                                                       Total                  Total
  7:00             AM               12               13                  0              120                  25                 0               0                 0              125                     0               0             14                  0                    97                    14                  0              28                  5                75                  33                      72
  7:15             AM                 6              11                  0                49                 17                 0               0                 0                92                    0               0             12                  0                    94                    12                  2              19                  3                66                  24                      53
  7:30             AM                 5              18                  0                75                 23                 0               0                 0              128                     0               0             12                  3                  197                     15                  1              19                  2                51                  22                      60
  7:45             AM                 6                9                 0                86                 15                 0               0                 0              189                     0               0             15                  0                  207                     15                  2              22                  3                75                  27                      57
  8:00             AM                 5              10                  0               112                 15                 0               0                 0              188                     0               0             17                  1                  349                     18                  0              13                  3                89                  16                      49
  8:15             AM                 5              14                  0              185                  19                 0               0                 0              264                     0               0             12                  0                  310                     12                  0              21                  5              108                   26                      57
  8:30             AM                11              15                  0              157                  26                 0               0                 0              348                     0               0             12                  1                  293                     13                  0              26                  6              151                   32                      71
  8:45             AM                 7              10                  0              229                  17                 0               0                 0              305                     0               0             10                  0                  449                     10                  3              29                  4                99                  36                      63
  9:00             AM               13               17                  0               118                 30                 0               0                 0              205                     0               0             12                  1                  260                     13                  2              14                  4               115                  20                      63
  9:15             AM                11              17                  0              107                  28                 0               0                 0              147                     0               0             15                  1                  223                     16                  2              25                  4                70                  31                      75
  9:30             AM                 2                7                 0               111                    9               0               0                 0              102                     0               0             10                  2                  180                     12                  0              18                  7                70                  25                      46
  9:45             AM                 2              14                  0                84                 16                 0               0                 0              178                     0               0             13                  2                  167                     15                  2              26                  4                57                  32                      63
11:00               AM                2              17                  0                86                 19                 0               0                 0                94                    0               0             21                  5                    98                    26                  3              20                  3                77                  26                      71
11:15               AM                5              15                  0                77                 20                 0               0                 0              123                     0               0             17                  3                  133                     20                  1              17                  4                75                  22                      62
11:30               AM                4              11                  0                95                 15                 0               0                 0                96                    0               0             15                  5                  117                     20                  1              21                  4                72                  26                      61
11:45               AM                3              15                  0              128                  18                 0               0                 0              152                     0               0             18                  1                  203                     19                  4              20                  4              168                   28                      65
12:00                 PM              5                7                 0              127                  12                 0               0                 0              127                     0               0             18                  0                  156                     18                  3              17                  3              105                   23                      53
12:15                 PM              1              12                  0              179                  13                 0               0                 0              195                     0               0             19                  2                  168                     21                  1              12                  3              139                   16                      50
12:30                 PM              6              12                  0              172                  18                 0               0                 0              189                     0               0             21                  1                  171                     22                  2              12                  2              128                   16                      56
12:45                 PM              3                7                 0              153                  10                 0               0                 0              155                     0               0             12                  1                  129                     13                  0              10                  4              187                   14                      37
  1:00              PM                4              11                  0              137                  15                 0               0                 0                88                    0               0             19                  1                  116                     20                  3              17                  2              106                   22                      57
  1:15              PM              10               11                  0              137                  21                 0               0                 0              104                     0               0             13                  1                    76                    14                  1              16                  3              154                   20                      55
  1:30              PM                2              12                  0              145                  14                 0               0                 0              128                     0               0             22                  2                  107                     24                  2              13                  3              105                   18                      56
  1:45              PM                3              18                  0              136                  21                 0               0                 0              144                     0               0             17                  1                  134                     18                  4              17                  5              126                   26                      65
  4:00              PM                7              14                  0              145                  21                 0               0                 0              148                     0               0             21                  2                  152                     23                  0              21                  5                84                  26                      70
  4:15              PM              13               11                  0                98                 24                 0               0                 0                68                    0               0             13                  0                  121                     13                  1              15                  2               119                  18                      55
  4:30              PM                9                8                 0                77                 17                 0               0                 0              105                     0               0             14                  0                    24                    14                  1              20                  3                56                  24                      55
  4:45              PM              12               10                  0                87                 22                 0               0                 0                90                    0               0               7                 2                    29                       9                2              20                  2                91                  24                      55
  5:00              PM                7              10                  0                91                 17                 0               0                 0              167                     0               0               8                 1                   111                       9                0              24                  4               112                  28                      54
  5:15              PM                7              13                  0                90                 20                 0               0                 0              208                     0               0             15                  0                  101                     15                  0              16                  5              168                   21                      56
  5:30              PM                7              16                  0                77                 23                 0               0                 0              184                     0               0             12                  0                  174                     12                  0              22                  2              130                   24                      59
  5:45              PM                4                8                 0                65                 12                 0               0                 0              178                     0               0             11                  1                  173                     12                  0              17                  2              140                   19                      43
  6:00              PM                3                5                 0                88                    8               0               0                 0              176                     0               0               1                 0                  168                        1                1              21                  1               114                  23                      32
  6:15              PM                3              12                  0                58                 15                 0               0                 0              144                     0               0             14                  2                    95                    16                  0              19                  4                65                  23                      54
  6:30              PM                3                6                 0                98                    9               0               0                 0                79                    0               0               9                 2                  122                     11                  1              14                  2              107                   17                      37
  6:45              PM                3                6                 0                97                    9               0               0                 0               112                    0               0               4                 2                  134                        6                0                9                 2              102                    11                     26
        Total                      211            422                    0            4076                 633                  0               0                 0            5525                      0               0           495                 46                 5838                    541                 45             670               124              3756                  839                  2013
     App             %           33.366.7                             0.0            643.9                                   0.0            0.0                0.0                 0.0                                0.0           91.5                8.5             1,079.1                                        5.4           79.9               14.8             447.7
    Total              %         10.521.0                             0.0            202.5                31.4               0.0            0.0                0.0            274.5                  0.0              0.0           24.6                2.3               290.0                    26.9                2.2           33.3                 6.2            186.6                 41.7
    INT            ID                                              ROAD 1                                                                                  ROAD 2                                                     ROAD 3                                      ROAD 4                                          COMMUNITY                                                              TMC DATE
          33                                   14TH STREET                                              NW                                      I   STREET                            NW                                                                                                                                                  -                                               5/26/2016
