                                                                               Turning                                      Movement                                                     Count                                Report                                   -      Cars                         &           Trucks
  INT            ID                                                ROAD 1                                                                                                  ROAD 2                                                                ROAD 3                                ROAD 4                                  COMMUNITY                                                     TMC DATE
        37                            GEORGIA AVENUE NW                                                                                           QUINCY STREET                                                      NW                                                                                                                                -                                       7/20/2011
                                   CARS
                                   NB                                                                                      EB                                                                                            SB                                                                                      WB
          Start                     Left           Thru              Right               Ped                NB               Left           Thru              Right                 Ped                   EB              Left           Thru              Right               Ped                 SB               Left            Thru               Right                Ped                WB                Interval
        Time                                                                                             Total                                                                                        Total                                                                                    Total                                                                                         Total                   Total
   6:30             AM                  1           128                     0                 0            129                   1                0                  0                   5                   1                0           141                     1                 1            142                    0                 1                  2                  6                  3                   275
   6:45             AM                  2           129                     0                 3            131                   1                0                  1                 10                    2                0           135                     1               11             136                    2                 1                  5                  5                  8                   277
   7:00             AM                  7           137                     0                 5            144                   1                0                  0                 14                    1                0           102                     1                 2            103                    1                 1                  0                  2                  2                   250
   7:15             AM                  6           159                     0                 8            165                   1                0                  4                 16                    5                0            113                    0                 5             113                   0                 1                  2                  2                  3                   286
   7:30             AM                  2           188                     0               20             190                   3                0                  5                 37                    8                0           150                     3                 0            153                    7                 0                  0                  2                  7                   358
   7:45             AM                  0           199                     0                 1            199                   0                0                  0                   3                   0                0           154                     0                 0            154                    0                 0                  0                  2                  0                   353
   8:00             AM                  1           201                     0               15             202                   4                0                  4                 44                    8                0           163                     0                 0            163                    0                 0                  0                  0                  0                   373
   8:15             AM                  4           215                     0                 2            219                   0                0                  0                 15                    0                0           162                     0                 0            162                    0                 0                  0                  0                  0                   381
   8:30             AM                  5           220                     0                 1            225                   1                0                  2                   5                   3                0           186                     1                 0            187                    1                 2                  1                  1                  4                   419
   8:45             AM                  3           212                     0               12             215                   1                0                  7                 69                    8                0           228                     0                 1            228                    0                 5                  2                13                   7                   458
   9:00             AM                  2           218                     0                 6            220                   1                0                  4                 63                    5                0           200                     0                 0            200                    2                 1                  2                  5                  5                   430
   9:15             AM                  6           230                     0                 7            236                   2                0                  1                 37                    3                0           152                     0                 0            152                    0                 0                  2                  0                  2                   393
   9:30             AM                  2           192                     0                 3            194                   0                0                  4                 44                    4                0           151                     0                 0            151                    3                 0                  1                  7                  4                   353
   9:45             AM                  2           196                     0                 1            198                   0                0                  2                 44                    2                0           121                     1                 1            122                    1                 2                  0                  0                  3                   325
 10:00                AM                3           183                     0                 5            186                   0                0                  3                 34                    3                0           125                     1                 0            126                    2                 1                  1                  4                  4                   319
 10:15                AM              11            150                     0                 5            161                   1                0                  2                 40                    3                0           127                     1                 0            128                    0                 1                  1                  1                  2                   294
 10:30                AM                2           101                     0               13             103                   4                0                  3                 33                    7                0            115                    0                 0             115                   4                 1                  0                  4                  5                   230
 10:45                AM                8           104                     0                 3             112                  0                0                  3                 52                    3                0            116                    1                 0             117                   0                 0                  2                  2                  2                   234
 11:00               AM                 6            110                    0                 6             116                  0                0                  2                 32                    2                0           107                     0                 3            107                    1                 2                  2                  2                  5                   230
 11:15               AM                 2             95                    0                 4              97                  0                0                  1                 26                    1                0             90                    0                 0              90                   0                 2                  1                  1                  3                   191
 11:30               AM                 0               0                   0                 0                0                 0                0                  0                   0                   0                0                0                  0                 0                0                  0                 0                  0                  0                  0                       0
 11:45               AM                 0               0                   0                 0                0                 0                0                  0                   0                   0                0                0                  0                 0                0                  0                 0                  0                  0                  0                       0
 12:00                 PM               0               0                   0                 0                0                 0                0                  0                   0                   0                0                0                  0                 0                0                  0                 0                  0                  0                  0                       0
 12:15                 PM               0               0                   0                 0                0                 0                0                  0                   0                   0                0                0                  0                 0                0                  0                 0                  0                  0                  0                       0
 12:30                 PM               0               0                   0                 0                0                 0                0                  0                   0                   0                0                0                  0                 0                0                  0                 0                  0                  0                  0                       0
 12:45                 PM               0               0                   0                 0                0                 0                0                  0                   0                   0                0                0                  0                 0                0                  0                 0                  0                  0                  0                       0
   1:00              PM                 0               0                   0                 0                0                 0                0                  0                   0                   0                0                0                  0                 0                0                  0                 0                  0                  0                  0                       0
   1:15              PM                 0               0                   0                 0                0                 0                0                  0                   0                   0                0                0                  0                 0                0                  0                 0                  0                  0                  0                       0
   1:30              PM                 1           123                     0               11             124                   0                0                  0                 33                    0                0            115                    0                 0             115                   0                 1                  0                  0                  1                   240
   1:45              PM                 2           131                     0               12             133                   2                0                  3                 43                    5                0           129                     3                 2            132                    1                 0                  0                  0                  1                   271
   2:00              PM                 3           151                     0               13             154                   2                0                  1                 48                    3                0           107                     0                 0            107                    0                 0                  0                  1                  0                   264
   2:15              PM               12             118                    0               13             130                   1                0                  5                 55                    6                0            112                    2                 0             114                   1                 2                  2                13                   5                   255
   2:30              PM                 6           134                     0                 8            140                   1                0                  5                 61                    6                0           134                     0                 1            134                    3                 0                  2                  0                  5                   285
   2:45              PM                 8           150                     0                 6            158                   2                0                  4                 77                    6                0           136                     2                 0            138                    0                 2                  3                  2                  5                   307
   3:00              PM                 3           141                     0               16             144                   1                0                  4                 60                    5                0           138                     3                 3            141                    4                 1                  4                  5                  9                   299
   3:15              PM               12            145                     0                 9            157                   4                0                  1                 83                    5                0           136                     1                 4            137                    4                 2                  2                  5                  8                   307
   3:30              PM               11            146                     0                 2            157                   4                0                  2                 40                    6                0           139                     3                 0            142                    4                 1                  4                  5                  9                   314
   3:45              PM                 6           145                     0               12             151                   6                0                  6                 65                  12                 0           157                     1                 2            158                    1                 3                  4                  3                  8                   329
   4:00              PM                 8           182                     0                 8            190                   7                0                  7                 76                  14                 0            119                    1                 0            120                    1                 0                  4                  5                  5                   329
   4:15              PM                 4           164                     0               17             168                   1                0                  5                 76                    6                0           142                     1                 1            143                    0                 0                  3                  5                  3                   320
   4:30              PM                 2           180                     0               10             182                   1                0                  6                 71                    7                0           155                     2                 0            157                    1                 0                  0                  4                  1                   347
   4:45              PM                 7           157                     0               19             164                   3                0                  4                 84                    7                0           145                     3                 3            148                    2                 1                  2                  7                  5                   324
   5:00              PM                 5           189                     0                 7            194                   1                0                  8                 75                    9                0           127                     1                 7            128                    3                 7                14                   7                24                    355
   5:15              PM                 8           206                     0               13             214                   6                0                  6                 56                  12                 0           156                     8                 5            164                    1                 6                20                 18                 27                    417
   5:30              PM                 8           135                     0               23             143                   4                0                  4                 82                    8                0           147                     2                 7            149                    2                 5                10                 20                 17                    317
   5:45              PM                 1           167                     0               23             168                   3                0                  5                 68                    8                0           154                     1                 5            155                    3                 5                21                 14                 29                    360
   6:00              PM                 9           250                     0               36             259                   3                0                  4                 66                    7                0           143                     2                 9            145                    6                 7                12                 17                 25                    436
   6:15              PM                 4           210                     0               26             214                   4                0                  6                 55                  10                 0           132                     5               11             137                    3                 6                 11                24                 20                    381
         Total                      195           6591                      0             404            6786                  77                 0              134               1897                  211                  0         5561                    52                84           5613                   64                70               142                214                276                 12886
      App             %              2.9           97.1                 0.0               6.0                              36.5                0.0             63.5              899.1                                     0.0            99.1                0.9               1.5                               23.2              25.4                51.4               77.5
     Total              %            1.5           51.1                 0.0               3.1             52.7                0.6              0.0                1.0               14.7                  1.6              0.0            43.2                0.4               0.7             43.6                0.5               0.5                  1.1               1.7               2.1
  INT            ID                                                ROAD 1                                                                                                  ROAD 2                                                                ROAD 3                                ROAD 4                                  COMMUNITY                                                     TMC DATE
        37                            GEORGIA AVENUE NW                                                                                           QUINCY STREET                                                      NW                                                                                                                                -                                       7/20/2011
                                   TRUCKS
                                   NB                                                                                      EB                                                                                         SB                                                                                        WB
          Start                     Left           Thru              Right               Ped                NB               Left           Thru               Right               Ped                 EB              Left           Thru               Right               Ped                 SB               Left             Thru               Right                Ped                WB                Interval
        Time                                                                                             Total                                                                                      Total                                                                                     Total                                                                                        Total                    Total
   6:30             AM                  0               3                   0                 0                3                 0                0                  0                  0                 0                0                5                  0                  0                 5                 0                  0                  0                  0                  0                        8
   6:45             AM                  0             14                    0                 0              14                  0                0                  0                  0                 0                0                9                  0                  0                 9                 1                  0                  0                  0                  1                      24
   7:00             AM                  0               6                   0                 0                6                 0                0                  1                  0                 1                0                6                  0                  0                 6                 0                  0                  0                  0                  0                      13
   7:15             AM                  0               9                   0                 0                9                 0                0                  0                  0                 0                0                3                  0                  0                 3                 0                  0                  0                  0                  0                      12
   7:30             AM                  0               8                   0                 0                8                 0                0                  0                  0                 0                0                7                  1                  0                 8                 0                  0                  0                  0                  0                      16
   7:45             AM                  0               2                   0                 0                2                 0                0                  0                  0                 0                0                2                  0                  0                 2                 0                  0                  0                  0                  0                        4
   8:00             AM                  0               9                   0                 0                9                 0                0                  0                  0                 0                0                1                  0                  0                 1                 0                  0                  0                  0                  0                      10
   8:15             AM                  0               1                   0                 0                1                 0                0                  0                  0                 0                0                2                  0                  0                 2                 0                  0                  0                  0                  0                        3
   8:30             AM                  0               3                   0                 0                3                 0                0                  0                  0                 0                0                3                  0                  0                 3                 0                  0                  0                  0                  0                        6
   8:45             AM                  0             16                    0                 0              16                  0                0                  0                  0                 0                0              12                   0                  0               12                  0                  0                  0                  0                  0                      28
   9:00             AM                  0               7                   0                 0                7                 0                0                  1                  0                 1                0              15                   0                  0               15                  0                  0                  0                  0                  0                      23
   9:15             AM                  1             10                    0                 0               11                 0                0                  0                  0                 0                0              10                   0                  0               10                  1                  0                  1                  0                  2                      23
   9:30             AM                  0               5                   0                 0                5                 0                0                  0                  0                 0                0                6                  0                  0                 6                 0                  0                  0                  0                  0                      11
   9:45             AM                  0               7                   0                 0                7                 0                0                  1                  0                 1                0              11                   0                  0               11                  0                  0                  0                  0                  0                      19
 10:00                AM                0               8                   0                 0                8                 0                0                  1                  0                 1                0                7                  0                  0                 7                 0                  0                  0                  0                  0                      16
 10:15                AM                0               7                   0                 0                7                 0                0                  0                  0                 0                0                6                  0                  0                 6                 0                  0                  0                  0                  0                      13
 10:30                AM                0               9                   0                 0                9                 0                0                  0                  0                 0                0                4                  0                  0                 4                 0                  0                  0                  0                  0                      13
 10:45                AM                1             10                    0                 0               11                 0                0                  0                  0                 0                0              11                   0                  0               11                  1                  0                  0                  0                  1                      23
 11:00               AM                 1               7                   0                 0                8                 0                0                  0                  0                 0                0              12                   0                  0               12                  2                  0                  0                  0                  2                      22
 11:15               AM                 0               2                   0                 0                2                 0                0                  0                  0                 0                0                1                  0                  0                 1                 0                  0                  0                  0                  0                        3
 11:30               AM                 0               0                   0                 0                0                 0                0                  0                  0                 0                0                0                  0                  0                 0                 0                  0                  0                  0                  0                        0
 11:45               AM                 0               0                   0                 0                0                 0                0                  0                  0                 0                0                0                  0                  0                 0                 0                  0                  0                  0                  0                        0
 12:00                 PM               0               0                   0                 0                0                 0                0                  0                  0                 0                0                0                  0                  0                 0                 0                  0                  0                  0                  0                        0
 12:15                 PM               0               0                   0                 0                0                 0                0                  0                  0                 0                0                0                  0                  0                 0                 0                  0                  0                  0                  0                        0
 12:30                 PM               0               0                   0                 0                0                 0                0                  0                  0                 0                0                0                  0                  0                 0                 0                  0                  0                  0                  0                        0
 12:45                 PM               0               0                   0                 0                0                 0                0                  0                  0                 0                0                0                  0                  0                 0                 0                  0                  0                  0                  0                        0
   1:00              PM                 0               0                   0                 0                0                 0                0                  0                  0                 0                0                0                  0                  0                 0                 0                  0                  0                  0                  0                        0
   1:15              PM                 0               0                   0                 0                0                 0                0                  0                  0                 0                0                0                  0                  0                 0                 0                  0                  0                  0                  0                        0
   1:30              PM                 0               2                   0                 0                2                 0                0                  0                  0                 0                0                0                  0                  0                 0                 0                  0                  0                  0                  0                        2
   1:45              PM                 0               6                   0                 0                6                 0                0                  0                  0                 0                0                6                  0                  0                 6                 0                  0                  0                  0                  0                      12
   2:00              PM                 0             16                    0                 0              16                  0                0                  0                  0                 0                0              11                   0                  0               11                  0                  0                  0                  0                  0                      27
   2:15              PM                 1               3                   0                 0                4                 0                0                  0                  0                 0                0                9                  0                  0                 9                 0                  1                  1                  0                  2                      15
   2:30              PM                 0              11                   0                 0               11                 0                0                  1                  0                 1                0                3                  0                  0                 3                 0                  0                  0                  0                  0                      15
   2:45              PM                 0               7                   0                 0                7                 0                0                  1                  0                 1                0                6                  0                  0                 6                 0                  0                  0                  0                  0                      14
   3:00              PM                 0               6                   0                 0                6                 0                0                  0                  0                 0                0              10                   0                  0               10                  0                  0                  0                  0                  0                      16
   3:15              PM                 0               9                   0                 0                9                 1                0                  0                  0                 1                0              10                   0                  0               10                  0                  0                  0                  0                  0                      20
   3:30              PM                 0               6                   0                 0                6                 0                0                  1                  0                 1                0                6                  0                  0                 6                 0                  0                  0                  0                  0                      13
   3:45              PM                 0               9                   0                 0                9                 0                0                  0                  0                 0                0              10                   0                  0               10                  1                  0                  0                  0                  1                      20
   4:00              PM                 0             12                    0                 0              12                  0                0                  0                  0                 0                0                6                  0                  0                 6                 0                  0                  0                  0                  0                      18
   4:15              PM                 0               6                   0                 0                6                 0                0                  0                  0                 0                0                6                  0                  0                 6                 2                  0                  0                  0                  2                      14
   4:30              PM                 0               8                   0                 0                8                 0                0                  0                  0                 0                0              18                   0                  0               18                  0                  0                  0                  0                  0                      26
   4:45              PM                 0               5                   0                 0                5                 0                0                  0                  0                 0                0                8                  0                  0                 8                 0                  0                  1                  0                  1                      14
   5:00              PM                 0             10                    0                 0              10                  0                0                  0                  0                 0                0              10                   0                  0               10                  0                  0                  1                  0                  1                      21
   5:15              PM                 0               5                   0                 0                5                 0                0                  0                  0                 0                0                7                  0                  0                 7                 0                  0                  0                  0                  0                      12
   5:30              PM                 0               6                   0                 0                6                 0                0                  0                  0                 0                0                7                  0                  0                 7                 0                  0                  0                  0                  0                      13
   5:45              PM                 0               6                   0                 0                6                 0                0                  0                  0                 0                0                8                  0                  0                 8                 0                  0                  0                  0                  0                      14
   6:00              PM                 0               9                   0                 0                9                 0                0                  0                  0                 0                0                3                  0                  0                 3                 0                  0                  0                  0                  0                      12
   6:15              PM                 0               8                   0                 0                8                 0                0                  0                  0                 0                0                6                  0                  0                 6                 0                  0                  0                  0                  0                      14
         Total                          4           293                     0                 0            297                   1                0                  7                  0                 8                0           283                     1                  0             284                   8                  1                  4                  0               13                      602
      App             %              1.3           98.7                 0.0               0.0                              12.5                0.0              87.5                0.0                                 0.0            99.6                 0.4               0.0                                61.5                7.7               30.8                 0.0
     Total              %            0.7           48.7                 0.0               0.0             49.3                0.2              0.0                1.2               0.0               1.3               0.0            47.0                 0.2               0.0             47.2                 1.3               0.2                 0.7                0.0               2.2
  INT            ID                                                ROAD 1                                                                                                  ROAD 2                                                                ROAD 3                                ROAD 4                                  COMMUNITY                                                     TMC DATE
        37                            GEORGIA AVENUE NW                                                                                           QUINCY STREET                                                      NW                                                                                                                                -                                       7/20/2011
