                                                                               Turning                                      Movement                                                     Count                                Report                                   -      Cars                         &           Trucks
    INT            ID                                              ROAD 1                                                                                  ROAD 2                                                     ROAD 3                                      ROAD 4                                          COMMUNITY                                                              TMC DATE
          39                                   15TH STREET                                              NW                                      I   STREET                            NW                                                                                                                                                  -                                               5/18/2016
                                  CARS
                                  NB                                                                                          EB                                                                                        SB                                                                                        WB
         Start                      Left            Thru             Right                 Ped                 NB              Left          Thru              Right                 Ped                 EB              Left          Thru              Right                 Ped                 SB               Left            Thru              Right                Ped                  WB               Interval
        Time                                                                                               Total                                                                                     Total                                                                                     Total                                                                                         Total                   Total
  7:00             AM                 58               66                   0                47              124                   0               0                  0                22                   0                0               0                  0                19                   0                 0            205                   21                57                226                     350
  7:15             AM                 54               59                   0                53               113                  0               0                  0                41                   0                0               0                  0                18                   0                 0            178                   16                66                194                     307
  7:30             AM                 69               73                   0                44              142                   0               0                  0                29                   0                0               0                  0                21                   0                 0            203                   16                32                219                     361
  7:45             AM                 69               90                   0                70              159                   0               0                  0                53                   0                0               0                  0                28                   0                 0            209                   25                39                234                     393
  8:00             AM                 90             108                    0                67              198                   0               0                  0                57                   0                0               0                  0                34                   0                 0            233                   14                57                247                     445
  8:15             AM               105              104                    0                89              209                   0               0                  0                68                   0                0               0                  0                44                   0                 0            263                   24                66                287                     496
  8:30             AM               101              123                    0              107               224                   0               0                  0                72                   0                0               0                  0                27                   0                 0            242                   27                72                269                     493
  8:45             AM               106              109                    0              149               215                   0               0                  0                85                   0                0               0                  0                49                   0                 0            245                   24                73                269                     484
  9:00             AM                 93             135                    0              149               228                   0               0                  0                74                   0                0               0                  0                64                   0                 0            218                   16                79                234                     462
  9:15             AM               102              110                    0              128               212                   0               0                  0                61                   0                0               0                  0                30                   0                 0            197                   27              122                 224                     436
  9:30             AM                 91             109                    0                92              200                   0               0                  0                42                   0                0               0                  0                33                   0                 0            178                   18                95                196                     396
  9:45             AM                 99             125                    0                86              224                   0               0                  0                63                   0                0               0                  0                23                   0                 0            193                   32                96                225                     449
 11:00               AM               82               78                   0                67              160                   0               0                  0                59                   0                0               0                  0                38                   0                 0            162                   25                   0              187                     347
 11:15               AM               69               66                   0                79              135                   0               0                  0                59                   0                0               0                  0                40                   0                 0            156                   18                   0              174                     309
 11:30               AM               74               71                   0                73              145                   0               0                  0                62                   0                0               0                  0                47                   0                 0            159                   19                49                178                     323
 11:45               AM               88               62                   0              117               150                   0               0                  0                84                   0                0               0                  0                40                   0                 0            176                   28                58                204                     354
12:00                 PM              91               59                   0              140               150                   0               0                  0                98                   0                0               0                  0                42                   0                 0            165                   27                73                192                     342
12:15                 PM              87               73                   0              149               160                   0               0                  0              116                    0                0               0                  0                55                   0                 0            184                   19              107                 203                     363
12:30                 PM              98               87                   0              174               185                   0               0                  0                88                   0                0               0                  0                48                   0                 0            148                   22              105                 170                     355
12:45                 PM              75               50                   0              157               125                   0               0                  0              112                    0                0               0                  0                57                   0                 0            175                   37                94                212                     337
  1:00              PM                82               74                   0              177               156                   0               0                  0              133                    0                0               0                  0                80                   0                 0            174                   25              126                 199                     355
  1:15              PM                88               74                   0              117               162                   0               0                  0                76                   0                0               0                  0                50                   0                 0            171                   26               113                197                     359
  1:30              PM                75               62                   0              147               137                   0               0                  0              111                    0                0               0                  0                59                   0                 0            177                   32              129                 209                     346
  1:45              PM                73               47                   0              141               120                   0               0                  0                93                   0                0               0                  0                78                   0                 0            190                   15                95                205                     325
  4:00              PM                66               64                   0                83              130                   0               0                  0                46                   0                0               0                  0                52                   0                 0            216                   29                   0              245                     375
  4:15              PM                73               78                   0                84              151                   0               0                  0                65                   0                0               0                  0                47                   0                 0            219                   22                   0              241                     392
  4:30              PM                72               63                   0                73              135                   0               0                  0                64                   0                0               0                  0                39                   0                 0            208                   19                78                227                     362
  4:45              PM                62               68                   0                85              130                   0               0                  0                72                   0                0               0                  0                68                   0                 0            208                   35                59                243                     373
  5:00              PM                67               82                   0              137               149                   0               0                  0              113                    0                0               0                  0                87                   0                 0            209                   35                58                244                     393
  5:15              PM                60               73                   0              148               133                   0               0                  0              118                    0                0               0                  0              105                    0                 0            218                   25                83                243                     376
  5:30              PM                58               77                   0                95              135                   0               0                  0                97                   0                0               0                  0                77                   0                 0            197                   24              122                 221                     356
  5:45              PM                72               97                   0              115               169                   0               0                  0                66                   0                0               0                  0                47                   0                 0            197                   20                96                217                     386
  6:00              PM                77             110                    0              110               187                   0               0                  0                83                   0                0               0                  0                78                   0                 0            222                   33                94                255                     442
  6:15              PM                75               83                   0                90              158                   0               0                  0                87                   0                0               0                  0                43                   0                 0            232                   36                55                268                     426
  6:30              PM                91               81                   0                68              172                   0               0                  0                84                   0                0               0                  0                50                   0                 0            223                   39              106                 262                     434
  6:45              PM                91               61                   0                83              152                   0               0                  0                67                   0                0               0                  0                56                   0                 0            214                   21                98                235                     387
        Total                     28832951                                  0            3790              5834                    0               0                  0            2720                     0                0               0                  0            1773                     0                 0          7164                  891             2652                8055                  13889
      App             %            49.4             50.6                 0.0              65.0                                 0.0              0.0                0.0                0.0                                0.0              0.0                0.0                0.0                                  0.0            88.9                11.1               32.9
    Total              %           20.8             21.2                 0.0              27.3               42.0              0.0              0.0                0.0              19.6                 0.0             0.0              0.0                0.0              12.8                 0.0               0.0            51.6                 6.4               19.1              58.0
    INT            ID                                              ROAD 1                                                                                  ROAD 2                                                     ROAD 3                                      ROAD 4                                          COMMUNITY                                                              TMC DATE
          39                                   15TH STREET                                              NW                                      I   STREET                            NW                                                                                                                                                  -                                               5/18/2016
                                 TRUCKS
                                 NB                                                                                        EB                                                                                        SB                                                                                          WB
         Start                    Left           Thru             Right                 Ped                  NB             Left          Thru              Right                Ped                  EB             Left           Thru              Right                 Ped                   SB               Left            Thru              Right                 Ped                  WB               Interval
       Time                                                                                              Total                                                                                     Total                                                                                      Total                                                                                          Total                    Total
  7:00             AM                 6                2                 0                47                    8               0               0                 0                22                    0               0               0                   0                 19                   0                  0              18                    1                 57                 19                       27
  7:15             AM                 4                0                 0                53                    4               0               0                 0                41                    0               0               0                   0                 18                   0                  0              21                    1                 66                 22                       26
  7:30             AM                 4                2                 0                44                    6               0               0                 0                29                    0               0               0                   0                 21                   0                  0              27                    0                 32                 27                       33
  7:45             AM               18                 1                 0                70                 19                 0               0                 0                53                    0               0               0                   0                 28                   0                  0              36                    3                 39                 39                       58
  8:00             AM                11                4                 0                67                 15                 0               0                 0                57                    0               0               0                   0                 34                   0                  0              35                    3                 57                 38                       53
  8:15             AM                 9                4                 0                89                 13                 0               0                 0                68                    0               0               0                   0                 44                   0                  0              29                    0                 66                 29                       42
  8:30             AM                 9                5                 0              107                  14                 0               0                 0                72                    0               0               0                   0                 27                   0                  0              25                    1                 72                 26                       40
  8:45             AM                 5                1                 0              149                     6               0               0                 0                85                    0               0               0                   0                 49                   0                  0              25                    1                 73                 26                       32
  9:00             AM               16                 3                 0              149                  19                 0               0                 0                74                    0               0               0                   0                 64                   0                  0              35                    2                 79                 37                       56
  9:15             AM                 7                4                 0              128                  11                 0               0                 0                61                    0               0               0                   0                 30                   0                  0              27                    1               122                  28                       39
  9:30             AM               13                 3                 0                92                 16                 0               0                 0                42                    0               0               0                   0                 33                   0                  0              19                    1                 95                 20                       36
  9:45             AM               12                 2                 0                86                 14                 0               0                 0                63                    0               0               0                   0                 23                   0                  0              19                    2                 96                 21                       35
11:00               AM              14                 9                 0                67                 23                 0               0                 0                59                    0               0               0                   0                 38                   0                  0              21                    5                   0                26                       49
11:15               AM                7                3                 0                79                 10                 0               0                 0                59                    0               0               0                   0                 40                   0                  0              26                    2                   0                28                       38
11:30               AM                9                5                 0                73                 14                 0               0                 0                62                    0               0               0                   0                 47                   0                  0              21                    0                 49                 21                       35
11:45               AM                9                5                 0               117                 14                 0               0                 0                84                    0               0               0                   0                 40                   0                  0              17                    2                 58                 19                       33
12:00                 PM              9                3                 0              140                  12                 0               0                 0                98                    0               0               0                   0                 42                   0                  0              22                    1                 73                 23                       35
12:15                 PM              6                6                 0              149                  12                 0               0                 0               116                    0               0               0                   0                 55                   0                  0              22                    2               107                  24                       36
12:30                 PM            13                 6                 0              174                  19                 0               0                 0                88                    0               0               0                   0                 48                   0                  0              20                    1               105                  21                       40
12:45                 PM            10                 3                 0              157                  13                 0               0                 0               112                    0               0               0                   0                 57                   0                  0              18                    2                 94                 20                       33
  1:00              PM                5                5                 0              177                  10                 0               0                 0              133                     0               0               0                   0                 80                   0                  0              14                    1               126                  15                       25
  1:15              PM                5                1                 0               117                    6               0               0                 0                76                    0               0               0                   0                 50                   0                  0              13                    3               113                  16                       22
  1:30              PM                7                2                 0              147                     9               0               0                 0               111                    0               0               0                   0                 59                   0                  0              12                    0               129                  12                       21
  1:45              PM                7                2                 0              141                     9               0               0                 0                93                    0               0               0                   0                 78                   0                  0              12                    0                 95                 12                       21
  4:00              PM                7                3                 0                83                 10                 0               0                 0                46                    0               0               0                   0                 52                   0                  0              33                    0                   0                33                       43
  4:15              PM                9                1                 0                84                 10                 0               0                 0                65                    0               0               0                   0                 47                   0                  0              24                    0                   0                24                       34
  4:30              PM              10                 2                 0                73                 12                 0               0                 0                64                    0               0               0                   0                 39                   0                  0              22                    0                 78                 22                       34
  4:45              PM                4                3                 0                85                    7               0               0                 0                72                    0               0               0                   0                 68                   0                  0              22                    0                 59                 22                       29
  5:00              PM                9                1                 0              137                  10                 0               0                 0               113                    0               0               0                   0                 87                   0                  0              20                    0                 58                 20                       30
  5:15              PM                9                2                 0              148                  11                 0               0                 0               118                    0               0               0                   0               105                    0                  0              35                    0                 83                 35                       46
  5:30              PM                4                1                 0                95                    5               0               0                 0                97                    0               0               0                   0                 77                   0                  0              32                    2               122                  34                       39
  5:45              PM                7                0                 0               115                    7               0               0                 0                66                    0               0               0                   0                 47                   0                  0              26                    1                 96                 27                       34
  6:00              PM                7                6                 0               110                 13                 0               0                 0                83                    0               0               0                   0                 78                   0                  0              24                    2                 94                 26                       39
  6:15              PM                7                1                 0                90                    8               0               0                 0                87                    0               0               0                   0                 43                   0                  0              23                    0                 55                 23                       31
  6:30              PM                6                2                 0                68                    8               0               0                 0                84                    0               0               0                   0                 50                   0                  0              12                    1               106                  13                       21
  6:45              PM                1                4                 0                83                    5               0               0                 0                67                    0               0               0                   0                 56                   0                  0              22                    1                 98                 23                       28
        Total                     295             107                    0            3790                 402                  0               0                 0            2720                      0               0               0                   0            1773                      0                  0            829                   42              2652                 871                    1273
     App             %           73.426.6                             0.0            942.8                                   0.0            0.0                0.0                 0.0                                0.0             0.0                0.0                 0.0                                    0.0            95.2                 4.8             304.5
    Total              %         23.2              8.4                0.0            297.7                31.6               0.0            0.0                0.0            213.7                  0.0              0.0             0.0                0.0             139.3                   0.0                0.0            65.1                 3.3             208.3                 68.4
    INT            ID                                              ROAD 1                                                                                  ROAD 2                                                     ROAD 3                                      ROAD 4                                          COMMUNITY                                                              TMC DATE
          39                                   15TH STREET                                              NW                                      I   STREET                            NW                                                                                                                                                  -                                               5/18/2016
