                                                                               Turning                                      Movement                                                     Count                                Report                                   -      Cars                         &           Trucks
    INT            ID                                         ROAD 1                                                                                          ROAD 2                                                                ROAD 3                                   ROAD 4                                      COMMUNITY                                                          TMC DATE
          40                              46TH STREET                                              NW                                   YUMA STREET                                                 NW                                                                                                                                           -                                             8/9/2011
                                   CARS
                                   NB                                                                                       EB                                                                                        SB                                                                                        WB
          Start                     Left            Thru              Right               Ped                NB              Left           Thru               Right               Ped                 EB              Left           Thru               Right               Ped                 SB               Left             Thru               Right                Ped                WB                Interval
         Time                                                                                             Total                                                                                     Total                                                                                     Total                                                                                        Total                    Total
   6:30             AM                   0               3                   0                 0                3                0                3                  0                  6                 3                0              12                   0                  1               12                  1                  3                  0                  1                  4                      22
   6:45             AM                   0               2                   0                 0                2                0                2                  0                  2                 2                0              19                   2                  0               21                  0                  4                  0                  0                  4                      29
   7:00             AM                   0               8                   2                 0              10                 1                1                  0                  6                 2                0              19                   1                  1               20                  0                  4                  0                  0                  4                      36
   7:15             AM                   0               8                   0                 1                8                0                3                  0                  3                 3                0              21                   1                  0               22                  2                  5                  0                  1                  7                      40
   7:30             AM                   0               7                   0                 1                7                2                6                  1                  3                 9                0              31                   1                  2               32                  0                  6                  2                  0                  8                      56
   7:45             AM                   1              11                   0                 3              12                 0                9                  1                  3               10                 0              41                   1                  1               42                  1                  4                  0                  0                  5                      69
   8:00             AM                   0             22                    2                 1              24                 1              10                   3                  2               14                 0              32                   2                  1               34                  2                  6                  1                  0                  9                      81
   8:15             AM                   0              11                   1                 1              12                 0              17                   3                  3               20                 4              50                   1                  1               55                  3                  4                  0                  0                  7                      94
   8:30             AM                   2             12                    1                 0              15                 0              12                   2                  0               14                 2              52                   0                  0               54                  3                  9                  4                  0               16                        99
   8:45             AM                   0             22                    1                 2              23                 0              14                   0                  0               14                 3              39                   4                  1               46                  1                  8                  4                  0               13                        96
   9:00             AM                   1             22                    1                 0              24                 1              18                   1                  1               20                 2              40                   3                  1               45                  0                  4                  4                  1                  8                      97
   9:15             AM                   2             14                    1                 2              17                 0              13                   0                  1               13                 0              39                   0                  0               39                  1                  6                  2                  0                  9                      78
   9:30             AM                   1              11                   1                 2              13                 0              11                   0                  0               11                 1              41                   2                  0               44                  2                  7                  2                  1               11                        79
   9:45             AM                   0             10                    1                 0              11                 0              13                   3                  0               16                 2              30                   2                  0               34                  0                  6                  0                  0                  6                      67
 10:00                AM                 0             13                    1                 1              14                 0                9                  3                  4               12                 0              26                   1                  0               27                  3                  6                  0                  1                  9                      62
 10:15                AM                 1             12                    0                 1              13                 1              11                   1                  0               13                 1              19                   0                  1               20                  1                  3                  3                  2                  7                      53
 10:30                AM                 1              11                   2                 0              14                 1                7                  0                  0                 8                2              15                   3                  2               20                  1                  5                  1                  0                  7                      49
 10:45                AM                 1             13                    2                 1              16                 2                8                  1                  2               11                 1              12                   0                  2               13                  1                  7                  0                  1                  8                      48
  11:00               AM                 0             19                    0                 0              19                 0                4                  1                  2                 5                1              12                   0                  0               13                  1                  3                  1                  0                  5                      42
  11:15               AM                 0             16                    1                 2              17                 2                6                  0                  3                 8                2              17                   2                  0               21                  1                  5                  0                  0                  6                      52
  11:30               AM                 0             12                    1                 0              13                 0                6                  2                  0                 8                2              20                   2                  1               24                  0                  6                  0                  0                  6                      51
  11:45               AM                 0               9                   1                 2              10                 1                6                  0                  0                 7                0              12                   2                  1               14                  0                  0                  1                  0                  1                      32
 12:00                 PM                0              11                   0                 0              11                 3              10                   2                  1               15                 2              13                   0                  0               15                  1                  7                  0                  0                  8                      49
 12:15                 PM                0             15                    0                 1              15                 2                5                  1                  0                 8                1              15                   4                  0               20                  2                  6                  0                  0                  8                      51
 12:30                 PM                1             13                    0                 1              14                 1                4                  0                  1                 5                2              23                   1                  0               26                  0                  2                  0                  0                  2                      47
 12:45                 PM                0             14                    0                 0              14                 0                6                  1                  0                 7                0              16                   0                  1               16                  0                  2                  2                  1                  4                      41
   1:00              PM                  1             12                    0                 0              13                 0                5                  1                  0                 6                0              13                   2                  0               15                  0                  7                  2                  0                  9                      43
   1:15              PM                  0             10                    0                 1              10                 0                6                  3                  1                 9                1              17                   3                  1               21                  0                  6                  0                  0                  6                      46
   1:30              PM                  0               7                   0                 0                7                0                3                  1                  0                 4                0              14                   0                  0               14                  1                  4                  1                  0                  6                      31
   1:45              PM                  0               8                   0                 0                8                0                4                  0                  0                 4                0                7                  3                  0               10                  0                  5                  0                  0                  5                      27
   2:00              PM                  2             10                    0                 0              12                 1                2                  0                  0                 3                1              10                   0                  0               11                  0                  9                  2                  0               11                        37
   2:15              PM                  2             13                    0                 2              15                 1                5                  2                  1                 8                0              14                   2                  0               16                  1                  5                  0                  0                  6                      45
   2:30              PM                  1             18                    1                 2              20                 1                8                  1                  0               10                 2                8                  1                  1               11                  2                  8                  2                  0               12                        53
   2:45              PM                  0             12                    1                 1              13                 2                7                  4                  0               13                 2              19                   3                  0               24                  1                13                   1                  0               15                        65
   3:00              PM                  0             28                    0                 1              28                 0                7                  2                  0                 9                0              19                   4                  0               23                  0                10                   0                  0               10                        70
   3:15              PM                  0             18                    1                 0              19                 1                7                  2                  0               10                 0              16                   4                  1               20                  1                  3                  0                  0                  4                      53
   3:30              PM                  0             24                    0                 0              24                 1                9                  1                  0               11                 0              10                   0                  0               10                  2                  4                  0                  0                  6                      51
   3:45              PM                  0             19                    0                 1              19                 1                9                  0                  0               10                 0              21                   0                  1               21                  2                  4                  0                  0                  6                      56
   4:00              PM                  1             24                    0                 0              25                 1                9                  0                  1               10                 0              20                   1                  0               21                  2                  4                  2                  0                  8                      64
   4:15              PM                  2             21                    0                 0              23                 1                8                  1                  1               10                 0              18                   0                  0               18                  0                  5                  1                  0                  6                      57
   4:30              PM                  0             17                    1                 0              18                 1              11                   1                  0               13                 0              14                   3                  0               17                  0                  6                  2                  0                  8                      56
   4:45              PM                  0             28                    0                 0              28                 1                7                  0                  1                 8                1              21                   0                  0               22                  0                  5                  1                  0                  6                      64
   5:00              PM                  0             27                    0                 0              27                 0              13                   0                  1               13                 2              21                   2                  1               25                  2                  5                  1                  0                  8                      73
   5:15              PM                  0             28                    2                 0              30                 0              13                   1                  0               14                 0              21                   1                  0               22                  0                12                   2                  0               14                        80
   5:30              PM                  1             27                    2                 1              30                 2                7                  0                  1                 9                0              22                   0                  1               22                  1                10                   1                  1               12                        73
   5:45              PM                  1             29                    2                 1              32                 1                7                  4                  2               12                 1              28                   1                  0               30                  1                10                   0                  0               11                        85
   6:00              PM                  1             26                    1                 0              28                 1                6                  1                  1                 8                2              21                   4                  0               27                  2                  6                  3                  1               11                        74
   6:15              PM                  1             24                    0                 0              25                 2                3                  2                  3                 7                0              23                   0                  1               23                  2                16                   1                  0               19                        74
         Total                        24             751                  30                32              805                36            370                   53                 56              459                40          1043                    69                 24           1152                   47              285                   49                 11              381                    2797
       App             %              3.0           93.3                 3.7               4.0                                7.8            80.6               11.5              12.2                                  3.5            90.5                 6.0               2.1                                12.3              74.8                12.9                 2.9
     Total              %             0.9           26.9                 1.1               1.1             28.8               1.3            13.2                 1.9               2.0             16.4                1.4            37.3                 2.5               0.9             41.2                 1.7             10.2                  1.8                0.4             13.6
    INT            ID                                         ROAD 1                                                                                          ROAD 2                                                                ROAD 3                                   ROAD 4                                      COMMUNITY                                                          TMC DATE
          40                              46TH STREET                                              NW                                   YUMA STREET                                                 NW                                                                                                                                           -                                             8/9/2011
                                   TRUCKS
                                   NB                                                                                       EB                                                                                        SB                                                                                        WB
          Start                     Left            Thru              Right               Ped                NB              Left           Thru               Right               Ped                 EB              Left           Thru               Right               Ped                 SB               Left             Thru               Right                Ped                WB                Interval
         Time                                                                                             Total                                                                                     Total                                                                                     Total                                                                                        Total                     Total
   6:30             AM                   0               0                   0                 0                0                0                0                  0                  0                 0                0                0                  0                  0                 0                 0                  1                  0                  0                  1                        1
   6:45             AM                   0               0                   0                 0                0                0                1                  0                  0                 1                0                0                  0                  0                 0                 0                  1                  0                  0                  1                        2
   7:00             AM                   0               0                   0                 0                0                0                0                  0                  0                 0                0                3                  0                  0                 3                 0                  0                  0                  0                  0                        3
   7:15             AM                   0               0                   0                 0                0                0                1                  0                  0                 1                0                0                  0                  0                 0                 0                  1                  0                  0                  1                        2
   7:30             AM                   0               0                   0                 0                0                0                1                  0                  0                 1                1                1                  1                  0                 3                 0                  1                  0                  0                  1                        5
   7:45             AM                   0               0                   0                 0                0                0                1                  0                  0                 1                0                1                  1                  0                 2                 0                  0                  0                  0                  0                        3
   8:00             AM                   0               0                   1                 0                1                0                1                  1                  0                 2                0                0                  0                  0                 0                 0                  2                  0                  0                  2                        5
   8:15             AM                   0               0                   0                 0                0                0                1                  0                  0                 1                0                0                  0                  0                 0                 0                  0                  0                  0                  0                        1
   8:30             AM                   0               0                   0                 0                0                0                1                  0                  0                 1                0                1                  0                  0                 1                 0                  1                  0                  0                  1                        3
   8:45             AM                   0               0                   0                 0                0                0                1                  0                  0                 1                0                0                  0                  0                 0                 0                  3                  0                  0                  3                        4
   9:00             AM                   0               0                   0                 0                0                0                0                  0                  0                 0                0                0                  0                  0                 0                 0                  0                  0                  0                  0                        0
   9:15             AM                   0               0                   0                 0                0                0                1                  0                  0                 1                0                0                  0                  0                 0                 0                  1                  0                  0                  1                        2
   9:30             AM                   0               0                   0                 0                0                0                1                  0                  0                 1                0                0                  1                  0                 1                 0                  0                  0                  0                  0                        2
   9:45             AM                   0               0                   0                 0                0                0                1                  0                  0                 1                0                1                  0                  0                 1                 0                  2                  0                  0                  2                        4
 10:00                AM                 0               0                   0                 0                0                0                1                  0                  0                 1                0                1                  0                  0                 1                 0                  0                  0                  0                  0                        2
 10:15                AM                 0               0                   0                 0                0                0                1                  0                  0                 1                0                0                  0                  0                 0                 0                  0                  1                  0                  1                        2
 10:30                AM                 0               1                   0                 0                1                0                0                  0                  0                 0                0                0                  0                  0                 0                 0                  1                  0                  0                  1                        2
 10:45                AM                 0               1                   0                 0                1                0                2                  0                  0                 2                0                2                  0                  0                 2                 0                  0                  1                  0                  1                        6
  11:00               AM                 0               2                   0                 0                2                0                0                  0                  0                 0                0                0                  0                  0                 0                 0                  0                  0                  0                  0                        2
  11:15               AM                 0               0                   0                 0                0                0                0                  0                  0                 0                0                2                  0                  0                 2                 0                  1                  0                  0                  1                        3
  11:30               AM                 0               0                   0                 0                0                0                2                  0                  0                 2                0                0                  1                  0                 1                 0                  0                  0                  0                  0                        3
  11:45               AM                 0               0                   0                 0                0                0                3                  0                  0                 3                0                1                  0                  0                 1                 0                  3                  0                  0                  3                        7
 12:00                 PM                0               0                   0                 0                0                0                0                  0                  0                 0                0                1                  0                  0                 1                 0                  0                  0                  0                  0                        1
 12:15                 PM                0               1                   0                 0                1                0                1                  0                  0                 1                0                0                  0                  0                 0                 0                  0                  0                  0                  0                        2
 12:30                 PM                0               1                   0                 0                1                0                0                  0                  0                 0                0                0                  0                  0                 0                 0                  1                  0                  0                  1                        2
 12:45                 PM                0               0                   0                 0                0                0                1                  0                  0                 1                0                1                  0                  0                 1                 0                  0                  0                  0                  0                        2
   1:00              PM                  0               1                   0                 0                1                0                0                  0                  0                 0                0                0                  0                  0                 0                 0                  1                  0                  0                  1                        2
   1:15              PM                  0               0                   0                 0                0                0                0                  0                  0                 0                0                0                  0                  0                 0                 0                  0                  0                  0                  0                        0
   1:30              PM                  0               0                   0                 0                0                0                0                  0                  0                 0                0                1                  0                  0                 1                 0                  0                  0                  0                  0                        1
   1:45              PM                  0               0                   0                 0                0                0                0                  0                  0                 0                0                1                  0                  0                 1                 0                  0                  0                  0                  0                        1
   2:00              PM                  0               1                   0                 0                1                0                0                  0                  0                 0                0                1                  0                  0                 1                 0                  0                  0                  0                  0                        2
   2:15              PM                  0               0                   0                 0                0                0                1                  0                  0                 1                0                0                  0                  0                 0                 0                  0                  1                  0                  1                        2
   2:30              PM                  0               0                   0                 0                0                0                0                  0                  0                 0                0                0                  0                  0                 0                 0                  1                  0                  0                  1                        1
   2:45              PM                  0               0                   0                 0                0                0                1                  0                  0                 1                0                0                  0                  0                 0                 0                  0                  0                  0                  0                        1
   3:00              PM                  0               1                   0                 0                1                0                0                  0                  0                 0                0                0                  0                  0                 0                 0                  0                  0                  0                  0                        1
   3:15              PM                  0               0                   0                 0                0                0                0                  0                  0                 0                0                0                  0                  0                 0                 0                  1                  0                  0                  1                        1
   3:30              PM                  0               0                   0                 0                0                0                1                  0                  0                 1                0                1                  0                  0                 1                 0                  1                  0                  0                  1                        3
   3:45              PM                  0               0                   0                 0                0                0                0                  0                  0                 0                0                0                  0                  0                 0                 0                  1                  0                  0                  1                        1
   4:00              PM                  0               0                   0                 0                0                0                1                  0                  0                 1                0                1                  0                  0                 1                 0                  0                  0                  0                  0                        2
   4:15              PM                  0               0                   0                 0                0                0                0                  0                  0                 0                0                0                  0                  0                 0                 0                  2                  0                  0                  2                        2
   4:30              PM                  0               0                   0                 0                0                0                0                  0                  0                 0                0                0                  0                  0                 0                 0                  1                  0                  0                  1                        1
   4:45              PM                  0               0                   0                 0                0                0                1                  0                  0                 1                0                0                  0                  0                 0                 0                  1                  0                  0                  1                        2
   5:00              PM                  0               0                   0                 0                0                0                0                  0                  0                 0                0                0                  0                  0                 0                 0                  0                  0                  0                  0                        0
   5:15              PM                  0               0                   0                 0                0                0                1                  0                  0                 1                0                1                  0                  0                 1                 0                  1                  0                  0                  1                        3
   5:30              PM                  0               0                   0                 0                0                0                0                  0                  0                 0                0                0                  0                  0                 0                 0                  1                  0                  0                  1                        1
   5:45              PM                  0               0                   0                 0                0                0                2                  1                  0                 3                0                0                  0                  0                 0                 0                  1                  0                  0                  1                        4
   6:00              PM                  0               0                   0                 0                0                0                1                  0                  0                 1                0                0                  0                  0                 0                 0                  1                  0                  0                  1                        2
   6:15              PM                  0               0                   0                 0                0                0                0                  0                  0                 0                0                0                  0                  0                 0                 0                  0                  0                  0                  0                        0
         Total                           0               9                   1                 0              10                 0              31                   2                  0               33                 1              21                   4                  0               26                  0                32                   3                  0                35                     104
       App             %              0.0           90.0               10.0                0.0                                0.0            93.9                 6.1               0.0                                 3.8            80.8               15.4                0.0                                  0.0             91.4                  8.6                0.0
     Total              %             0.0             8.7                1.0               0.0               9.6              0.0            29.8                 1.9               0.0             31.7                1.0            20.2                 3.8               0.0             25.0                 0.0             30.8                  2.9                0.0             33.7
    INT            ID                                         ROAD 1                                                                                          ROAD 2                                                                ROAD 3                                   ROAD 4                                      COMMUNITY                                                          TMC DATE
          40                              46TH STREET                                              NW                                   YUMA STREET                                                 NW                                                                                                                                           -                                             8/9/2011
