                                                                               Turning                                      Movement                                                     Count                                Report                                   -      Cars                         &           Trucks
   INT            ID                                      ROAD 1                                                                                                ROAD 2                                                                      ROAD 3                                 ROAD 4                                    COMMUNITY                                                      TMC DATE
         41                           13TH STREET                                              NW                                 KENNEDY STREET                                                            NW                                                                                                                                       -                                       9/14/2011
                                   CARS
                                   NB                                                                                       EB                                                                                        SB                                                                                        WB
          Start                     Left            Thru              Right               Ped                NB              Left           Thru               Right               Ped                 EB              Left           Thru               Right               Ped                 SB               Left              Thru              Right                Ped                WB                Interval
         Time                                                                                             Total                                                                                     Total                                                                                     Total                                                                                         Total                    Total
   6:30             AM                   1             20                    1                 3              22                 0                6                  4                  2               10                 2              87                   1                  2               90                   1               14                    1                 0                16                     138
   6:45             AM                   9             26                    2                 0              37                 0                7                  2                  4                 9                0           106                     2                  3             108                    1               14                    1                 0                16                     170
   7:00             AM                   4             31                    3                 3              38                 0              21                   6                  6               27                 3              85                   0                  9               88                   5               21                    5                 0                31                     184
   7:15             AM                   4             30                    2                 3              36                 1              29                   4                  2               34                 2           151                     1                  6             154                    7               25                    3                 3                35                     259
   7:30             AM                   3             40                    3                 9              46                 0              28                   6                  4               34                 3           157                     3                  3             163                 10                 31                    0                 2                41                     284
   7:45             AM                   4             39                    6                 7              49                 2              28                   3                  3               33                 3           164                     5                  6             172                    9               37                    1                 3                47                     301
   8:00             AM                   5             59                    7                 2              71                 1              29                   9                  2               39                 2           146                     3                  4             151                 10                 30                    3                 6                43                     304
   8:15             AM                   7             48                 11                   3              66                 2              42                   6                  6               50                 4           159                     4                  4             167                  11                33                    5                 6                49                     332
   8:30             AM                   6             68                    7                 3              81                 1              38                   8                  5               47                 5           146                     1                12              152                    5               29                    3                 4                37                     317
   8:45             AM                   4             60                    6                 0              70                 1              26                   8                  1               35                 5           159                     6                  9             170                    9               14                    7                 0                30                     305
   9:00             AM                   0               0                   0                 0                0                0                0                  0                  0                 0                0                0                  0                  0                 0                  0                 0                   0                 0                  0                        0
   9:15             AM                   0               0                   0                 0                0                0                0                  0                  0                 0                0                0                  0                  0                 0                  0                 0                   0                 0                  0                        0
   9:30             AM                   0               0                   0                 0                0                0                0                  0                  0                 0                0                0                  0                  0                 0                  0                 0                   0                 0                  0                        0
   9:45             AM                   0               0                   0                 0                0                0                0                  0                  0                 0                0                0                  0                  0                 0                  0                 0                   0                 0                  0                        0
 10:00                AM                 0               0                   0                 0                0                0                0                  0                  0                 0                0                0                  0                  0                 0                  0                 0                   0                 0                  0                        0
 10:15                AM                 0               0                   0                 0                0                0                0                  0                  0                 0                0                0                  0                  0                 0                  0                 0                   0                 0                  0                        0
 10:30                AM                 0               0                   0                 0                0                0                0                  0                  0                 0                0                0                  0                  0                 0                  0                 0                   0                 0                  0                        0
 10:45                AM                 0               0                   0                 0                0                0                0                  0                  0                 0                0                0                  0                  0                 0                  0                 0                   0                 0                  0                        0
  11:00               AM                 0               0                   0                 0                0                0                0                  0                  0                 0                0                0                  0                  0                 0                  0                 0                   0                 0                  0                        0
  11:15               AM                 0               0                   0                 0                0                0                0                  0                  0                 0                0                0                  0                  0                 0                  0                 0                   0                 0                  0                        0
  11:30               AM                 0               0                   0                 0                0                0                0                  0                  0                 0                0                0                  0                  0                 0                  0                 0                   0                 0                  0                        0
  11:45               AM                 0               0                   0                 0                0                0                0                  0                  0                 0                0                0                  0                  0                 0                  0                 0                   0                 0                  0                        0
 12:00                 PM                0               0                   0                 0                0                0                0                  0                  0                 0                0                0                  0                  0                 0                  0                 0                   0                 0                  0                        0
 12:15                 PM                0               0                   0                 0                0                0                0                  0                  0                 0                0                0                  0                  0                 0                  0                 0                   0                 0                  0                        0
 12:30                 PM                0               0                   0                 0                0                0                0                  0                  0                 0                0                0                  0                  0                 0                  0                 0                   0                 0                  0                        0
 12:45                 PM                0               0                   0                 0                0                0                0                  0                  0                 0                0                0                  0                  0                 0                  0                 0                   0                 0                  0                        0
   1:00              PM                  0               0                   0                 0                0                0                0                  0                  0                 0                0                0                  0                  0                 0                  0                 0                   0                 0                  0                        0
   1:15              PM                  0               0                   0                 0                0                0                0                  0                  0                 0                0                0                  0                  0                 0                  0                 0                   0                 0                  0                        0
   1:30              PM                  0               0                   0                 0                0                0                0                  0                  0                 0                0                0                  0                  0                 0                  0                 0                   0                 0                  0                        0
   1:45              PM                  0               0                   0                 0                0                0                0                  0                  0                 0                0                0                  0                  0                 0                  0                 0                   0                 0                  0                        0
   2:00              PM                  0               0                   0                 0                0                0                0                  0                  0                 0                0                0                  0                  0                 0                  0                 0                   0                 0                  0                        0
   2:15              PM                  0               0                   0                 0                0                0                0                  0                  0                 0                0                0                  0                  0                 0                  0                 0                   0                 0                  0                        0
   2:30              PM                  0               0                   0                 0                0                0                0                  0                  0                 0                0                0                  0                  0                 0                  0                 0                   0                 0                  0                        0
   2:45              PM                  0               0                   0                 0                0                0                0                  0                  0                 0                0                0                  0                  0                 0                  0                 0                   0                 0                  0                        0
   3:00              PM                  0               0                   0                 0                0                0                0                  0                  0                 0                0                0                  0                  0                 0                  0                 0                   0                 0                  0                        0
   3:15              PM                  0               0                   0                 0                0                0                0                  0                  0                 0                0                0                  0                  0                 0                  0                 0                   0                 0                  0                        0
   3:30              PM                  0               0                   0                 0                0                0                0                  0                  0                 0                0                0                  0                  0                 0                  0                 0                   0                 0                  0                        0
   3:45              PM                  0               0                   0                 0                0                0                0                  0                  0                 0                0                0                  0                  0                 0                  0                 0                   0                 0                  0                        0
   4:00              PM                  0               0                   0                 0                0                0                0                  0                  0                 0                0                0                  0                  0                 0                  0                 0                   0                 0                  0                        0
   4:15              PM                  0               0                   0                 0                0                0                0                  0                  0                 0                0                0                  0                  0                 0                  0                 0                   0                 0                  0                        0
   4:30              PM                  5           133                     6                 1            144                  0              41                   2                  1               43                 2              74                   2                  1               78                   1               19                    3                 1                23                     288
   4:45              PM                  9           145                  17                   8            171                  1              33                   2                  2               36                 4              85                   0                  3               89                   1               22                    3                 1                26                     322
   5:00              PM                  6           141                     8                 6            155                  1              25                   5                  1               31                 4              77                   3                  3               84                   3               14                    2                 1                19                     289
   5:15              PM                  9           147                     6              13              162                  3              43                   1                  1               47                 5              82                   1                  6               88                   5               21                    5                 1                31                     328
   5:30              PM                  6           156                  11                11              173                  0              46                   4                  3               50                 5              80                   2                  5               87                   5               26                    3                 2                34                     344
   5:45              PM               12             148                  14                10              174                  1              56                   5                  2               62               12               80                   3                15                95                   8               25                    3                 9                36                     367
   6:00              PM                  4            119                    8              10              131                  3              54                   2                  0               59               13               68                   2                  6               83                   2               31                    6                 1                39                     312
   6:15              PM                  4           137                  11                17              152                  1              42                   4                  0               47                 4              72                   3                  5               79                   6               20                    2                 6                28                     306
   6:30              PM                  7            114                    4                 8            125                  4              33                   5                  0               42                 4              66                   4                16                74                   3               30                    2                 3                35                     276
   6:45              PM               10              115                 11                   5            136                  1              48                   3                  3               52                 7              68                   4                  4               79                   9               37                    1                 5                47                     314
         Total                       119           1776                 144               122            2039                  23            675                   89                 48              787                89           2112                   50               122            2251                  111               493                   59                54               663                    5740
       App             %              5.8           87.1                 7.1               6.0                                2.9            85.8               11.3                6.1                                 4.0            93.8                 2.2               5.4                                 16.7              74.4                  8.9               8.1
     Total              %             2.1           30.9                 2.5               2.1             35.5               0.4            11.8                 1.6               0.8             13.7                1.6            36.8                 0.9               2.1             39.2                  1.9               8.6                 1.0               0.9              11.6
   INT            ID                                      ROAD 1                                                                                                ROAD 2                                                                      ROAD 3                                 ROAD 4                                    COMMUNITY                                                      TMC DATE
         41                           13TH STREET                                              NW                                 KENNEDY STREET                                                            NW                                                                                                                                       -                                       9/14/2011
                                   TRUCKS
                                   NB                                                                                       EB                                                                                        SB                                                                                        WB
          Start                     Left            Thru              Right               Ped                NB              Left           Thru               Right               Ped                 EB              Left           Thru               Right               Ped                 SB               Left             Thru               Right                Ped                WB                Interval
         Time                                                                                             Total                                                                                     Total                                                                                     Total                                                                                        Total                     Total
   6:30             AM                   0               1                   0                 0                1                0                2                  0                  0                 2                0                0                  0                  0                 0                 0                  1                  0                  0                  1                        4
   6:45             AM                   0               2                   0                 0                2                0                2                  0                  0                 2                0                2                  0                  0                 2                 0                  4                  0                  0                  4                      10
   7:00             AM                   0               2                   0                 0                2                0                2                  0                  0                 2                0                1                  0                  0                 1                 0                  2                  0                  0                  2                        7
   7:15             AM                   0               0                   0                 0                0                0                4                  0                  0                 4                0                3                  0                  0                 3                 0                  4                  1                  0                  5                      12
   7:30             AM                   0               3                   0                 0                3                0                1                  0                  0                 1                0                3                  0                  0                 3                 0                  1                  0                  0                  1                        8
   7:45             AM                   1               2                   1                 0                4                0                1                  0                  0                 1                1                3                  0                  0                 4                 1                  4                  0                  0                  5                      14
   8:00             AM                   0               8                   0                 0                8                0                3                  0                  0                 3                0                1                  0                  0                 1                 1                  4                  0                  0                  5                      17
   8:15             AM                   0               0                   0                 0                0                0                1                  0                  0                 1                0                1                  0                  0                 1                 0                  3                  0                  0                  3                        5
   8:30             AM                   0               1                   0                 0                1                0                4                  0                  0                 4                0                1                  0                  0                 1                 0                  5                  0                  0                  5                      11
   8:45             AM                   0               0                   1                 0                1                0                1                  0                  0                 1                0                2                  0                  0                 2                 0                  1                  0                  0                  1                        5
   9:00             AM                   0               0                   0                 0                0                0                0                  0                  0                 0                0                0                  0                  0                 0                 0                  0                  0                  0                  0                        0
   9:15             AM                   0               0                   0                 0                0                0                0                  0                  0                 0                0                0                  0                  0                 0                 0                  0                  0                  0                  0                        0
   9:30             AM                   0               0                   0                 0                0                0                0                  0                  0                 0                0                0                  0                  0                 0                 0                  0                  0                  0                  0                        0
   9:45             AM                   0               0                   0                 0                0                0                0                  0                  0                 0                0                0                  0                  0                 0                 0                  0                  0                  0                  0                        0
 10:00                AM                 0               0                   0                 0                0                0                0                  0                  0                 0                0                0                  0                  0                 0                 0                  0                  0                  0                  0                        0
 10:15                AM                 0               0                   0                 0                0                0                0                  0                  0                 0                0                0                  0                  0                 0                 0                  0                  0                  0                  0                        0
 10:30                AM                 0               0                   0                 0                0                0                0                  0                  0                 0                0                0                  0                  0                 0                 0                  0                  0                  0                  0                        0
 10:45                AM                 0               0                   0                 0                0                0                0                  0                  0                 0                0                0                  0                  0                 0                 0                  0                  0                  0                  0                        0
  11:00               AM                 0               0                   0                 0                0                0                0                  0                  0                 0                0                0                  0                  0                 0                 0                  0                  0                  0                  0                        0
  11:15               AM                 0               0                   0                 0                0                0                0                  0                  0                 0                0                0                  0                  0                 0                 0                  0                  0                  0                  0                        0
  11:30               AM                 0               0                   0                 0                0                0                0                  0                  0                 0                0                0                  0                  0                 0                 0                  0                  0                  0                  0                        0
  11:45               AM                 0               0                   0                 0                0                0                0                  0                  0                 0                0                0                  0                  0                 0                 0                  0                  0                  0                  0                        0
 12:00                 PM                0               0                   0                 0                0                0                0                  0                  0                 0                0                0                  0                  0                 0                 0                  0                  0                  0                  0                        0
 12:15                 PM                0               0                   0                 0                0                0                0                  0                  0                 0                0                0                  0                  0                 0                 0                  0                  0                  0                  0                        0
 12:30                 PM                0               0                   0                 0                0                0                0                  0                  0                 0                0                0                  0                  0                 0                 0                  0                  0                  0                  0                        0
 12:45                 PM                0               0                   0                 0                0                0                0                  0                  0                 0                0                0                  0                  0                 0                 0                  0                  0                  0                  0                        0
   1:00              PM                  0               0                   0                 0                0                0                0                  0                  0                 0                0                0                  0                  0                 0                 0                  0                  0                  0                  0                        0
   1:15              PM                  0               0                   0                 0                0                0                0                  0                  0                 0                0                0                  0                  0                 0                 0                  0                  0                  0                  0                        0
   1:30              PM                  0               0                   0                 0                0                0                0                  0                  0                 0                0                0                  0                  0                 0                 0                  0                  0                  0                  0                        0
   1:45              PM                  0               0                   0                 0                0                0                0                  0                  0                 0                0                0                  0                  0                 0                 0                  0                  0                  0                  0                        0
   2:00              PM                  0               0                   0                 0                0                0                0                  0                  0                 0                0                0                  0                  0                 0                 0                  0                  0                  0                  0                        0
   2:15              PM                  0               0                   0                 0                0                0                0                  0                  0                 0                0                0                  0                  0                 0                 0                  0                  0                  0                  0                        0
   2:30              PM                  0               0                   0                 0                0                0                0                  0                  0                 0                0                0                  0                  0                 0                 0                  0                  0                  0                  0                        0
   2:45              PM                  0               0                   0                 0                0                0                0                  0                  0                 0                0                0                  0                  0                 0                 0                  0                  0                  0                  0                        0
   3:00              PM                  0               0                   0                 0                0                0                0                  0                  0                 0                0                0                  0                  0                 0                 0                  0                  0                  0                  0                        0
   3:15              PM                  0               0                   0                 0                0                0                0                  0                  0                 0                0                0                  0                  0                 0                 0                  0                  0                  0                  0                        0
   3:30              PM                  0               0                   0                 0                0                0                0                  0                  0                 0                0                0                  0                  0                 0                 0                  0                  0                  0                  0                        0
   3:45              PM                  0               0                   0                 0                0                0                0                  0                  0                 0                0                0                  0                  0                 0                 0                  0                  0                  0                  0                        0
   4:00              PM                  0               0                   0                 0                0                0                0                  0                  0                 0                0                0                  0                  0                 0                 0                  0                  0                  0                  0                        0
   4:15              PM                  0               0                   0                 0                0                0                0                  0                  0                 0                0                0                  0                  0                 0                 0                  0                  0                  0                  0                        0
   4:30              PM                  0               4                   0                 0                4                1                3                  0                  0                 4                0                1                  0                  0                 1                 0                  1                  1                  0                  2                      11
   4:45              PM                  0               0                   0                 0                0                0                4                  0                  0                 4                0                1                  0                  0                 1                 0                  0                  0                  0                  0                        5
   5:00              PM                  0               0                   0                 0                0                0                1                  0                  0                 1                0                1                  1                  0                 2                 0                  1                  0                  0                  1                        4
   5:15              PM                  0               1                   0                 0                1                0                3                  1                  0                 4                0                0                  0                  0                 0                 0                  4                  1                  0                  5                      10
   5:30              PM                  0               0                   0                 0                0                0                1                  0                  0                 1                0                0                  0                  0                 0                 0                  1                  0                  0                  1                        2
   5:45              PM                  0               1                   0                 0                1                0                2                  0                  0                 2                0                0                  0                  0                 0                 0                  0                  0                  0                  0                        3
   6:00              PM                  0               0                   0                 0                0                0                1                  0                  0                 1                0                1                  0                  0                 1                 0                  2                  0                  0                  2                        4
   6:15              PM                  0               1                   0                 0                1                0                2                  0                  0                 2                1                0                  0                  0                 1                 0                  4                  0                  0                  4                        8
   6:30              PM                  0               1                   1                 0                2                0                0                  0                  0                 0                0                0                  1                  0                 1                 0                  2                  0                  0                  2                        5
   6:45              PM                  0               2                   0                 0                2                0                3                  0                  0                 3                0                0                  0                  0                 0                 0                  1                  0                  0                  1                        6
         Total                           1             29                    3                 0              33                 1              41                   1                  0               43                 2              21                   2                  0               25                  2                45                   3                  0                50                     151
       App             %              3.0           87.9                 9.1               0.0                                2.3            95.3                 2.3               0.0                                 8.0            84.0                 8.0               0.0                                  4.0             90.0                  6.0                0.0
     Total              %             0.7           19.2                 2.0               0.0             21.9               0.7            27.2                 0.7               0.0             28.5                1.3            13.9                 1.3               0.0             16.6                 1.3             29.8                  2.0                0.0             33.1
   INT            ID                                      ROAD 1                                                                                                ROAD 2                                                                      ROAD 3                                 ROAD 4                                    COMMUNITY                                                      TMC DATE
         41                           13TH STREET                                              NW                                 KENNEDY STREET                                                            NW                                                                                                                                       -                                       9/14/2011
