                                                                               Turning                                      Movement                                                     Count                                Report                                   -      Cars                         &           Trucks
 INT            ID                                                      ROAD 1                                                                                                            ROAD 2                                                               ROAD 3                             ROAD 4                              COMMUNITY                                                TMC DATE
       42                       CONNECTICUT                                                 AVENUE NW                                                      MCKINLEY STREET                                                               NW                                                                                                                   -                                  9/27/2011
                                   CARS
                                   NB                                                                                      EB                                                                                         SB                                                                                        WB
          Start                     Left           Thru              Right               Ped                NB               Left           Thru               Right               Ped                 EB              Left           Thru               Right               Ped                 SB               Left              Thru              Right                Ped                 WB                Interval
        Time                                                                                             Total                                                                                      Total                                                                                     Total                                                                                         Total                    Total
   6:30             AM                  4             71                    1                 2              76                  1                2                  1                  7                 4                0           246                     0                  3             246                    4                 6                   1               12                 11                     337
   6:45             AM                  4           108                     3                 7             115                  2                2                  1                  6                 5                0           270                     4                  3             274                    4                 6                   2                 7                12                     406
   7:00             AM                  1           109                     3                 2             113                  7                2                  3                10                12                 2           303                     5                  4             310                    4               13                    2                 3                19                     454
   7:15             AM                  0           131                     2                 4            133                   4              14                   5                  5               23                 3           410                     5                  7             418                    6               18                    2                 6                26                     600
   7:30             AM                  2           181                     2                 9            185                 12                 6                  2                  5               20                 4           451                     4                  4             459                 17                 30                    5                 3                52                     716
   7:45             AM                  3           195                     1                 1            199                 16               24                   7                  7               47                 3           434                   14                   5             451                    6               22                    5                 3                33                     730
   8:00             AM                  5           170                     3                 6            178                 14               12                   3                  6               29                 4           374                   32                 13              410                    8               52                    5                 2                65                     682
   8:15             AM                  3           158                     0                 9            161                 22               15                   4                  3               41                 4           365                     8                  9             377                 14                 45                    1                 4                60                     639
   8:30             AM                  4           175                     2               10             181                   7              11                   9                  3               27                 0           380                     4                  7             384                    7               46                    3                 3                56                     648
   8:45             AM                  2           172                     4                 7            178                 14               13                   6                  5               33                 3           359                     8                  7             370                  11                53                    5                 2                69                     650
   9:00             AM                  0               0                   0                 0                0                 0                0                  0                  0                 0                0                0                  0                  0                 0                  0                 0                   0                 0                  0                        0
   9:15             AM                  0               0                   0                 0                0                 0                0                  0                  0                 0                0                0                  0                  0                 0                  0                 0                   0                 0                  0                        0
   9:30             AM                  0               0                   0                 0                0                 0                0                  0                  0                 0                0                0                  0                  0                 0                  0                 0                   0                 0                  0                        0
   9:45             AM                  0               0                   0                 0                0                 0                0                  0                  0                 0                0                0                  0                  0                 0                  0                 0                   0                 0                  0                        0
 10:00                AM                0               0                   0                 0                0                 0                0                  0                  0                 0                0                0                  0                  0                 0                  0                 0                   0                 0                  0                        0
 10:15                AM                0               0                   0                 0                0                 0                0                  0                  0                 0                0                0                  0                  0                 0                  0                 0                   0                 0                  0                        0
 10:30                AM                0               0                   0                 0                0                 0                0                  0                  0                 0                0                0                  0                  0                 0                  0                 0                   0                 0                  0                        0
 10:45                AM                0               0                   0                 0                0                 0                0                  0                  0                 0                0                0                  0                  0                 0                  0                 0                   0                 0                  0                        0
 11:00               AM                 0               0                   0                 0                0                 0                0                  0                  0                 0                0                0                  0                  0                 0                  0                 0                   0                 0                  0                        0
 11:15               AM                 0               0                   0                 0                0                 0                0                  0                  0                 0                0                0                  0                  0                 0                  0                 0                   0                 0                  0                        0
 11:30               AM                 0               0                   0                 0                0                 0                0                  0                  0                 0                0                0                  0                  0                 0                  0                 0                   0                 0                  0                        0
 11:45               AM                 0               0                   0                 0                0                 0                0                  0                  0                 0                0                0                  0                  0                 0                  0                 0                   0                 0                  0                        0
 12:00                 PM               0               0                   0                 0                0                 0                0                  0                  0                 0                0                0                  0                  0                 0                  0                 0                   0                 0                  0                        0
 12:15                 PM               0               0                   0                 0                0                 0                0                  0                  0                 0                0                0                  0                  0                 0                  0                 0                   0                 0                  0                        0
 12:30                 PM               0               0                   0                 0                0                 0                0                  0                  0                 0                0                0                  0                  0                 0                  0                 0                   0                 0                  0                        0
 12:45                 PM               0               0                   0                 0                0                 0                0                  0                  0                 0                0                0                  0                  0                 0                  0                 0                   0                 0                  0                        0
   1:00              PM                 0               0                   0                 0                0                 0                0                  0                  0                 0                0                0                  0                  0                 0                  0                 0                   0                 0                  0                        0
   1:15              PM                 0               0                   0                 0                0                 0                0                  0                  0                 0                0                0                  0                  0                 0                  0                 0                   0                 0                  0                        0
   1:30              PM                 0               0                   0                 0                0                 0                0                  0                  0                 0                0                0                  0                  0                 0                  0                 0                   0                 0                  0                        0
   1:45              PM                 0               0                   0                 0                0                 0                0                  0                  0                 0                0                0                  0                  0                 0                  0                 0                   0                 0                  0                        0
   2:00              PM                 0               0                   0                 0                0                 0                0                  0                  0                 0                0                0                  0                  0                 0                  0                 0                   0                 0                  0                        0
   2:15              PM                 0               0                   0                 0                0                 0                0                  0                  0                 0                0                0                  0                  0                 0                  0                 0                   0                 0                  0                        0
   2:30              PM                 0               0                   0                 0                0                 0                0                  0                  0                 0                0                0                  0                  0                 0                  0                 0                   0                 0                  0                        0
   2:45              PM                 0               0                   0                 0                0                 0                0                  0                  0                 0                0                0                  0                  0                 0                  0                 0                   0                 0                  0                        0
   3:00              PM                 0               0                   0                 0                0                 0                0                  0                  0                 0                0                0                  0                  0                 0                  0                 0                   0                 0                  0                        0
   3:15              PM                 0               0                   0                 0                0                 0                0                  0                  0                 0                0                0                  0                  0                 0                  0                 0                   0                 0                  0                        0
   3:30              PM                 0               0                   0                 0                0                 0                0                  0                  0                 0                0                0                  0                  0                 0                  0                 0                   0                 0                  0                        0
   3:45              PM                 0               0                   0                 0                0                 0                0                  0                  0                 0                0                0                  0                  0                 0                  0                 0                   0                 0                  0                        0
   4:00              PM                 0               0                   0                 0                0                 0                0                  0                  0                 0                0                0                  0                  0                 0                  0                 0                   0                 0                  0                        0
   4:15              PM                 0               0                   0                 0                0                 0                0                  0                  0                 0                0                0                  0                  0                 0                  0                 0                   0                 0                  0                        0
   4:30              PM               12            239                   16                12             267                   8              27                   6                  7               41                 3           159                   13                 13              175                    5               16                    4                 0                25                     508
   4:45              PM               14            274                   12                  9            300                   5              45                   5                  9               55                 7           192                     6                14              205                    1               31                    7                 8                39                     599
   5:00              PM                 4           330                   18                18             352                 12               21                   9                  1               42                 9           174                     9                  7             192                    2               24                    2                 6                28                     614
   5:15              PM               11            370                   15                11             396                   9              45                   3                  0               57                 6           184                    11                  7             201                    3               22                    6                 6                31                     685
   5:30              PM               15            317                   12                11             344                   9              35                   4                  3               48                 3           213                   12                 12              228                    4               33                    5                 5                42                     662
   5:45              PM                 8           498                   20                  4            526                   6              42                  11                12                59                 0           263                   18                   1             281                    4               38                    6                11                48                     914
   6:00              PM                 9           450                   19                12             478                   6              33                   4                  8               43                 2           196                     7                  4             205                    6               26                    3                 5                35                     761
   6:15              PM                 6           398                   15                  9            419                   4              21                   5                10                30                 4           214                     9                  2             227                    5               31                    4                 2                40                     716
   6:30              PM                 5           375                   16                11             396                   7              15                   7                  3               29                 2           198                     5                  1             205                    3               29                    3                 6                35                     665
   6:45              PM                 3           321                   11                  7            335                   3              17                   2                  5               22                 3           187                     9                  1             199                    4               18                    4                 4                26                     582
         Total                      115           5042                  175               161            5332                168             402                   97               115               667                62          5572                  183                124            5817                  118               559                   75                98               752                  12568
      App             %              2.2           94.6                 3.3               3.0                              25.2              60.3               14.5              17.2                                  1.1            95.8                 3.1               2.1                                 15.7              74.3                10.0              13.0
     Total              %            0.9           40.1                 1.4               1.3             42.4                1.3              3.2                0.8               0.9               5.3               0.5            44.3                 1.5               1.0             46.3                  0.9               4.4                 0.6                0.8               6.0
 INT            ID                                                      ROAD 1                                                                                                            ROAD 2                                                               ROAD 3                             ROAD 4                              COMMUNITY                                                TMC DATE
       42                       CONNECTICUT                                                 AVENUE NW                                                      MCKINLEY STREET                                                               NW                                                                                                                   -                                  9/27/2011
                                   TRUCKS
                                   NB                                                                                       EB                                                                                        SB                                                                                        WB
          Start                     Left            Thru              Right               Ped                NB              Left           Thru               Right               Ped                 EB              Left           Thru               Right               Ped                 SB               Left             Thru               Right                Ped                WB                Interval
         Time                                                                                             Total                                                                                     Total                                                                                     Total                                                                                        Total                     Total
   6:30             AM                   1               2                   0                 0                3                0                1                  0                  0                 1                0                8                  0                  0                 8                 0                  2                  0                  0                  2                      14
   6:45             AM                   0               4                   0                 0                4                0                3                  0                  0                 3                0                5                  0                  0                 5                 0                  2                  0                  0                  2                      14
   7:00             AM                   0               6                   0                 0                6                0                2                  0                  0                 2                0                2                  0                  0                 2                 0                  3                  0                  0                  3                      13
   7:15             AM                   0               7                   1                 0                8                0                3                  1                  0                 4                0                6                  2                  0                 8                 0                  4                  1                  0                  5                      25
   7:30             AM                   1               5                   0                 0                6                2                2                  2                  0                 6                0                5                  0                  0                 5                 0                  5                  0                  0                  5                      22
   7:45             AM                   1               1                   0                 0                2                0                3                  1                  0                 4                0                7                  0                  0                 7                 0                  1                  0                  0                  1                      14
   8:00             AM                   1               9                   0                 0              10                 1                1                  0                  0                 2                0                9                  0                  0                 9                 0                  3                  1                  0                  4                      25
   8:15             AM                   0               4                   1                 0                5                0                3                  1                  0                 4                0                5                  0                  0                 5                 0                  2                  0                  0                  2                      16
   8:30             AM                   0               7                   0                 0                7                0                3                  1                  0                 4                0                8                  0                  0                 8                 0                  4                  2                  0                  6                      25
   8:45             AM                   2               4                   0                 0                6                0                1                  0                  0                 1                0                8                  0                  0                 8                 0                  2                  1                  0                  3                      18
   9:00             AM                   0               0                   0                 0                0                0                0                  0                  0                 0                0                0                  0                  0                 0                 0                  0                  0                  0                  0                        0
   9:15             AM                   0               0                   0                 0                0                0                0                  0                  0                 0                0                0                  0                  0                 0                 0                  0                  0                  0                  0                        0
   9:30             AM                   0               0                   0                 0                0                0                0                  0                  0                 0                0                0                  0                  0                 0                 0                  0                  0                  0                  0                        0
   9:45             AM                   0               0                   0                 0                0                0                0                  0                  0                 0                0                0                  0                  0                 0                 0                  0                  0                  0                  0                        0
 10:00                AM                 0               0                   0                 0                0                0                0                  0                  0                 0                0                0                  0                  0                 0                 0                  0                  0                  0                  0                        0
 10:15                AM                 0               0                   0                 0                0                0                0                  0                  0                 0                0                0                  0                  0                 0                 0                  0                  0                  0                  0                        0
 10:30                AM                 0               0                   0                 0                0                0                0                  0                  0                 0                0                0                  0                  0                 0                 0                  0                  0                  0                  0                        0
 10:45                AM                 0               0                   0                 0                0                0                0                  0                  0                 0                0                0                  0                  0                 0                 0                  0                  0                  0                  0                        0
  11:00               AM                 0               0                   0                 0                0                0                0                  0                  0                 0                0                0                  0                  0                 0                 0                  0                  0                  0                  0                        0
  11:15               AM                 0               0                   0                 0                0                0                0                  0                  0                 0                0                0                  0                  0                 0                 0                  0                  0                  0                  0                        0
  11:30               AM                 0               0                   0                 0                0                0                0                  0                  0                 0                0                0                  0                  0                 0                 0                  0                  0                  0                  0                        0
  11:45               AM                 0               0                   0                 0                0                0                0                  0                  0                 0                0                0                  0                  0                 0                 0                  0                  0                  0                  0                        0
 12:00                 PM                0               0                   0                 0                0                0                0                  0                  0                 0                0                0                  0                  0                 0                 0                  0                  0                  0                  0                        0
 12:15                 PM                0               0                   0                 0                0                0                0                  0                  0                 0                0                0                  0                  0                 0                 0                  0                  0                  0                  0                        0
 12:30                 PM                0               0                   0                 0                0                0                0                  0                  0                 0                0                0                  0                  0                 0                 0                  0                  0                  0                  0                        0
 12:45                 PM                0               0                   0                 0                0                0                0                  0                  0                 0                0                0                  0                  0                 0                 0                  0                  0                  0                  0                        0
   1:00              PM                  0               0                   0                 0                0                0                0                  0                  0                 0                0                0                  0                  0                 0                 0                  0                  0                  0                  0                        0
   1:15              PM                  0               0                   0                 0                0                0                0                  0                  0                 0                0                0                  0                  0                 0                 0                  0                  0                  0                  0                        0
   1:30              PM                  0               0                   0                 0                0                0                0                  0                  0                 0                0                0                  0                  0                 0                 0                  0                  0                  0                  0                        0
   1:45              PM                  0               0                   0                 0                0                0                0                  0                  0                 0                0                0                  0                  0                 0                 0                  0                  0                  0                  0                        0
   2:00              PM                  0               0                   0                 0                0                0                0                  0                  0                 0                0                0                  0                  0                 0                 0                  0                  0                  0                  0                        0
   2:15              PM                  0               0                   0                 0                0                0                0                  0                  0                 0                0                0                  0                  0                 0                 0                  0                  0                  0                  0                        0
   2:30              PM                  0               0                   0                 0                0                0                0                  0                  0                 0                0                0                  0                  0                 0                 0                  0                  0                  0                  0                        0
   2:45              PM                  0               0                   0                 0                0                0                0                  0                  0                 0                0                0                  0                  0                 0                 0                  0                  0                  0                  0                        0
   3:00              PM                  0               0                   0                 0                0                0                0                  0                  0                 0                0                0                  0                  0                 0                 0                  0                  0                  0                  0                        0
   3:15              PM                  0               0                   0                 0                0                0                0                  0                  0                 0                0                0                  0                  0                 0                 0                  0                  0                  0                  0                        0
   3:30              PM                  0               0                   0                 0                0                0                0                  0                  0                 0                0                0                  0                  0                 0                 0                  0                  0                  0                  0                        0
   3:45              PM                  0               0                   0                 0                0                0                0                  0                  0                 0                0                0                  0                  0                 0                 0                  0                  0                  0                  0                        0
   4:00              PM                  0               0                   0                 0                0                0                0                  0                  0                 0                0                0                  0                  0                 0                 0                  0                  0                  0                  0                        0
   4:15              PM                  0               0                   0                 0                0                0                0                  0                  0                 0                0                0                  0                  0                 0                 0                  0                  0                  0                  0                        0
   4:30              PM                  1               9                   0                 0              10                 0                2                  0                  0                 2                0                2                  0                  0                 2                 0                  3                  0                  0                  3                      17
   4:45              PM                  0               9                   0                 0                9                0                2                  1                  0                 3                1                5                  0                  0                 6                 0                  3                  0                  0                  3                      21
   5:00              PM                  0               3                   0                 0                3                0                3                  0                  0                 3                0                5                  0                  0                 5                 0                  1                  0                  0                  1                      12
   5:15              PM                  0               4                   0                 0                4                0                1                  0                  0                 1                0                2                  0                  0                 2                 0                  3                  0                  0                  3                      10
   5:30              PM                  0              11                   0                 0              11                 0                3                  0                  0                 3                0                2                  0                  0                 2                 0                  2                  0                  0                  2                      18
   5:45              PM                  0               4                   0                 0                4                0                2                  1                  0                 3                0                4                  0                  0                 4                 0                  2                  0                  0                  2                      13
   6:00              PM                  1               3                   1                 0                5                1                2                  0                  0                 3                0                5                  0                  0                 5                 0                  3                  0                  0                  3                      16
   6:15              PM                  2               6                   0                 0                8                0                2                  0                  0                 2                1                4                  0                  0                 5                 0                  2                  0                  0                  2                      17
   6:30              PM                  0               4                   0                 0                4                0                1                  0                  0                 1                0                6                  0                  0                 6                 0                  1                  0                  0                  1                      12
   6:45              PM                  1               2                   0                 0                3                0                2                  0                  0                 2                0                3                  0                  0                 3                 0                  3                  0                  0                  3                      11
         Total                         11            104                     3                 0            118                  4              42                   8                  0               54                 2           101                     2                  0             105                   0                51                   5                  0                56                     333
       App             %              9.3           88.1                 2.5               0.0                                7.4            77.8               14.8                0.0                                 1.9            96.2                 1.9               0.0                                  0.0             91.1                  8.9                0.0
     Total              %             3.3           31.2                 0.9               0.0             35.4               1.2            12.6                 2.4               0.0             16.2                0.6            30.3                 0.6               0.0             31.5                 0.0             15.3                  1.5                0.0             16.8
 INT            ID                                                      ROAD 1                                                                                                            ROAD 2                                                               ROAD 3                             ROAD 4                              COMMUNITY                                                TMC DATE
       42                       CONNECTICUT                                                 AVENUE NW                                                      MCKINLEY STREET                                                               NW                                                                                                                   -                                  9/27/2011
