                                                                               Turning                                      Movement                                                     Count                                Report                                   -      Cars                         &           Trucks
INT            ID                                                             ROAD 1                                                                                                                      ROAD 2                                                               ROAD 3ROAD 4COMMUNITYTMC DATE
      45                MARTIN LUTHER KING AVENUE SWCHESAPEAKE STREET                                                                                                                                                                                           SW                                                                                                    -                            9/21/2011
                                   CARS
                                   NB                                                                                       EB                                                                                        SB                                                                                        WB
          Start                     Left            Thru              Right               Ped                NB               Left           Thru               Right               Ped                EB              Left           Thru               Right               Ped                 SB               Left             Thru               Right                Ped                WB                Interval
        Time                                                                                              Total                                                                                     Total                                                                                     Total                                                                                        Total                    Total
   6:30             AM                43               10                    1                 1              54                  1               2                 12                   2              15                 0              14                   1                  1               15                  1                  8                  0                  1                  9                      93
   6:45             AM                55               22                    1                 2              78                  0               2                 14                   0              16                 1              22                   2                  3               25                  0                12                   0                  1               12                      131
   7:00             AM                75               34                    2                 0            111                   1               3                 19                   1              23                 0              36                   4                  4               40                  1                10                   1                  2               12                      186
   7:15             AM                57               32                    1                 4              90                  3               7                 16                   0              26                 2              20                   7                  2               29                  1                25                   0                  5               26                      171
   7:30             AM                51               50                    1                 1            102                   3               1                 17                   1              21                 1              22                   5                  4               28                  0                14                   0                  1               14                      165
   7:45             AM                51               33                    1                 0              85                  3               4                 17                   0              24                 0              23                   7                12                30                  2                25                   2                  1               29                      168
   8:00             AM                42               21                    2                 8              65                  6               9                 20                   6              35                 0              31                   9                13                40                  2                21                   0                  1               23                      163
   8:15             AM                40               37                    2                 9              79                19                9                 15                15                43                 0              41                  11                  7               52                  1                11                   0                15                12                      186
   8:30             AM                38               43                    3              17                84                  7               8                 22                   9              37                 3              16                   6                  1               25                  2                11                   0                  7               13                      159
   8:45             AM                39               33                    1                 5              73                  3               9                 17                   5              29                 2              20                   3                  3               25                  2                13                   1                  4               16                      143
   9:00             AM                   0               0                   0                 0                0                 0               0                   0                  0                0                0                0                  0                  0                 0                 0                  0                  0                  0                  0                        0
   9:15             AM                   0               0                   0                 0                0                 0               0                   0                  0                0                0                0                  0                  0                 0                 0                  0                  0                  0                  0                        0
   9:30             AM                   0               0                   0                 0                0                 0               0                   0                  0                0                0                0                  0                  0                 0                 0                  0                  0                  0                  0                        0
   9:45             AM                   0               0                   0                 0                0                 0               0                   0                  0                0                0                0                  0                  0                 0                 0                  0                  0                  0                  0                        0
 10:00                AM                 0               0                   0                 0                0                 0               0                   0                  0                0                0                0                  0                  0                 0                 0                  0                  0                  0                  0                        0
 10:15                AM                 0               0                   0                 0                0                 0               0                   0                  0                0                0                0                  0                  0                 0                 0                  0                  0                  0                  0                        0
 10:30                AM                 0               0                   0                 0                0                 0               0                   0                  0                0                0                0                  0                  0                 0                 0                  0                  0                  0                  0                        0
 10:45                AM                 0               0                   0                 0                0                 0               0                   0                  0                0                0                0                  0                  0                 0                 0                  0                  0                  0                  0                        0
 11:00               AM                  0               0                   0                 0                0                 0               0                   0                  0                0                0                0                  0                  0                 0                 0                  0                  0                  0                  0                        0
 11:15               AM                  0               0                   0                 0                0                 0               0                   0                  0                0                0                0                  0                  0                 0                 0                  0                  0                  0                  0                        0
 11:30               AM                  0               0                   0                 0                0                 0               0                   0                  0                0                0                0                  0                  0                 0                 0                  0                  0                  0                  0                        0
 11:45               AM                  0               0                   0                 0                0                 0               0                   0                  0                0                0                0                  0                  0                 0                 0                  0                  0                  0                  0                        0
 12:00                 PM                0               0                   0                 0                0                 0               0                   0                  0                0                0                0                  0                  0                 0                 0                  0                  0                  0                  0                        0
 12:15                 PM                0               0                   0                 0                0                 0               0                   0                  0                0                0                0                  0                  0                 0                 0                  0                  0                  0                  0                        0
 12:30                 PM                0               0                   0                 0                0                 0               0                   0                  0                0                0                0                  0                  0                 0                 0                  0                  0                  0                  0                        0
 12:45                 PM                0               0                   0                 0                0                 0               0                   0                  0                0                0                0                  0                  0                 0                 0                  0                  0                  0                  0                        0
   1:00              PM                  0               0                   0                 0                0                 0               0                   0                  0                0                0                0                  0                  0                 0                 0                  0                  0                  0                  0                        0
   1:15              PM                  0               0                   0                 0                0                 0               0                   0                  0                0                0                0                  0                  0                 0                 0                  0                  0                  0                  0                        0
   1:30              PM                  0               0                   0                 0                0                 0               0                   0                  0                0                0                0                  0                  0                 0                 0                  0                  0                  0                  0                        0
   1:45              PM                  0               0                   0                 0                0                 0               0                   0                  0                0                0                0                  0                  0                 0                 0                  0                  0                  0                  0                        0
   2:00              PM                  0               0                   0                 0                0                 0               0                   0                  0                0                0                0                  0                  0                 0                 0                  0                  0                  0                  0                        0
   2:15              PM                  0               0                   0                 0                0                 0               0                   0                  0                0                0                0                  0                  0                 0                 0                  0                  0                  0                  0                        0
   2:30              PM                  0               0                   0                 0                0                 0               0                   0                  0                0                0                0                  0                  0                 0                 0                  0                  0                  0                  0                        0
   2:45              PM                  0               0                   0                 0                0                 0               0                   0                  0                0                0                0                  0                  0                 0                 0                  0                  0                  0                  0                        0
   3:00              PM                  0               0                   0                 0                0                 0               0                   0                  0                0                0                0                  0                  0                 0                 0                  0                  0                  0                  0                        0
   3:15              PM                  0               0                   0                 0                0                 0               0                   0                  0                0                0                0                  0                  0                 0                 0                  0                  0                  0                  0                        0
   3:30              PM                  0               0                   0                 0                0                 0               0                   0                  0                0                0                0                  0                  0                 0                 0                  0                  0                  0                  0                        0
   3:45              PM                  0               0                   0                 0                0                 0               0                   0                  0                0                0                0                  0                  0                 0                 0                  0                  0                  0                  0                        0
   4:00              PM                  0               0                   0                 0                0                 0               0                   0                  0                0                0                0                  0                  0                 0                 0                  0                  0                  0                  0                        0
   4:15              PM                  0               0                   0                 0                0                 0               0                   0                  0                0                0                0                  0                  0                 0                 0                  0                  0                  0                  0                        0
   4:30              PM               29               24                    5                 1              58                  4             16                  24                   5              44                 0              42                   2                  0               44                  1                  6                  2                  4                  9                    155
   4:45              PM               17               35                    6                 0              58                  3             15                  22                   9              40                 1              35                   1                  0               37                  1                  0                  0                  1                  1                    136
   5:00              PM               26               25                 11                   0              62                  4              11                 26                   7              41                 3              40                   4                  1               47                  2                  1                  0                  8                  3                    153
   5:15              PM               39               32                    3                 0              74                12              17                  33                   2              62                 0              43                   4                  1               47                  2                  7                  1                  1               10                      193
   5:30              PM               36               38                    2                 4              76                  3               9                 35                   1              47                 3              36                 10                   0               49                  0                  4                  2                  3                  6                    178
   5:45              PM               43               31                    2                 2              76                  5               8                 38                   0              51                 1              39                   5                  0               45                  2                  7                  4                  1               13                      185
   6:00              PM               29               31                    1                 1              61                10               11                 32                   0              53                 1              31                   2                  5               34                  1                  3                  0                  3                  4                    152
   6:15              PM               37               20                    4                 3              61                  3               8                 33                   1              44                 0              25                   5                  2               30                  1                  4                  1                  0                  6                    141
   6:30              PM               25               17                    3                 3              45                  5               5                 26                   2              36                 1              27                   4                  1               32                  0                  3                  2                  2                  5                    118
   6:45              PM               21               15                    1                 1              37                  2               9                 19                   3              30                 2              21                   4                  3               27                  1                  1                  0                  0                  2                      96
         Total                      793              583                  53                62           1429                   97            163                 457                 69              717                21            584                   96                 63              701                 23              186                   16                 61              225                    3072
      App             %            55.5             40.8                 3.7               4.3                              13.5             22.7                63.7                9.6                                3.0            83.3               13.7                9.0                                10.2              82.7                  7.1              27.1
     Total              %          25.8             19.0                 1.7               2.0             46.5               3.2               5.3              14.9                2.2             23.3               0.7            19.0                 3.1               2.1             22.8                 0.7               6.1                 0.5                2.0               7.3
INT            ID                                                             ROAD 1                                                                                                                      ROAD 2                                                               ROAD 3ROAD 4COMMUNITYTMC DATE
      45                MARTIN LUTHER KING AVENUE SWCHESAPEAKE STREET                                                                                                                                                                                           SW                                                                                                    -                            9/21/2011
                                   TRUCKS
                                   NB                                                                                       EB                                                                                        SB                                                                                        WB
          Start                     Left            Thru              Right               Ped                NB               Left           Thru               Right               Ped                EB              Left           Thru               Right               Ped                 SB               Left             Thru               Right                Ped                WB                Interval
        Time                                                                                              Total                                                                                     Total                                                                                     Total                                                                                        Total                    Total
   6:30             AM                   0               0                   0                 0                0                 0               0                   1                  0                1                0                1                  1                  0                 2                 0                  0                  1                  0                  1                        4
   6:45             AM                   0               0                   0                 0                0                 1               1                   2                  0                4                1                2                  0                  0                 3                 0                  0                  0                  0                  0                        7
   7:00             AM                   7             15                    1                 0              23                  0               0                   1                  0                1                0                3                  1                  0                 4                 0                  0                  1                  0                  1                      29
   7:15             AM                   2               8                   0                 0              10                  1               1                   4                  0                6                0                1                  0                  0                 1                 0                  0                  0                  0                  0                      17
   7:30             AM                   2               5                   0                 0                7                 1               1                   4                  0                6                0                3                  1                  0                 4                 0                  0                  0                  0                  0                      17
   7:45             AM                   2               6                   0                 0                8                 0               0                   2                  0                2                1                2                  1                  0                 4                 0                  0                  0                  0                  0                      14
   8:00             AM                   0               2                   1                 0                3                 1               0                   1                  0                2                0                4                  1                  0                 5                 0                  0                  0                  0                  0                      10
   8:15             AM                   1               6                   0                 0                7                 0               1                   2                  0                3                0                3                  0                  0                 3                 0                  1                  0                  0                  1                      14
   8:30             AM                   2               3                   0                 0                5                 2               0                   7                  0                9                1                8                  0                  0                 9                 0                  0                  0                  0                  0                      23
   8:45             AM                   0               2                   0                 0                2                 1               1                   5                  0                7                0                6                  0                  0                 6                 0                  0                  0                  0                  0                      15
   9:00             AM                   0               0                   0                 0                0                 0               0                   0                  0                0                0                0                  0                  0                 0                 0                  0                  0                  0                  0                        0
   9:15             AM                   0               0                   0                 0                0                 0               0                   0                  0                0                0                0                  0                  0                 0                 0                  0                  0                  0                  0                        0
   9:30             AM                   0               0                   0                 0                0                 0               0                   0                  0                0                0                0                  0                  0                 0                 0                  0                  0                  0                  0                        0
   9:45             AM                   0               0                   0                 0                0                 0               0                   0                  0                0                0                0                  0                  0                 0                 0                  0                  0                  0                  0                        0
 10:00                AM                 0               0                   0                 0                0                 0               0                   0                  0                0                0                0                  0                  0                 0                 0                  0                  0                  0                  0                        0
 10:15                AM                 0               0                   0                 0                0                 0               0                   0                  0                0                0                0                  0                  0                 0                 0                  0                  0                  0                  0                        0
 10:30                AM                 0               0                   0                 0                0                 0               0                   0                  0                0                0                0                  0                  0                 0                 0                  0                  0                  0                  0                        0
 10:45                AM                 0               0                   0                 0                0                 0               0                   0                  0                0                0                0                  0                  0                 0                 0                  0                  0                  0                  0                        0
 11:00               AM                  0               0                   0                 0                0                 0               0                   0                  0                0                0                0                  0                  0                 0                 0                  0                  0                  0                  0                        0
 11:15               AM                  0               0                   0                 0                0                 0               0                   0                  0                0                0                0                  0                  0                 0                 0                  0                  0                  0                  0                        0
 11:30               AM                  0               0                   0                 0                0                 0               0                   0                  0                0                0                0                  0                  0                 0                 0                  0                  0                  0                  0                        0
 11:45               AM                  0               0                   0                 0                0                 0               0                   0                  0                0                0                0                  0                  0                 0                 0                  0                  0                  0                  0                        0
 12:00                 PM                0               0                   0                 0                0                 0               0                   0                  0                0                0                0                  0                  0                 0                 0                  0                  0                  0                  0                        0
 12:15                 PM                0               0                   0                 0                0                 0               0                   0                  0                0                0                0                  0                  0                 0                 0                  0                  0                  0                  0                        0
 12:30                 PM                0               0                   0                 0                0                 0               0                   0                  0                0                0                0                  0                  0                 0                 0                  0                  0                  0                  0                        0
 12:45                 PM                0               0                   0                 0                0                 0               0                   0                  0                0                0                0                  0                  0                 0                 0                  0                  0                  0                  0                        0
   1:00              PM                  0               0                   0                 0                0                 0               0                   0                  0                0                0                0                  0                  0                 0                 0                  0                  0                  0                  0                        0
   1:15              PM                  0               0                   0                 0                0                 0               0                   0                  0                0                0                0                  0                  0                 0                 0                  0                  0                  0                  0                        0
   1:30              PM                  0               0                   0                 0                0                 0               0                   0                  0                0                0                0                  0                  0                 0                 0                  0                  0                  0                  0                        0
   1:45              PM                  0               0                   0                 0                0                 0               0                   0                  0                0                0                0                  0                  0                 0                 0                  0                  0                  0                  0                        0
   2:00              PM                  0               0                   0                 0                0                 0               0                   0                  0                0                0                0                  0                  0                 0                 0                  0                  0                  0                  0                        0
   2:15              PM                  0               0                   0                 0                0                 0               0                   0                  0                0                0                0                  0                  0                 0                 0                  0                  0                  0                  0                        0
   2:30              PM                  0               0                   0                 0                0                 0               0                   0                  0                0                0                0                  0                  0                 0                 0                  0                  0                  0                  0                        0
   2:45              PM                  0               0                   0                 0                0                 0               0                   0                  0                0                0                0                  0                  0                 0                 0                  0                  0                  0                  0                        0
   3:00              PM                  0               0                   0                 0                0                 0               0                   0                  0                0                0                0                  0                  0                 0                 0                  0                  0                  0                  0                        0
   3:15              PM                  0               0                   0                 0                0                 0               0                   0                  0                0                0                0                  0                  0                 0                 0                  0                  0                  0                  0                        0
   3:30              PM                  0               0                   0                 0                0                 0               0                   0                  0                0                0                0                  0                  0                 0                 0                  0                  0                  0                  0                        0
   3:45              PM                  0               0                   0                 0                0                 0               0                   0                  0                0                0                0                  0                  0                 0                 0                  0                  0                  0                  0                        0
   4:00              PM                  0               0                   0                 0                0                 0               0                   0                  0                0                0                0                  0                  0                 0                 0                  0                  0                  0                  0                        0
   4:15              PM                  0               0                   0                 0                0                 0               0                   0                  0                0                0                0                  0                  0                 0                 0                  0                  0                  0                  0                        0
   4:30              PM                  5               1                   0                 0                6                 0               0                   2                  0                2                0              15                   0                  0               15                  0                  1                  0                  0                  1                      24
   4:45              PM                  1               4                   0                 0                5                 2               0                   2                  0                4                0              10                   0                  0               10                  0                  0                  0                  0                  0                      19
   5:00              PM                  2               1                   0                 0                3                 2               1                   4                  0                7                0                4                  0                  0                 4                 0                  0                  0                  0                  0                      14
   5:15              PM                  1               2                   2                 0                5                 0               1                   0                  0                1                0                5                  0                  0                 5                 0                  0                  0                  0                  0                      11
   5:30              PM                  1               0                   0                 0                1                 1               0                   2                  0                3                0                3                  0                  0                 3                 0                  0                  0                  0                  0                        7
   5:45              PM                  3               1                   0                 0                4                 1               0                   0                  0                1                0                2                  0                  0                 2                 0                  0                  0                  0                  0                        7
   6:00              PM                  1               1                   0                 0                2                 0               0                   2                  0                2                0                2                  0                  0                 2                 1                  0                  0                  0                  1                        7
   6:15              PM                  3               1                   0                 0                4                 0               1                   2                  0                3                0                3                  0                  0                 3                 0                  0                  0                  0                  0                      10
   6:30              PM                  1               0                   0                 0                1                 2               0                   1                  0                3                0                2                  0                  0                 2                 0                  0                  0                  0                  0                        6
   6:45              PM                  1               1                   0                 0                2                 0               1                   2                  0                3                0                1                  0                  0                 1                 1                  0                  0                  0                  1                        7
         Total                        35               59                    4                 0              98                15                9                 46                   0              70                 3              80                   5                  0               88                  2                  2                  2                  0                  6                    262
      App             %            35.7             60.2                 4.1               0.0                              21.4             12.9                65.7                0.0                                3.4            90.9                 5.7               0.0                                33.3              33.3                33.3                 0.0
     Total              %          13.4             22.5                 1.5               0.0             37.4               5.7               3.4              17.6                0.0             26.7               1.1            30.5                 1.9               0.0             33.6                 0.8               0.8                 0.8                0.0               2.3
INT            ID                                                             ROAD 1                                                                                                                      ROAD 2                                                               ROAD 3ROAD 4COMMUNITYTMC DATE
      45                MARTIN LUTHER KING AVENUE SWCHESAPEAKE STREET                                                                                                                                                                                           SW                                                                                                    -                            9/21/2011
