                                                                               Turning                                      Movement                                                     Count                                Report                                   -      Cars                         &           Trucks
 INT            ID                           ROAD 1                                                                                                 ROAD 2                                                                                           ROAD 3                                        ROAD 4                              COMMUNITY                                                TMC DATE
       48                    2ND STREET                                           SE                   NORTH CAROLINA AVENUE SE                                                                                                           D STREET                                  SE                                                                         -                                 7/24/2012
                                   CARS
                                   NB                                                                                      EB                                                                                        SB                                                                                         WB
          Start                     Left           Thru              Right               Ped                NB               Left           Thru               Right               Ped                EB               Left           Thru               Right               Ped                 SB               Left             Thru               Right                Ped                WB                Interval
        Time                                                                                             Total                                                                                     Total                                                                                      Total                                                                                        Total                     Total
   7:00             AM                  0               5                   1                 1                6                 3                2                  1                  3                6                 1                8                  7                  2               16                  0                  0                  0                  5                  0                      28
   7:15             AM                  0               4                   4                 4                8                 5                4                  3                  4              12                  0              11                 12                   4               23                  0                  0                  0                  4                  0                      43
   7:30             AM                  0               4                   1                 8                5                 7                5                  2                13               14                  1              13                 15                   4               29                  0                  0                  0                  9                  0                      48
   7:45             AM                  0               9                   0                 1                9                 5                4                  5                14               14                  3              14                 10                 11                27                  0                  0                  0                  9                  0                      50
   8:00             AM                  1               8                   1                 1              10                  5                8                  4                10               17                  4              13                  11                  5               28                  0                  0                  0                14                   0                      55
   8:15             AM                  0             10                    3                 3              13                  8                5                  8                  9              21                  2              13                  11                  7               26                  0                  0                  0                14                   0                      60
   8:30             AM                  1             17                    2                 3              20                  9              12                   2                  9              23                  6                7                 11                  4               24                  0                  0                  0                13                   0                      67
   8:45             AM                  0             15                    3                 5              18                  7                3                  1                13                11                 5              11                   8                  1               24                  0                  0                  0                15                   0                      53
   9:00             AM                  0               0                   0                 0                0                 0                0                  0                  0                0                 0                0                  0                  0                 0                 0                  0                  0                  0                  0                        0
   9:15             AM                  0               0                   0                 0                0                 0                0                  0                  0                0                 0                0                  0                  0                 0                 0                  0                  0                  0                  0                        0
   9:30             AM                  0               0                   0                 0                0                 0                0                  0                  0                0                 0                0                  0                  0                 0                 0                  0                  0                  0                  0                        0
   9:45             AM                  0               0                   0                 0                0                 0                0                  0                  0                0                 0                0                  0                  0                 0                 0                  0                  0                  0                  0                        0
 10:00                AM                0               0                   0                 0                0                 0                0                  0                  0                0                 0                0                  0                  0                 0                 0                  0                  0                  0                  0                        0
 10:15                AM                0               0                   0                 0                0                 0                0                  0                  0                0                 0                0                  0                  0                 0                 0                  0                  0                  0                  0                        0
 10:30                AM                0               0                   0                 0                0                 0                0                  0                  0                0                 0                0                  0                  0                 0                 0                  0                  0                  0                  0                        0
 10:45                AM                0               0                   0                 0                0                 0                0                  0                  0                0                 0                0                  0                  0                 0                 0                  0                  0                  0                  0                        0
 11:00               AM                 0               0                   0                 0                0                 0                0                  0                  0                0                 0                0                  0                  0                 0                 0                  0                  0                  0                  0                        0
 11:15               AM                 0               0                   0                 0                0                 0                0                  0                  0                0                 0                0                  0                  0                 0                 0                  0                  0                  0                  0                        0
 11:30               AM                 0               0                   0                 0                0                 0                0                  0                  0                0                 0                0                  0                  0                 0                 0                  0                  0                  0                  0                        0
 11:45               AM                 0               0                   0                 0                0                 0                0                  0                  0                0                 0                0                  0                  0                 0                 0                  0                  0                  0                  0                        0
 12:00                 PM               0               0                   0                 0                0                 0                0                  0                  0                0                 0                0                  0                  0                 0                 0                  0                  0                  0                  0                        0
 12:15                 PM               0               0                   0                 0                0                 0                0                  0                  0                0                 0                0                  0                  0                 0                 0                  0                  0                  0                  0                        0
 12:30                 PM               0               0                   0                 0                0                 0                0                  0                  0                0                 0                0                  0                  0                 0                 0                  0                  0                  0                  0                        0
 12:45                 PM               0               0                   0                 0                0                 0                0                  0                  0                0                 0                0                  0                  0                 0                 0                  0                  0                  0                  0                        0
   1:00              PM                 0               0                   0                 0                0                 0                0                  0                  0                0                 0                0                  0                  0                 0                 0                  0                  0                  0                  0                        0
   1:15              PM                 0               0                   0                 0                0                 0                0                  0                  0                0                 0                0                  0                  0                 0                 0                  0                  0                  0                  0                        0
   1:30              PM                 0               0                   0                 0                0                 0                0                  0                  0                0                 0                0                  0                  0                 0                 0                  0                  0                  0                  0                        0
   1:45              PM                 0               0                   0                 0                0                 0                0                  0                  0                0                 0                0                  0                  0                 0                 0                  0                  0                  0                  0                        0
   2:00              PM                 0               0                   0                 0                0                 0                0                  0                  0                0                 0                0                  0                  0                 0                 0                  0                  0                  0                  0                        0
   2:15              PM                 0               0                   0                 0                0                 0                0                  0                  0                0                 0                0                  0                  0                 0                 0                  0                  0                  0                  0                        0
   2:30              PM                 0               0                   0                 0                0                 0                0                  0                  0                0                 0                0                  0                  0                 0                 0                  0                  0                  0                  0                        0
   2:45              PM                 0               0                   0                 0                0                 0                0                  0                  0                0                 0                0                  0                  0                 0                 0                  0                  0                  0                  0                        0
   3:00              PM                 0               0                   0                 0                0                 0                0                  0                  0                0                 0                0                  0                  0                 0                 0                  0                  0                  0                  0                        0
   3:15              PM                 0               0                   0                 0                0                 0                0                  0                  0                0                 0                0                  0                  0                 0                 0                  0                  0                  0                  0                        0
   3:30              PM                 0               0                   0                 0                0                 0                0                  0                  0                0                 0                0                  0                  0                 0                 0                  0                  0                  0                  0                        0
   3:45              PM                 0               0                   0                 0                0                 0                0                  0                  0                0                 0                0                  0                  0                 0                 0                  0                  0                  0                  0                        0
   4:00              PM                 0               0                   0                 0                0                 0                0                  0                  0                0                 0                0                  0                  0                 0                 0                  0                  0                  0                  0                        0
   4:15              PM                 0               0                   0                 0                0                 0                0                  0                  0                0                 0                0                  0                  0                 0                 0                  0                  0                  0                  0                        0
   4:30              PM                 0               2                   0                 5                2                 9              11                   2                14               22                  6                7                  4                  1               17                  0                  0                  0                  0                  0                      41
   4:45              PM                 0               4                   2                 7                6                 9                9                  1                14               19                  2                8                10                   3               20                  0                  0                  0                  6                  0                      45
   5:00              PM                 0               6                   1                 8                7                 5                8                  0                11               13                  2                9                 11                  4               22                  0                  0                  0                  9                  0                      42
   5:15              PM                 0               5                   2               12                 7                 3              11                   2                12               16                  2              17                   7                  5               26                  0                  0                  0                 11                  0                      49
   5:30              PM                 1               9                   2                 4              12                  4              12                   3                15               19                  8              19                 13                   4               40                  0                  0                  0                  4                  0                      71
   5:45              PM                 1             12                    2                 7              15                  5              12                   0                23               17                  1              19                 13                   7               33                  0                  0                  0                 11                  0                      65
   6:00              PM                 1               2                   2                 3                5                 3              14                   0                13               17                  4              20                 10                   3               34                  0                  0                  0                10                   0                      56
   6:15              PM                 0               5                   6                 8               11                 5              12                   2                19               19                  7              17                 22                   3               46                  0                  0                  0                14                   0                      76
         Total                          5            117                  32                80             154                 92            132                   36               196              260                 54            206                 175                  68              435                   0                  0                  0              148                    0                    849
      App             %              3.2           76.0               20.8              51.9                               35.4              50.8               13.8              75.4                               12.4              47.4               40.2              15.6                                   0.0               0.0                 0.0                0.0
     Total              %            0.6           13.8                 3.8               9.4             18.1             10.8              15.5                 4.2             23.1              30.6                6.4            24.3               20.6                8.0             51.2                 0.0               0.0                 0.0              17.4                0.0
 INT            ID                           ROAD 1                                                                                                 ROAD 2                                                                                           ROAD 3                                        ROAD 4                              COMMUNITY                                                TMC DATE
       48                    2ND STREET                                           SE                   NORTH CAROLINA AVENUE SE                                                                                                           D STREET                                  SE                                                                         -                                 7/24/2012
                                                                                                                                                                                               TRUCKS
                                                                                       Start                                                                                                                                                                                                             Interval
                                                                                      Time                                                                                                                                                                                                                   Total
                                                                                7:00             AM                                                                                                                                                                                                                 0
                                                                                7:15             AM                                                                                                                                                                                                                 0
                                                                                7:30             AM                                                                                                                                                                                                                 0
                                                                                7:45             AM                                                                                                                                                                                                                 0
                                                                                8:00             AM                                                                                                                                                                                                                 0
                                                                                8:15             AM                                                                                                                                                                                                                 0
                                                                                8:30             AM                                                                                                                                                                                                                 0
                                                                                8:45             AM                                                                                                                                                                                                                 0
                                                                                9:00             AM                                                                                                                                                                                                                 0
                                                                                9:15             AM                                                                                                                                                                                                                 0
                                                                                9:30             AM                                                                                                                                                                                                                 0
                                                                                9:45             AM                                                                                                                                                                                                                 0
                                                                              10:00                AM                                                                                                                                                                                                               0
                                                                              10:15                AM                                                                                                                                                                                                               0
                                                                              10:30                AM                                                                                                                                                                                                               0
                                                                              10:45                AM                                                                                                                                                                                                               0
                                                                               11:00               AM                                                                                                                                                                                                               0
                                                                               11:15               AM                                                                                                                                                                                                               0
                                                                               11:30               AM                                                                                                                                                                                                               0
                                                                               11:45               AM                                                                                                                                                                                                               0
                                                                              12:00                 PM                                                                                                                                                                                                              0
                                                                              12:15                 PM                                                                                                                                                                                                              0
                                                                              12:30                 PM                                                                                                                                                                                                              0
                                                                              12:45                 PM                                                                                                                                                                                                              0
                                                                                1:00              PM                                                                                                                                                                                                                0
                                                                                1:15              PM                                                                                                                                                                                                                0
                                                                                1:30              PM                                                                                                                                                                                                                0
                                                                                1:45              PM                                                                                                                                                                                                                0
                                                                                2:00              PM                                                                                                                                                                                                                0
                                                                                2:15              PM                                                                                                                                                                                                                0
                                                                                2:30              PM                                                                                                                                                                                                                0
                                                                                2:45              PM                                                                                                                                                                                                                0
                                                                                3:00              PM                                                                                                                                                                                                                0
                                                                                3:15              PM                                                                                                                                                                                                                0
                                                                                3:30              PM                                                                                                                                                                                                                0
                                                                                3:45              PM                                                                                                                                                                                                                0
                                                                                4:00              PM                                                                                                                                                                                                                0
                                                                                4:15              PM                                                                                                                                                                                                                0
                                                                                4:30              PM                                                                                                                                                                                                                0
                                                                                4:45              PM                                                                                                                                                                                                                0
                                                                                5:00              PM                                                                                                                                                                                                                0
                                                                                5:15              PM                                                                                                                                                                                                                0
                                                                                5:30              PM                                                                                                                                                                                                                0
                                                                                5:45              PM                                                                                                                                                                                                                0
                                                                                6:00              PM                                                                                                                                                                                                                0
                                                                                6:15              PM                                                                                                                                                                                                                0
                                                                                      Total                                                                                                                                                                                                                         0
                                                                                    App             %
                                                                                  Total              %
 INT            ID                           ROAD 1                                                                                                 ROAD 2                                                                                           ROAD 3                                        ROAD 4                              COMMUNITY                                                TMC DATE
       48                    2ND STREET                                           SE                   NORTH CAROLINA AVENUE SE                                                                                                           D STREET                                  SE                                                                         -                                 7/24/2012
