                                                                               Turning                                      Movement                                                     Count                                Report                                   -      Cars                         &           Trucks
     INT            ID                                           ROAD 1                                                                            ROAD 2                                                     ROAD 3                                       ROAD 4                                              COMMUNITY                                                                TMC DATE
           50                                   3RD STREET                                           SE                                   I   STREET                            SE                                                                                                                                                     -                                                 7/24/2012
                                   CARS
                                   NB                                                                                      EB                                                                                        SB                                                                                         WB
          Start                     Left           Thru              Right               Ped                NB               Left           Thru               Right               Ped                EB               Left           Thru               Right               Ped                 SB               Left             Thru               Right                Ped                WB                Interval
        Time                                                                                             Total                                                                                     Total                                                                                      Total                                                                                        Total                    Total
   7:00             AM                  0             14                    0                 0              14                  0                0                  0                  0                0                 0                4                  0                  1                 4                 2                  1                  1                  2                  4                      22
   7:15             AM                  0             16                    2                 1              18                  1                0                  2                  6                3                 1              12                   2                  1               15                  5                  2                  3                  5               10                        46
   7:30             AM                  0             24                    1                 0              25                  0                1                  2                  2                3                 0                7                  5                  0               12                  2                  5                  3                  6               10                        50
   7:45             AM                  0             29                    1                 0              30                  0                0                  1                  1                1                 1                9                  3                  0               13                  2                  6                  2                  4               10                        54
   8:00             AM                  0             16                    1                 0              17                  0                1                  1                  2                2                 0                7                  4                  2               11                  5                  4                  3                  9               12                        42
   8:15             AM                  2             33                    2                 0              37                  0                2                  0                  1                2                 0                9                  2                  2               11                  5                  6                  5                10                16                        66
   8:30             AM                  3             33                    1                 1              37                  0                0                  0                  1                0                 0                4                  1                  1                 5                 2                  3                  5                  6               10                        52
   8:45             AM                  1             24                    2                 0              27                  0                3                  1                  0                4                 1                4                  0                  0                 5                 5                  5                  1                  1               11                        47
   9:00             AM                  0               0                   0                 0                0                 0                0                  0                  0                0                 0                0                  0                  0                 0                 0                  0                  0                  0                  0                        0
   9:15             AM                  0               0                   0                 0                0                 0                0                  0                  0                0                 0                0                  0                  0                 0                 0                  0                  0                  0                  0                        0
   9:30             AM                  0               0                   0                 0                0                 0                0                  0                  0                0                 0                0                  0                  0                 0                 0                  0                  0                  0                  0                        0
   9:45             AM                  0               0                   0                 0                0                 0                0                  0                  0                0                 0                0                  0                  0                 0                 0                  0                  0                  0                  0                        0
 10:00                AM                0               0                   0                 0                0                 0                0                  0                  0                0                 0                0                  0                  0                 0                 0                  0                  0                  0                  0                        0
 10:15                AM                0               0                   0                 0                0                 0                0                  0                  0                0                 0                0                  0                  0                 0                 0                  0                  0                  0                  0                        0
 10:30                AM                0               0                   0                 0                0                 0                0                  0                  0                0                 0                0                  0                  0                 0                 0                  0                  0                  0                  0                        0
 10:45                AM                0               0                   0                 0                0                 0                0                  0                  0                0                 0                0                  0                  0                 0                 0                  0                  0                  0                  0                        0
 11:00               AM                 0               0                   0                 0                0                 0                0                  0                  0                0                 0                0                  0                  0                 0                 0                  0                  0                  0                  0                        0
 11:15               AM                 0               0                   0                 0                0                 0                0                  0                  0                0                 0                0                  0                  0                 0                 0                  0                  0                  0                  0                        0
 11:30               AM                 0               0                   0                 0                0                 0                0                  0                  0                0                 0                0                  0                  0                 0                 0                  0                  0                  0                  0                        0
 11:45               AM                 0               0                   0                 0                0                 0                0                  0                  0                0                 0                0                  0                  0                 0                 0                  0                  0                  0                  0                        0
 12:00                 PM               0               0                   0                 0                0                 0                0                  0                  0                0                 0                0                  0                  0                 0                 0                  0                  0                  0                  0                        0
 12:15                 PM               0               0                   0                 0                0                 0                0                  0                  0                0                 0                0                  0                  0                 0                 0                  0                  0                  0                  0                        0
 12:30                 PM               0               0                   0                 0                0                 0                0                  0                  0                0                 0                0                  0                  0                 0                 0                  0                  0                  0                  0                        0
 12:45                 PM               0               0                   0                 0                0                 0                0                  0                  0                0                 0                0                  0                  0                 0                 0                  0                  0                  0                  0                        0
   1:00              PM                 0               0                   0                 0                0                 0                0                  0                  0                0                 0                0                  0                  0                 0                 0                  0                  0                  0                  0                        0
   1:15              PM                 0               0                   0                 0                0                 0                0                  0                  0                0                 0                0                  0                  0                 0                 0                  0                  0                  0                  0                        0
   1:30              PM                 0               0                   0                 0                0                 0                0                  0                  0                0                 0                0                  0                  0                 0                 0                  0                  0                  0                  0                        0
   1:45              PM                 0               0                   0                 0                0                 0                0                  0                  0                0                 0                0                  0                  0                 0                 0                  0                  0                  0                  0                        0
   2:00              PM                 0               0                   0                 0                0                 0                0                  0                  0                0                 0                0                  0                  0                 0                 0                  0                  0                  0                  0                        0
   2:15              PM                 0               0                   0                 0                0                 0                0                  0                  0                0                 0                0                  0                  0                 0                 0                  0                  0                  0                  0                        0
   2:30              PM                 0               0                   0                 0                0                 0                0                  0                  0                0                 0                0                  0                  0                 0                 0                  0                  0                  0                  0                        0
   2:45              PM                 0               0                   0                 0                0                 0                0                  0                  0                0                 0                0                  0                  0                 0                 0                  0                  0                  0                  0                        0
   3:00              PM                 0               0                   0                 0                0                 0                0                  0                  0                0                 0                0                  0                  0                 0                 0                  0                  0                  0                  0                        0
   3:15              PM                 0               0                   0                 0                0                 0                0                  0                  0                0                 0                0                  0                  0                 0                 0                  0                  0                  0                  0                        0
   3:30              PM                 0               0                   0                 0                0                 0                0                  0                  0                0                 0                0                  0                  0                 0                 0                  0                  0                  0                  0                        0
   3:45              PM                 0               0                   0                 0                0                 0                0                  0                  0                0                 0                0                  0                  0                 0                 0                  0                  0                  0                  0                        0
   4:00              PM                 0               0                   0                 0                0                 0                0                  0                  0                0                 0                0                  0                  0                 0                 0                  0                  0                  0                  0                        0
   4:15              PM                 0               0                   0                 0                0                 0                0                  0                  0                0                 0                0                  0                  0                 0                 0                  0                  0                  0                  0                        0
   4:30              PM                 0             85                    3                 0              88                  2                1                  0                  0                3                 2                3                  1                  0                 6                 0                  1                  0                  0                  1                      98
   4:45              PM                 0             89                    3                 0              92                  0                2                  1                  1                3                 1                5                  2                  0                 8                 1                  3                  1                  3                  5                    108
   5:00              PM                 1             79                    4                 1              84                  0                2                  1                  0                3                 1                4                  0                  0                 5                 2                  2                  0                  7                  4                      96
   5:15              PM                 0             73                    3                 0              76                  2                4                  0                  0                6                 0                4                  2                  2                 6                 1                  1                  0                  7                  2                      90
   5:30              PM                 0             80                    4                 0              84                  1                0                  0                  4                1                 3                7                  1                  3               11                  0                  4                  4                  6                  8                    104
   5:45              PM                 0             65                    2                 0              67                  1                0                  0                  0                1                 3                5                  3                  0               11                  0                  0                  0                  6                  0                      79
   6:00              PM                 0             51                    1                 0              52                  0                0                  0                  1                0                 2                6                  4                  4               12                  1                  3                  3                  9                  7                      71
   6:15              PM                 0             67                    3                 0              70                  1                0                  0                  0                1                 0                5                  1                  5                 6                 0                  1                  4                  7                  5                      82
         Total                          7           778                   33                  3            818                   8              16                   9                19               33                15               95                 31                 21              141                 33                 47                 35                 88              115                    1107
      App             %              0.9           95.1                 4.0               0.4                              24.2              48.5               27.3              57.6                               10.6              67.4               22.0              14.9                                 28.7              40.9                30.4               76.5
     Total              %            0.6           70.3                 3.0               0.3             73.9                0.7              1.4                0.8               1.7               3.0               1.4              8.6                2.8               1.9             12.7                 3.0               4.2                 3.2                7.9             10.4
     INT            ID                                           ROAD 1                                                                            ROAD 2                                                     ROAD 3                                       ROAD 4                                              COMMUNITY                                                                TMC DATE
           50                                   3RD STREET                                           SE                                   I   STREET                            SE                                                                                                                                                     -                                                 7/24/2012
                                   TRUCKS
                                   NB                                                                                      EB                                                                                       SB                                                                                        WB
          Start                     Left           Thru              Right               Ped                NB              Left           Thru              Right                Ped                EB              Left           Thru               Right               Ped                 SB                 Left              Thru               Right                Ped                WB                Interval
        Time                                                                                             Total                                                                                   Total                                                                                     Total                                                                                             Total                   Total
   7:00             AM                  0               1                   0                 0                1                0                0                  0                 0                 0                0                1                  0                  0                 1                   1                   0                  0                  0                  1                       3
   7:15             AM                  0               1                   0                 0                1                0                0                  0                 0                 0                0                1                  0                  0                 1                   0                   0                  0                  0                  0                       2
   7:30             AM                  0               4                   0                 0                4                0                0                  1                 0                 1                0                0                  0                  0                 0                   0                   0                  0                  0                  0                       5
   7:45             AM                  0               2                   0                 0                2                0                0                  1                 0                 1                0                0                  0                  0                 0                   0                   0                  0                  0                  0                       3
   8:00             AM                  1               5                   1                 0                7                0                0                  0                 0                 0                0                0                  0                  0                 0                   0                   0                  0                  0                  0                       7
   8:15             AM                  0               0                   0                 0                0                0                0                  0                 0                 0                0                0                  0                  0                 0                   0                   0                  0                  0                  0                       0
   8:30             AM                  0               1                   0                 0                1                0                0                  0                 0                 0                0                1                  0                  0                 1                   0                   0                  0                  0                  0                       2
   8:45             AM                  0               2                   0                 0                2                0                0                  0                 0                 0                0                0                  0                  0                 0                   0                   0                  0                  0                  0                       2
   9:00             AM                  0               0                   0                 0                0                0                0                  0                 0                 0                0                0                  0                  0                 0                   0                   0                  0                  0                  0                       0
   9:15             AM                  0               0                   0                 0                0                0                0                  0                 0                 0                0                0                  0                  0                 0                   0                   0                  0                  0                  0                       0
   9:30             AM                  0               0                   0                 0                0                0                0                  0                 0                 0                0                0                  0                  0                 0                   0                   0                  0                  0                  0                       0
   9:45             AM                  0               0                   0                 0                0                0                0                  0                 0                 0                0                0                  0                  0                 0                   0                   0                  0                  0                  0                       0
 10:00                AM                0               0                   0                 0                0                0                0                  0                 0                 0                0                0                  0                  0                 0                   0                   0                  0                  0                  0                       0
 10:15                AM                0               0                   0                 0                0                0                0                  0                 0                 0                0                0                  0                  0                 0                   0                   0                  0                  0                  0                       0
 10:30                AM                0               0                   0                 0                0                0                0                  0                 0                 0                0                0                  0                  0                 0                   0                   0                  0                  0                  0                       0
 10:45                AM                0               0                   0                 0                0                0                0                  0                 0                 0                0                0                  0                  0                 0                   0                   0                  0                  0                  0                       0
 11:00               AM                 0               0                   0                 0                0                0                0                  0                 0                 0                0                0                  0                  0                 0                   0                   0                  0                  0                  0                       0
 11:15               AM                 0               0                   0                 0                0                0                0                  0                 0                 0                0                0                  0                  0                 0                   0                   0                  0                  0                  0                       0
 11:30               AM                 0               0                   0                 0                0                0                0                  0                 0                 0                0                0                  0                  0                 0                   0                   0                  0                  0                  0                       0
 11:45               AM                 0               0                   0                 0                0                0                0                  0                 0                 0                0                0                  0                  0                 0                   0                   0                  0                  0                  0                       0
 12:00                 PM               0               0                   0                 0                0                0                0                  0                 0                 0                0                0                  0                  0                 0                   0                   0                  0                  0                  0                       0
 12:15                 PM               0               0                   0                 0                0                0                0                  0                 0                 0                0                0                  0                  0                 0                   0                   0                  0                  0                  0                       0
 12:30                 PM               0               0                   0                 0                0                0                0                  0                 0                 0                0                0                  0                  0                 0                   0                   0                  0                  0                  0                       0
 12:45                 PM               0               0                   0                 0                0                0                0                  0                 0                 0                0                0                  0                  0                 0                   0                   0                  0                  0                  0                       0
   1:00              PM                 0               0                   0                 0                0                0                0                  0                 0                 0                0                0                  0                  0                 0                   0                   0                  0                  0                  0                       0
   1:15              PM                 0               0                   0                 0                0                0                0                  0                 0                 0                0                0                  0                  0                 0                   0                   0                  0                  0                  0                       0
   1:30              PM                 0               0                   0                 0                0                0                0                  0                 0                 0                0                0                  0                  0                 0                   0                   0                  0                  0                  0                       0
   1:45              PM                 0               0                   0                 0                0                0                0                  0                 0                 0                0                0                  0                  0                 0                   0                   0                  0                  0                  0                       0
   2:00              PM                 0               0                   0                 0                0                0                0                  0                 0                 0                0                0                  0                  0                 0                   0                   0                  0                  0                  0                       0
   2:15              PM                 0               0                   0                 0                0                0                0                  0                 0                 0                0                0                  0                  0                 0                   0                   0                  0                  0                  0                       0
   2:30              PM                 0               0                   0                 0                0                0                0                  0                 0                 0                0                0                  0                  0                 0                   0                   0                  0                  0                  0                       0
   2:45              PM                 0               0                   0                 0                0                0                0                  0                 0                 0                0                0                  0                  0                 0                   0                   0                  0                  0                  0                       0
   3:00              PM                 0               0                   0                 0                0                0                0                  0                 0                 0                0                0                  0                  0                 0                   0                   0                  0                  0                  0                       0
   3:15              PM                 0               0                   0                 0                0                0                0                  0                 0                 0                0                0                  0                  0                 0                   0                   0                  0                  0                  0                       0
   3:30              PM                 0               0                   0                 0                0                0                0                  0                 0                 0                0                0                  0                  0                 0                   0                   0                  0                  0                  0                       0
   3:45              PM                 0               0                   0                 0                0                0                0                  0                 0                 0                0                0                  0                  0                 0                   0                   0                  0                  0                  0                       0
   4:00              PM                 0               0                   0                 0                0                0                0                  0                 0                 0                0                0                  0                  0                 0                   0                   0                  0                  0                  0                       0
   4:15              PM                 0               0                   0                 0                0                0                0                  0                 0                 0                0                0                  0                  0                 0                   0                   0                  0                  0                  0                       0
   4:30              PM                 0               1                   0                 0                1                0                0                  0                 0                 0                0                0                  0                  0                 0                   0                   0                  0                  0                  0                       1
   4:45              PM                 0               2                   0                 0                2                0                1                  0                 0                 1                0                0                  0                  0                 0                   0                   0                  0                  0                  0                       3
   5:00              PM                 0               0                   0                 0                0                0                0                  0                 0                 0                0                0                  0                  0                 0                   0                   0                  0                  0                  0                       0
   5:15              PM                 0               1                   0                 0                1                0                0                  0                 0                 0                0                0                  0                  0                 0                   0                   0                  0                  0                  0                       1
   5:30              PM                 0               0                   0                 0                0                0                0                  0                 0                 0                0                0                  0                  0                 0                   0                   0                  0                  0                  0                       0
   5:45              PM                 0               0                   0                 0                0                0                0                  0                 0                 0                0                0                  0                  0                 0                   0                   0                  0                  0                  0                       0
   6:00              PM                 0               0                   0                 0                0                0                0                  0                 0                 0                0                0                  0                  0                 0                   0                   0                  0                  0                  0                       0
   6:15              PM                 0               0                   0                 0                0                0                0                  0                 0                 0                0                0                  1                  0                 1                   0                   0                  0                  0                  0                       1
         Total                          1             20                    1                 0              22                 0                1                  2                 0                 3                0                3                  1                  0                 4                   1                   0                  0                  0                  1                     30
      App             %              4.5           90.9                 4.5               0.0                                 0.0           33.3               66.7                0.0                                0.0            75.0               25.0                0.0                                100.0                  0.0                  0.0               0.0
     Total              %            3.3           66.7                 3.3               0.0             73.3                0.0             3.3                6.7               0.0             10.0               0.0            10.0                 3.3               0.0             13.3                   3.3                0.0                  0.0               0.0               3.3
     INT            ID                                           ROAD 1                                                                            ROAD 2                                                     ROAD 3                                       ROAD 4                                              COMMUNITY                                                                TMC DATE
           50                                   3RD STREET                                           SE                                   I   STREET                            SE                                                                                                                                                     -                                                 7/24/2012
