                                                                               Turning                                      Movement                                                     Count                                Report                                   -      Cars                         &           Trucks
  INT            ID                              ROAD 1                                                                                                      ROAD 2                                                                                     ROAD 3                               ROAD 4                                COMMUNITY                                                   TMC DATE
        51                       4TH STREET                                          SE                         SOUTH CAROLINA AVENUE SE                                                                                                                                                                                                                   -                                      8/7/2012
                                   CARS
                                   NB                                                                                       EB                                                                                        SB                                                                                        WB
          Start                     Left            Thru              Right               Ped                NB              Left           Thru               Right               Ped                 EB              Left           Thru               Right               Ped                 SB               Left             Thru               Right                Ped                WB                Interval
         Time                                                                                             Total                                                                                     Total                                                                                     Total                                                                                        Total                    Total
   7:00             AM                   0               0                   0                 0                0                0                2                  1                  0                 3                0              12                 12                   4               24                  0                  2                  0                  1                  2                      29
   7:15             AM                   0               0                   0                 0                0                0                4                  3                  2                 7                1              43                 14                   6               58                  2                  6                  0                  3                  8                      73
   7:30             AM                   0               0                   0                 5                0                0                1                  1                  7                 2                1              60                 10                   4               71                  2                  2                  0                  7                  4                      77
   7:45             AM                   0               0                   0                 1                0                0                2                  0                  3                 2                1              72                   7                  3               80                  3                  4                  0                  6                  7                      89
   8:00             AM                   0               0                   0                 0                0                0                0                  0                  9                 0                1              63                 14                   1               78                  1                  9                  0                  3               10                        88
   8:15             AM                   0               0                   0                 0                0                0                4                  1                  3                 5                5              72                 14                   1               91                  1                13                   0                  3               14                      110
   8:30             AM                   0               0                   0                 0                0                0                2                  2                  3                 4                4              65                 14                   1               83                  2                12                   0                  2               14                      101
   8:45             AM                   0               0                   0                 4                0                0                5                  3                  7                 8                1              58                 10                   1               69                  3                11                   0                  2               14                        91
   9:00             AM                   0               0                   0                 0                0                0                0                  0                  0                 0                0                0                  0                  0                 0                 0                  0                  0                  0                  0                        0
   9:15             AM                   0               0                   0                 0                0                0                0                  0                  0                 0                0                0                  0                  0                 0                 0                  0                  0                  0                  0                        0
   9:30             AM                   0               0                   0                 0                0                0                0                  0                  0                 0                0                0                  0                  0                 0                 0                  0                  0                  0                  0                        0
   9:45             AM                   0               0                   0                 0                0                0                0                  0                  0                 0                0                0                  0                  0                 0                 0                  0                  0                  0                  0                        0
 10:00                AM                 0               0                   0                 0                0                0                0                  0                  0                 0                0                0                  0                  0                 0                 0                  0                  0                  0                  0                        0
 10:15                AM                 0               0                   0                 0                0                0                0                  0                  0                 0                0                0                  0                  0                 0                 0                  0                  0                  0                  0                        0
 10:30                AM                 0               0                   0                 0                0                0                0                  0                  0                 0                0                0                  0                  0                 0                 0                  0                  0                  0                  0                        0
 10:45                AM                 0               0                   0                 0                0                0                0                  0                  0                 0                0                0                  0                  0                 0                 0                  0                  0                  0                  0                        0
  11:00               AM                 0               0                   0                 0                0                0                0                  0                  0                 0                0                0                  0                  0                 0                 0                  0                  0                  0                  0                        0
  11:15               AM                 0               0                   0                 0                0                0                0                  0                  0                 0                0                0                  0                  0                 0                 0                  0                  0                  0                  0                        0
  11:30               AM                 0               0                   0                 0                0                0                0                  0                  0                 0                0                0                  0                  0                 0                 0                  0                  0                  0                  0                        0
  11:45               AM                 0               0                   0                 0                0                0                0                  0                  0                 0                0                0                  0                  0                 0                 0                  0                  0                  0                  0                        0
 12:00                 PM                0               0                   0                 0                0                0                0                  0                  0                 0                0                0                  0                  0                 0                 0                  0                  0                  0                  0                        0
 12:15                 PM                0               0                   0                 0                0                0                0                  0                  0                 0                0                0                  0                  0                 0                 0                  0                  0                  0                  0                        0
 12:30                 PM                0               0                   0                 0                0                0                0                  0                  0                 0                0                0                  0                  0                 0                 0                  0                  0                  0                  0                        0
 12:45                 PM                0               0                   0                 0                0                0                0                  0                  0                 0                0                0                  0                  0                 0                 0                  0                  0                  0                  0                        0
   1:00              PM                  0               0                   0                 0                0                0                0                  0                  0                 0                0                0                  0                  0                 0                 0                  0                  0                  0                  0                        0
   1:15              PM                  0               0                   0                 0                0                0                0                  0                  0                 0                0                0                  0                  0                 0                 0                  0                  0                  0                  0                        0
   1:30              PM                  0               0                   0                 0                0                0                0                  0                  0                 0                0                0                  0                  0                 0                 0                  0                  0                  0                  0                        0
   1:45              PM                  0               0                   0                 0                0                0                0                  0                  0                 0                0                0                  0                  0                 0                 0                  0                  0                  0                  0                        0
   2:00              PM                  0               0                   0                 0                0                0                0                  0                  0                 0                0                0                  0                  0                 0                 0                  0                  0                  0                  0                        0
   2:15              PM                  0               0                   0                 0                0                0                0                  0                  0                 0                0                0                  0                  0                 0                 0                  0                  0                  0                  0                        0
   2:30              PM                  0               0                   0                 0                0                0                0                  0                  0                 0                0                0                  0                  0                 0                 0                  0                  0                  0                  0                        0
   2:45              PM                  0               0                   0                 0                0                0                0                  0                  0                 0                0                0                  0                  0                 0                 0                  0                  0                  0                  0                        0
   3:00              PM                  0               0                   0                 0                0                0                0                  0                  0                 0                0                0                  0                  0                 0                 0                  0                  0                  0                  0                        0
   3:15              PM                  0               0                   0                 0                0                0                0                  0                  0                 0                0                0                  0                  0                 0                 0                  0                  0                  0                  0                        0
   3:30              PM                  0               0                   0                 0                0                0                0                  0                  0                 0                0                0                  0                  0                 0                 0                  0                  0                  0                  0                        0
   3:45              PM                  0               0                   0                 0                0                0                0                  0                  0                 0                0                0                  0                  0                 0                 0                  0                  0                  0                  0                        0
   4:00              PM                  0               0                   0                 0                0                0                0                  0                  0                 0                0                0                  0                  0                 0                 0                  0                  0                  0                  0                        0
   4:15              PM                  0               0                   0                 0                0                0                0                  0                  0                 0                0                0                  0                  0                 0                 0                  0                  0                  0                  0                        0
   4:30              PM                  0               0                   0                 6                0                0                3                  2                  1                 5                4              56                   7                  5               67                  3                  1                  0                  3                  4                      76
   4:45              PM                  0               0                   0                 3                0                0                5                  1                  5                 6                4              50                 12                   7               66                  1                  4                  0                  4                  5                      77
   5:00              PM                  0               0                   0              10                  0                0                4                  1                12                  5                5              65                 10                   5               80                  4                  6                  0                  4               10                        95
   5:15              PM                  0               0                   0                 8                0                0              10                   1                  4               11                 3              70                 15                 11                88                  2                  2                  0                  4                  4                    103
   5:30              PM                  0               0                   0              10                  0                0                3                  2                  5                 5                5              70                   9                  5               84                  2                  6                  0                  9                  8                      97
   5:45              PM                  0               0                   0                 3                0                0                6                  0                  6                 6              13               70                 14                   5               97                  3                  8                  0                  1               11                      114
   6:00              PM                  0               0                   0                 8                0                0                6                  3                  7                 9                8              64                   8                  7               80                  3                  9                  0                  6               12                      101
   6:15              PM                  0               0                   0                 0                0                0                6                  3                  5                 9                6              61                   8                  6               75                  2                  6                  0                  4                  8                      92
         Total                           0               0                   0              58                  0                0              63                 24                 79                87               62            951                 178                  72           1191                   34              101                     0                62              135                    1413
       App             %              0.0             0.0                0.0               0.0                                0.0            72.4               27.6              90.8                                  5.2            79.8               14.9                6.0                                25.2              74.8                  0.0              45.9
     Total              %             0.0             0.0                0.0               4.1               0.0              0.0              4.5                1.7               5.6               6.2               4.4            67.3               12.6                5.1             84.3                 2.4               7.1                 0.0                4.4               9.6
  INT            ID                              ROAD 1                                                                                                      ROAD 2                                                                                     ROAD 3                               ROAD 4                                COMMUNITY                                                   TMC DATE
        51                       4TH STREET                                          SE                         SOUTH CAROLINA AVENUE SE                                                                                                                                                                                                                   -                                      8/7/2012
                                                             TRUCKS
                                                             SB                                                                                                                                                          WB
                       Start                                        Left                       Thru                             Right                            Ped                               SB                            Left                          Thru                            Right                              Ped                             WB                                  Interval
                      Time                                                                                                                                                                     Total                                                                                                                                                           Total                                      Total
                7:00             AM                                     0                            1                                 0                               0                             1                                0                              0                                 0                              0                              0                                           1
                7:15             AM                                     0                            2                                 0                               0                             2                                0                              0                                 0                              0                              0                                           2
                7:30             AM                                     0                            2                                 0                               0                             2                                0                              0                                 0                              0                              0                                           2
                7:45             AM                                     0                            4                                 1                               0                             5                                0                              0                                 0                              0                              0                                           5
                8:00             AM                                     2                            1                                 0                               0                             3                                0                              0                                 0                              0                              0                                           3
                8:15             AM                                     0                            3                                 0                               0                             3                                1                              0                                 0                              0                              1                                           4
                8:30             AM                                     0                            1                                 0                               0                             1                                0                              0                                 0                              0                              0                                           1
                8:45             AM                                     0                            4                                 0                               0                             4                                0                              0                                 0                              0                              0                                           4
                9:00             AM                                     0                            0                                 0                               0                             0                                0                              0                                 0                              0                              0                                           0
                9:15             AM                                     0                            0                                 0                               0                             0                                0                              0                                 0                              0                              0                                           0
                9:30             AM                                     0                            0                                 0                               0                             0                                0                              0                                 0                              0                              0                                           0
                9:45             AM                                     0                            0                                 0                               0                             0                                0                              0                                 0                              0                              0                                           0
              10:00                AM                                   0                            0                                 0                               0                             0                                0                              0                                 0                              0                              0                                           0
              10:15                AM                                   0                            0                                 0                               0                             0                                0                              0                                 0                              0                              0                                           0
              10:30                AM                                   0                            0                                 0                               0                             0                                0                              0                                 0                              0                              0                                           0
              10:45                AM                                   0                            0                                 0                               0                             0                                0                              0                                 0                              0                              0                                           0
               11:00               AM                                   0                            0                                 0                               0                             0                                0                              0                                 0                              0                              0                                           0
               11:15               AM                                   0                            0                                 0                               0                             0                                0                              0                                 0                              0                              0                                           0
               11:30               AM                                   0                            0                                 0                               0                             0                                0                              0                                 0                              0                              0                                           0
               11:45               AM                                   0                            0                                 0                               0                             0                                0                              0                                 0                              0                              0                                           0
              12:00                 PM                                  0                            0                                 0                               0                             0                                0                              0                                 0                              0                              0                                           0
              12:15                 PM                                  0                            0                                 0                               0                             0                                0                              0                                 0                              0                              0                                           0
              12:30                 PM                                  0                            0                                 0                               0                             0                                0                              0                                 0                              0                              0                                           0
              12:45                 PM                                  0                            0                                 0                               0                             0                                0                              0                                 0                              0                              0                                           0
                1:00              PM                                    0                            0                                 0                               0                             0                                0                              0                                 0                              0                              0                                           0
                1:15              PM                                    0                            0                                 0                               0                             0                                0                              0                                 0                              0                              0                                           0
                1:30              PM                                    0                            0                                 0                               0                             0                                0                              0                                 0                              0                              0                                           0
                1:45              PM                                    0                            0                                 0                               0                             0                                0                              0                                 0                              0                              0                                           0
                2:00              PM                                    0                            0                                 0                               0                             0                                0                              0                                 0                              0                              0                                           0
                2:15              PM                                    0                            0                                 0                               0                             0                                0                              0                                 0                              0                              0                                           0
                2:30              PM                                    0                            0                                 0                               0                             0                                0                              0                                 0                              0                              0                                           0
                2:45              PM                                    0                            0                                 0                               0                             0                                0                              0                                 0                              0                              0                                           0
                3:00              PM                                    0                            0                                 0                               0                             0                                0                              0                                 0                              0                              0                                           0
                3:15              PM                                    0                            0                                 0                               0                             0                                0                              0                                 0                              0                              0                                           0
                3:30              PM                                    0                            0                                 0                               0                             0                                0                              0                                 0                              0                              0                                           0
                3:45              PM                                    0                            0                                 0                               0                             0                                0                              0                                 0                              0                              0                                           0
                4:00              PM                                    0                            0                                 0                               0                             0                                0                              0                                 0                              0                              0                                           0
                4:15              PM                                    0                            0                                 0                               0                             0                                0                              0                                 0                              0                              0                                           0
                4:30              PM                                    0                            2                                 0                               0                             2                                0                              0                                 0                              0                              0                                           2
                4:45              PM                                    0                            0                                 0                               0                             0                                0                              0                                 0                              0                              0                                           0
                5:00              PM                                    0                            0                                 0                               0                             0                                0                              0                                 0                              0                              0                                           0
                5:15              PM                                    0                            1                                 1                               0                             2                                0                              0                                 0                              0                              0                                           2
                5:30              PM                                    1                            1                                 0                               0                             2                                0                              1                                 0                              0                              1                                           3
                5:45              PM                                    0                            3                                 0                               0                             3                                0                              0                                 0                              0                              0                                           3
                6:00              PM                                    0                            1                                 0                               0                             1                                0                              0                                 0                              0                              0                                           1
                6:15              PM                                    0                            0                                 0                               0                             0                                0                              0                                 0                              0                              0                                           0
                      Total                                             3                          26                                  2                               0                           31                                 1                              1                                 0                              0                              2                                         33
                    App             %                               9.7                        83.9                                6.5                             0.0                                                          50.0                           50.0                                0.0                             0.0
                  Total              %                              9.1                        78.8                                6.1                             0.0                          93.9                              3.0                            3.0                               0.0                             0.0                             6.1
  INT            ID                              ROAD 1                                                                                                      ROAD 2                                                                                     ROAD 3                               ROAD 4                                COMMUNITY                                                   TMC DATE
        51                       4TH STREET                                          SE                         SOUTH CAROLINA AVENUE SE                                                                                                                                                                                                                   -                                      8/7/2012
