                                                                               Turning                                      Movement                                                     Count                                Report                                   -      Cars                         &           Trucks
     INT            ID                                          ROAD 1                                                                             ROAD 2                                                    ROAD 3                                        ROAD 4                                              COMMUNITY                                                                TMC DATE
           53                                   6TH STREET                                          NE                                    I   STREET                            NE                                                                                                                                                     -                                                   8/7/2012
                                   CARS
                                   NB                                                                                      EB                                                                                         SB                                                                                        WB
          Start                     Left           Thru              Right               Ped                NB               Left           Thru               Right               Ped                 EB              Left           Thru               Right               Ped                 SB               Left             Thru               Right                Ped                WB                Interval
        Time                                                                                             Total                                                                                      Total                                                                                     Total                                                                                        Total                     Total
   7:00             AM                  0             36                    3                 4              39                  3                9                  0                  0               12                 0                0                  0                  0                 0                 0                  0                  0                  5                  0                      51
   7:15             AM                  0             46                    3                 2              49                  7                4                  0                  2               11                 0                0                  0                  1                 0                 0                  0                  0                  4                  0                      60
   7:30             AM                  0             41                    4                 6              45                  5                7                  0                  2               12                 0                0                  0                  1                 0                 0                  0                  0                  2                  0                      57
   7:45             AM                  0             52                    7                 2              59                  4                5                  0                  3                 9                0                0                  0                  4                 0                 0                  0                  0                  1                  0                      68
   8:00             AM                  0             53                    7                 6              60                  5              10                   0                  5               15                 0                0                  0                  1                 0                 0                  0                  0                  5                  0                      75
   8:15             AM                  0             63                  11                  4              74                  1              15                   0                  1               16                 0                0                  0                  4                 0                 0                  0                  0                  7                  0                      90
   8:30             AM                  0             47                    9                 4              56                  4              11                   0                  4               15                 0                0                  0                  1                 0                 0                  0                  0                  6                  0                      71
   8:45             AM                  0             17                    1                 0              18                  6                3                  0                  5                 9                0                0                  0                  2                 0                 0                  0                  0                  2                  0                      27
   9:00             AM                  0               0                   0                 0                0                 0                0                  0                  0                 0                0                0                  0                  0                 0                 0                  0                  0                  0                  0                        0
   9:15             AM                  0               0                   0                 0                0                 0                0                  0                  0                 0                0                0                  0                  0                 0                 0                  0                  0                  0                  0                        0
   9:30             AM                  0               0                   0                 0                0                 0                0                  0                  0                 0                0                0                  0                  0                 0                 0                  0                  0                  0                  0                        0
   9:45             AM                  0               0                   0                 0                0                 0                0                  0                  0                 0                0                0                  0                  0                 0                 0                  0                  0                  0                  0                        0
 10:00                AM                0               0                   0                 0                0                 0                0                  0                  0                 0                0                0                  0                  0                 0                 0                  0                  0                  0                  0                        0
 10:15                AM                0               0                   0                 0                0                 0                0                  0                  0                 0                0                0                  0                  0                 0                 0                  0                  0                  0                  0                        0
 10:30                AM                0               0                   0                 0                0                 0                0                  0                  0                 0                0                0                  0                  0                 0                 0                  0                  0                  0                  0                        0
 10:45                AM                0               0                   0                 0                0                 0                0                  0                  0                 0                0                0                  0                  0                 0                 0                  0                  0                  0                  0                        0
 11:00               AM                 0               0                   0                 0                0                 0                0                  0                  0                 0                0                0                  0                  0                 0                 0                  0                  0                  0                  0                        0
 11:15               AM                 0               0                   0                 0                0                 0                0                  0                  0                 0                0                0                  0                  0                 0                 0                  0                  0                  0                  0                        0
 11:30               AM                 0               0                   0                 0                0                 0                0                  0                  0                 0                0                0                  0                  0                 0                 0                  0                  0                  0                  0                        0
 11:45               AM                 0               0                   0                 0                0                 0                0                  0                  0                 0                0                0                  0                  0                 0                 0                  0                  0                  0                  0                        0
 12:00                 PM               0               0                   0                 0                0                 0                0                  0                  0                 0                0                0                  0                  0                 0                 0                  0                  0                  0                  0                        0
 12:15                 PM               0               0                   0                 0                0                 0                0                  0                  0                 0                0                0                  0                  0                 0                 0                  0                  0                  0                  0                        0
 12:30                 PM               0               0                   0                 0                0                 0                0                  0                  0                 0                0                0                  0                  0                 0                 0                  0                  0                  0                  0                        0
 12:45                 PM               0               0                   0                 0                0                 0                0                  0                  0                 0                0                0                  0                  0                 0                 0                  0                  0                  0                  0                        0
   1:00              PM                 0               0                   0                 0                0                 0                0                  0                  0                 0                0                0                  0                  0                 0                 0                  0                  0                  0                  0                        0
   1:15              PM                 0               0                   0                 0                0                 0                0                  0                  0                 0                0                0                  0                  0                 0                 0                  0                  0                  0                  0                        0
   1:30              PM                 0               0                   0                 0                0                 0                0                  0                  0                 0                0                0                  0                  0                 0                 0                  0                  0                  0                  0                        0
   1:45              PM                 0               0                   0                 0                0                 0                0                  0                  0                 0                0                0                  0                  0                 0                 0                  0                  0                  0                  0                        0
   2:00              PM                 0               0                   0                 0                0                 0                0                  0                  0                 0                0                0                  0                  0                 0                 0                  0                  0                  0                  0                        0
   2:15              PM                 0               0                   0                 0                0                 0                0                  0                  0                 0                0                0                  0                  0                 0                 0                  0                  0                  0                  0                        0
   2:30              PM                 0               0                   0                 0                0                 0                0                  0                  0                 0                0                0                  0                  0                 0                 0                  0                  0                  0                  0                        0
   2:45              PM                 0               0                   0                 0                0                 0                0                  0                  0                 0                0                0                  0                  0                 0                 0                  0                  0                  0                  0                        0
   3:00              PM                 0               0                   0                 0                0                 0                0                  0                  0                 0                0                0                  0                  0                 0                 0                  0                  0                  0                  0                        0
   3:15              PM                 0               0                   0                 0                0                 0                0                  0                  0                 0                0                0                  0                  0                 0                 0                  0                  0                  0                  0                        0
   3:30              PM                 0               0                   0                 0                0                 0                0                  0                  0                 0                0                0                  0                  0                 0                 0                  0                  0                  0                  0                        0
   3:45              PM                 0               0                   0                 0                0                 0                0                  0                  0                 0                0                0                  0                  0                 0                 0                  0                  0                  0                  0                        0
   4:00              PM                 0               0                   0                 0                0                 0                0                  0                  0                 0                0                0                  0                  0                 0                 0                  0                  0                  0                  0                        0
   4:15              PM                 0               0                   0                 0                0                 0                0                  0                  0                 0                0                0                  0                  0                 0                 0                  0                  0                  0                  0                        0
   4:30              PM                 0             68                    8               11               76                11               32                   0                  0               43                 0                0                  0                  0                 0                 0                  0                  0                  5                  0                    119
   4:45              PM                 0             77                  14                11               91                  9              43                   0                  5               52                 0                0                  0                  2                 0                 0                  0                  0                12                   0                    143
   5:00              PM                 0             77                  16                  7              93                10               55                   0                  4               65                 0                0                  0                  1                 0                 0                  0                  0                  7                  0                    158
   5:15              PM                 0             86                  10                  6              96                  3              47                   0                  2               50                 0                0                  0                  1                 0                 0                  0                  0                  4                  0                    146
   5:30              PM                 0             72                    9                 5              81                  6              37                   0                  8               43                 0                0                  0                  0                 0                 0                  0                  0                 11                  0                    124
   5:45              PM                 0             63                    3               11               66                  6              27                   0                  1               33                 0                0                  0                  1                 0                 0                  0                  0                  6                  0                      99
   6:00              PM                 0             70                  11                  4              81                  3              26                   0                  1               29                 0                0                  0                  2                 0                 0                  0                  0                  4                  0                    110
   6:15              PM                 0             65                    7                 9              72                  5              22                   0                  2               27                 0                0                  0                  3                 0                 0                  0                  0                  4                  0                      99
         Total                          0           933                 123                 92           1056                  88            353                     0                45              441                  0                0                  0                24                  0                 0                  0                  0                85                   0                  1497
      App             %              0.0           88.4                11.6               8.7                              20.0              80.0                 0.0             10.2                                  0.0              0.0                0.0               0.0                                  0.0               0.0                 0.0                0.0
     Total              %            0.0           62.3                 8.2               6.1             70.5                5.9            23.6                 0.0               3.0             29.5                0.0              0.0                0.0               1.6               0.0                0.0               0.0                 0.0                5.7               0.0
     INT            ID                                          ROAD 1                                                                             ROAD 2                                                    ROAD 3                                        ROAD 4                                              COMMUNITY                                                                TMC DATE
           53                                   6TH STREET                                          NE                                    I   STREET                            NE                                                                                                                                                     -                                                   8/7/2012
                                                             TRUCKS
                                                             NB                                                                                                                                                          EB
                       Start                                        Left                       Thru                             Right                            Ped                               NB                          Left                           Thru                              Right                              Ped                              EB                                Interval
                      Time                                                                                                                                                                     Total                                                                                                                                                            Total                                     Total
                7:00             AM                                     0                            4                                 1                               0                             5                              0                              0                                    0                              0                              0                                          5
                7:15             AM                                     0                            5                                 0                               0                             5                              0                              0                                    0                              0                              0                                          5
                7:30             AM                                     0                            6                                 0                               0                             6                              0                              0                                    0                              0                              0                                          6
                7:45             AM                                     0                            6                                 0                               0                             6                              0                              2                                    0                              0                              2                                          8
                8:00             AM                                     0                            4                                 1                               0                             5                              0                              0                                    0                              0                              0                                          5
                8:15             AM                                     0                            7                                 0                               0                             7                              0                              0                                    0                              0                              0                                          7
                8:30             AM                                     0                            7                                 0                               0                             7                              0                              0                                    0                              0                              0                                          7
                8:45             AM                                     0                            1                                 0                               0                             1                              0                              0                                    0                              0                              0                                          1
                9:00             AM                                     0                            0                                 0                               0                             0                              0                              0                                    0                              0                              0                                          0
                9:15             AM                                     0                            0                                 0                               0                             0                              0                              0                                    0                              0                              0                                          0
                9:30             AM                                     0                            0                                 0                               0                             0                              0                              0                                    0                              0                              0                                          0
                9:45             AM                                     0                            0                                 0                               0                             0                              0                              0                                    0                              0                              0                                          0
              10:00                AM                                   0                            0                                 0                               0                             0                              0                              0                                    0                              0                              0                                          0
              10:15                AM                                   0                            0                                 0                               0                             0                              0                              0                                    0                              0                              0                                          0
              10:30                AM                                   0                            0                                 0                               0                             0                              0                              0                                    0                              0                              0                                          0
              10:45                AM                                   0                            0                                 0                               0                             0                              0                              0                                    0                              0                              0                                          0
               11:00               AM                                   0                            0                                 0                               0                             0                              0                              0                                    0                              0                              0                                          0
               11:15               AM                                   0                            0                                 0                               0                             0                              0                              0                                    0                              0                              0                                          0
               11:30               AM                                   0                            0                                 0                               0                             0                              0                              0                                    0                              0                              0                                          0
               11:45               AM                                   0                            0                                 0                               0                             0                              0                              0                                    0                              0                              0                                          0
              12:00                 PM                                  0                            0                                 0                               0                             0                              0                              0                                    0                              0                              0                                          0
              12:15                 PM                                  0                            0                                 0                               0                             0                              0                              0                                    0                              0                              0                                          0
              12:30                 PM                                  0                            0                                 0                               0                             0                              0                              0                                    0                              0                              0                                          0
              12:45                 PM                                  0                            0                                 0                               0                             0                              0                              0                                    0                              0                              0                                          0
                1:00              PM                                    0                            0                                 0                               0                             0                              0                              0                                    0                              0                              0                                          0
                1:15              PM                                    0                            0                                 0                               0                             0                              0                              0                                    0                              0                              0                                          0
                1:30              PM                                    0                            0                                 0                               0                             0                              0                              0                                    0                              0                              0                                          0
                1:45              PM                                    0                            0                                 0                               0                             0                              0                              0                                    0                              0                              0                                          0
                2:00              PM                                    0                            0                                 0                               0                             0                              0                              0                                    0                              0                              0                                          0
                2:15              PM                                    0                            0                                 0                               0                             0                              0                              0                                    0                              0                              0                                          0
                2:30              PM                                    0                            0                                 0                               0                             0                              0                              0                                    0                              0                              0                                          0
                2:45              PM                                    0                            0                                 0                               0                             0                              0                              0                                    0                              0                              0                                          0
                3:00              PM                                    0                            0                                 0                               0                             0                              0                              0                                    0                              0                              0                                          0
                3:15              PM                                    0                            0                                 0                               0                             0                              0                              0                                    0                              0                              0                                          0
                3:30              PM                                    0                            0                                 0                               0                             0                              0                              0                                    0                              0                              0                                          0
                3:45              PM                                    0                            0                                 0                               0                             0                              0                              0                                    0                              0                              0                                          0
                4:00              PM                                    0                            0                                 0                               0                             0                              0                              0                                    0                              0                              0                                          0
                4:15              PM                                    0                            0                                 0                               0                             0                              0                              0                                    0                              0                              0                                          0
                4:30              PM                                    0                            3                                 1                               0                             4                              0                              0                                    0                              0                              0                                          4
                4:45              PM                                    0                            5                                 3                               0                             8                              0                              2                                    0                              0                              2                                        10
                5:00              PM                                    0                            7                                 1                               0                             8                              0                              6                                    0                              0                              6                                        14
                5:15              PM                                    0                          10                                  2                               0                           12                               0                              1                                    0                              0                              1                                        13
                5:30              PM                                    0                          16                                  0                               0                           16                               0                              2                                    0                              0                              2                                        18
                5:45              PM                                    0                          12                                  3                               0                           15                               0                              4                                    0                              0                              4                                        19
                6:00              PM                                    0                            9                                 0                               0                             9                              0                              2                                    0                              0                              2                                        11
                6:15              PM                                    0                          10                                  0                               0                           10                               0                              0                                    0                              0                              0                                        10
                      Total                                             0                       112                                 12                                 0                         124                                0                            19                                     0                              0                            19                                      143
                    App             %                               0.0                        90.3                                9.7                             0.0                                                           0.0                       100.0                                    0.0                             0.0
                  Total              %                              0.0                        78.3                                8.4                             0.0                          86.7                             0.0                         13.3                                   0.0                             0.0                          13.3
     INT            ID                                          ROAD 1                                                                             ROAD 2                                                    ROAD 3                                        ROAD 4                                              COMMUNITY                                                                TMC DATE
           53                                   6TH STREET                                          NE                                    I   STREET                            NE                                                                                                                                                     -                                                   8/7/2012
