                                                                               Turning                                      Movement                                                     Count                                Report                                   -      Cars                         &           Trucks
    INT            ID                                             ROAD 1                                                                                ROAD 2                                                      ROAD 3                                      ROAD 4                                           COMMUNITY                                                               TMC DATE
          56                                   14TH STREET                                              SE                                   U STREET                                  SE                                                                                                                                                -                                                  8/2/2012
                                   CARS
                                   NB                                                                                       EB                                                                                       SB                                                                                      WB
          Start                     Left            Thru              Right               Ped                NB              Left           Thru              Right               Ped                 EB              Left           Thru              Right               Ped                SB                Left            Thru               Right                  Ped                  WB                Interval
        Time                                                                                              Total                                                                                   Total                                                                                    Total                                                                                             Total                   Total
   7:00             AM                   0               5                   0                 0                5                0                0                  0                 0                0                 0              11                   1                 0              12                   1                 0                  0                    1                    1                     18
   7:15             AM                   1               5                   4                 0              10                 0                0                  0                 1                0                 0             16                    0                 1              16                   0                 0                  0                    0                    0                     26
   7:30             AM                   5               6                   1                 1              12                 0                0                  0                 1                0                 1             14                    3                 0              18                   2                 0                  0                    1                    2                     32
   7:45             AM                   2              11                   1                 0              14                 0                0                  0                 3                0                 1             20                    7                 0              28                   0                 1                  0                    2                    1                     43
   8:00             AM                   7               8                   2                 1              17                 0                0                  0                 0                0                 0             22                    6                 0              28                   0                 0                  1                    4                    1                     46
   8:15             AM                   1               9                   5                 1              15                 0                0                  0                 4                0                 0             22                  10                  3              32                   0                 0                  0                    9                    0                     47
   8:30             AM                   4             12                    4                 1              20                 0                0                  0                 7                0                 0             21                    5                 0              26                   0                 0                  0                    4                    0                     46
   8:45             AM                   2              11                   3                 2              16                 0                0                  0                 2                0                 0             31                  12                  2              43                   1                 0                  0                  10                     1                     60
   9:00             AM                   0               0                   0                 0                0                0                0                  0                 0                0                 0               0                   0                 0                0                  0                 0                  0                    0                    0                       0
   9:15             AM                   0               0                   0                 0                0                0                0                  0                 0                0                 0               0                   0                 0                0                  0                 0                  0                    0                    0                       0
   9:30             AM                   0               0                   0                 0                0                0                0                  0                 0                0                 0               0                   0                 0                0                  0                 0                  0                    0                    0                       0
   9:45             AM                   0               0                   0                 0                0                0                0                  0                 0                0                 0               0                   0                 0                0                  0                 0                  0                    0                    0                       0
 10:00                AM                 0               0                   0                 0                0                0                0                  0                 0                0                 0               0                   0                 0                0                  0                 0                  0                    0                    0                       0
 10:15                AM                 0               0                   0                 0                0                0                0                  0                 0                0                 0               0                   0                 0                0                  0                 0                  0                    0                    0                       0
 10:30                AM                 0               0                   0                 0                0                0                0                  0                 0                0                 0               0                   0                 0                0                  0                 0                  0                    0                    0                       0
 10:45                AM                 0               0                   0                 0                0                0                0                  0                 0                0                 0               0                   0                 0                0                  0                 0                  0                    0                    0                       0
 11:00               AM                  0               0                   0                 0                0                0                0                  0                 0                0                 0               0                   0                 0                0                  0                 0                  0                    0                    0                       0
 11:15               AM                  0               0                   0                 0                0                0                0                  0                 0                0                 0               0                   0                 0                0                  0                 0                  0                    0                    0                       0
 11:30               AM                  0               0                   0                 0                0                0                0                  0                 0                0                 0               0                   0                 0                0                  0                 0                  0                    0                    0                       0
 11:45               AM                  0               0                   0                 0                0                0                0                  0                 0                0                 0               0                   0                 0                0                  0                 0                  0                    0                    0                       0
 12:00                 PM                0               0                   0                 0                0                0                0                  0                 0                0                 0               0                   0                 0                0                  0                 0                  0                    0                    0                       0
 12:15                 PM                0               0                   0                 0                0                0                0                  0                 0                0                 0               0                   0                 0                0                  0                 0                  0                    0                    0                       0
 12:30                 PM                0               0                   0                 0                0                0                0                  0                 0                0                 0               0                   0                 0                0                  0                 0                  0                    0                    0                       0
 12:45                 PM                0               0                   0                 0                0                0                0                  0                 0                0                 0               0                   0                 0                0                  0                 0                  0                    0                    0                       0
   1:00              PM                  0               0                   0                 0                0                0                0                  0                 0                0                 0               0                   0                 0                0                  0                 0                  0                    0                    0                       0
   1:15              PM                  0               0                   0                 0                0                0                0                  0                 0                0                 0               0                   0                 0                0                  0                 0                  0                    0                    0                       0
   1:30              PM                  0               0                   0                 0                0                0                0                  0                 0                0                 0               0                   0                 0                0                  0                 0                  0                    0                    0                       0
   1:45              PM                  0               0                   0                 0                0                0                0                  0                 0                0                 0               0                   0                 0                0                  0                 0                  0                    0                    0                       0
   2:00              PM                  0               0                   0                 0                0                0                0                  0                 0                0                 0               0                   0                 0                0                  0                 0                  0                    0                    0                       0
   2:15              PM                  0               0                   0                 0                0                0                0                  0                 0                0                 0               0                   0                 0                0                  0                 0                  0                    0                    0                       0
   2:30              PM                  0               0                   0                 0                0                0                0                  0                 0                0                 0               0                   0                 0                0                  0                 0                  0                    0                    0                       0
   2:45              PM                  0               0                   0                 0                0                0                0                  0                 0                0                 0               0                   0                 0                0                  0                 0                  0                    0                    0                       0
   3:00              PM                  0               0                   0                 0                0                0                0                  0                 0                0                 0               0                   0                 0                0                  0                 0                  0                    0                    0                       0
   3:15              PM                  0               0                   0                 0                0                0                0                  0                 0                0                 0               0                   0                 0                0                  0                 0                  0                    0                    0                       0
   3:30              PM                  0               0                   0                 0                0                0                0                  0                 0                0                 0               0                   0                 0                0                  0                 0                  0                    0                    0                       0
   3:45              PM                  0               0                   0                 0                0                0                0                  0                 0                0                 0               0                   0                 0                0                  0                 0                  0                    0                    0                       0
   4:00              PM                  0               0                   0                 0                0                0                0                  0                 0                0                 0               0                   0                 0                0                  0                 0                  0                    0                    0                       0
   4:15              PM                  0               0                   0                 0                0                0                0                  0                 0                0                 0               0                   0                 0                0                  0                 0                  0                    0                    0                       0
   4:30              PM                  3             27                    1                 2              31                 0                0                  0                 6                0                 0             21                    6                 4              27                   1                 0                  1                    2                    2                     60
   4:45              PM                  2             21                    2                 1              25                 0                0                  0                 8                0                 0             26                    5                 2              31                   0                 0                  0                    1                    0                     56
   5:00              PM                  2             19                    2                 0              23                 0                0                  0                 7                0                 0             16                    6                 1              22                   0                 0                  0                    6                    0                     45
   5:15              PM                  2             16                    0                 0              18                 0                0                  0                 0                0                 0             42                    5                 5              47                   0                 0                  0                    0                    0                     65
   5:30              PM                  1             17                    0                 1              18                 0                0                  0               11                 0                 1             29                    5                 5              35                   1                 0                  1                  12                     2                     55
   5:45              PM                  0             17                    1                 0              18                 0                0                  0                 9                0                 0             33                    3                 0              36                   1                 0                  0                    2                    1                     55
   6:00              PM                  3             25                    0                 0              28                 0                0                  0                 5                0                 0             32                    3                 0              35                   0                 0                  0                    4                    0                     63
   6:15              PM                  1               6                   2                 0                9                0                0                  0                 0                0                 0             19                    5                 0              24                   0                 0                  0                    2                    0                     33
         Total                        36             215                  28                10              279                  0                0                  0               64                 0                 3           375                   82                23             460                    7                 1                  3                  60                   11                    750
      App             %            12.9             77.1               10.0                3.6                                0.0              0.0                0.0               0.0                                0.7           81.5               17.8                5.0                               63.6                9.1               27.3               545.5
     Total              %            4.8            28.7                 3.7               1.3             37.2               0.0              0.0                0.0               8.5               0.0              0.4           50.0               10.9                3.1             61.3                0.9               0.1                 0.4                  8.0                 1.5
    INT            ID                                             ROAD 1                                                                                ROAD 2                                                      ROAD 3                                      ROAD 4                                           COMMUNITY                                                               TMC DATE
          56                                   14TH STREET                                              SE                                   U STREET                                  SE                                                                                                                                                -                                                  8/2/2012
                                            TRUCKS
                                            NB                                                                                                                 SB                                                                                                               WB
              Start                            Left                 Thru                    Right                    Ped                      NB                  Left                Thru                   Right                    Ped                     SB                     Left                   Thru                    Right                    Ped                     WB                       Interval
             Time                                                                                                                         Total                                                                                                            Total                                                                                                                  Total                           Total
       7:00             AM                         0                     0                         0                      0                      0                    0                    1                        0                      0                     1                       0                       0                         0                      0                      0                              1
       7:15             AM                         0                     0                         0                      0                      0                    0                    2                        0                      0                     2                       0                       0                         0                      0                      0                              2
       7:30             AM                         0                     1                         0                      0                      1                    0                    0                        1                      0                     1                       0                       0                         0                      0                      0                              2
       7:45             AM                         0                     0                         0                      0                      0                    0                    0                        1                      0                     1                       0                       0                         0                      0                      0                              1
       8:00             AM                         0                     0                         0                      0                      0                    0                    1                        0                      0                     1                       0                       0                         0                      0                      0                              1
       8:15             AM                         0                     1                         0                      0                      1                    0                    1                        1                      0                     2                       0                       1                         0                      0                      1                              4
       8:30             AM                         0                     0                         0                      0                      0                    0                    0                        1                      0                     1                       0                       0                         0                      0                      0                              1
       8:45             AM                         0                     2                         0                      0                      2                    0                    0                        0                      0                     0                       0                       0                         0                      0                      0                              2
       9:00             AM                         0                     0                         0                      0                      0                    0                    0                        0                      0                     0                       0                       0                         0                      0                      0                              0
       9:15             AM                         0                     0                         0                      0                      0                    0                    0                        0                      0                     0                       0                       0                         0                      0                      0                              0
       9:30             AM                         0                     0                         0                      0                      0                    0                    0                        0                      0                     0                       0                       0                         0                      0                      0                              0
       9:45             AM                         0                     0                         0                      0                      0                    0                    0                        0                      0                     0                       0                       0                         0                      0                      0                              0
     10:00                AM                       0                     0                         0                      0                      0                    0                    0                        0                      0                     0                       0                       0                         0                      0                      0                              0
     10:15                AM                       0                     0                         0                      0                      0                    0                    0                        0                      0                     0                       0                       0                         0                      0                      0                              0
     10:30                AM                       0                     0                         0                      0                      0                    0                    0                        0                      0                     0                       0                       0                         0                      0                      0                              0
     10:45                AM                       0                     0                         0                      0                      0                    0                    0                        0                      0                     0                       0                       0                         0                      0                      0                              0
      11:00               AM                       0                     0                         0                      0                      0                    0                    0                        0                      0                     0                       0                       0                         0                      0                      0                              0
      11:15               AM                       0                     0                         0                      0                      0                    0                    0                        0                      0                     0                       0                       0                         0                      0                      0                              0
      11:30               AM                       0                     0                         0                      0                      0                    0                    0                        0                      0                     0                       0                       0                         0                      0                      0                              0
      11:45               AM                       0                     0                         0                      0                      0                    0                    0                        0                      0                     0                       0                       0                         0                      0                      0                              0
     12:00                 PM                      0                     0                         0                      0                      0                    0                    0                        0                      0                     0                       0                       0                         0                      0                      0                              0
     12:15                 PM                      0                     0                         0                      0                      0                    0                    0                        0                      0                     0                       0                       0                         0                      0                      0                              0
     12:30                 PM                      0                     0                         0                      0                      0                    0                    0                        0                      0                     0                       0                       0                         0                      0                      0                              0
     12:45                 PM                      0                     0                         0                      0                      0                    0                    0                        0                      0                     0                       0                       0                         0                      0                      0                              0
       1:00              PM                        0                     0                         0                      0                      0                    0                    0                        0                      0                     0                       0                       0                         0                      0                      0                              0
       1:15              PM                        0                     0                         0                      0                      0                    0                    0                        0                      0                     0                       0                       0                         0                      0                      0                              0
       1:30              PM                        0                     0                         0                      0                      0                    0                    0                        0                      0                     0                       0                       0                         0                      0                      0                              0
       1:45              PM                        0                     0                         0                      0                      0                    0                    0                        0                      0                     0                       0                       0                         0                      0                      0                              0
       2:00              PM                        0                     0                         0                      0                      0                    0                    0                        0                      0                     0                       0                       0                         0                      0                      0                              0
       2:15              PM                        0                     0                         0                      0                      0                    0                    0                        0                      0                     0                       0                       0                         0                      0                      0                              0
       2:30              PM                        0                     0                         0                      0                      0                    0                    0                        0                      0                     0                       0                       0                         0                      0                      0                              0
       2:45              PM                        0                     0                         0                      0                      0                    0                    0                        0                      0                     0                       0                       0                         0                      0                      0                              0
       3:00              PM                        0                     0                         0                      0                      0                    0                    0                        0                      0                     0                       0                       0                         0                      0                      0                              0
       3:15              PM                        0                     0                         0                      0                      0                    0                    0                        0                      0                     0                       0                       0                         0                      0                      0                              0
       3:30              PM                        0                     0                         0                      0                      0                    0                    0                        0                      0                     0                       0                       0                         0                      0                      0                              0
       3:45              PM                        0                     0                         0                      0                      0                    0                    0                        0                      0                     0                       0                       0                         0                      0                      0                              0
       4:00              PM                        0                     0                         0                      0                      0                    0                    0                        0                      0                     0                       0                       0                         0                      0                      0                              0
       4:15              PM                        0                     0                         0                      0                      0                    0                    0                        0                      0                     0                       0                       0                         0                      0                      0                              0
       4:30              PM                        0                     0                         0                      0                      0                    0                    2                        0                      0                     2                       0                       0                         0                      0                      0                              2
       4:45              PM                        0                     1                         0                      0                      1                    0                    0                        0                      0                     0                       0                       0                         0                      0                      0                              1
       5:00              PM                        0                     0                         0                      0                      0                    0                    2                        0                      0                     2                       0                       0                         0                      0                      0                              2
       5:15              PM                        0                     0                         0                      0                      0                    0                    0                        0                      0                     0                       0                       0                         0                      0                      0                              0
       5:30              PM                        0                     1                         0                      0                      1                    0                    0                        0                      0                     0                       0                       0                         0                      0                      0                              1
       5:45              PM                        0                     0                         0                      0                      0                    0                    0                        0                      0                     0                       0                       0                         0                      0                      0                              0
       6:00              PM                        0                     1                         0                      0                      1                    0                    0                        0                      0                     0                       0                       0                         0                      0                      0                              1
       6:15              PM                        0                     0                         0                      0                      0                    0                    0                        0                      0                     0                       0                       0                         0                      0                      0                              0
             Total                                 0                     7                         0                      0                      7                    0                    9                        4                      0                   13                        0                       1                         0                      0                      1                            21
           App             %                   0.0               100.0                          0.0                    0.0                                         0.0               69.2                     30.8                     0.0                                            0.0                100.0                          0.0                    0.0
         Total              %                  0.0                  33.3                        0.0                    0.0                 33.3                    0.0               42.9                     19.0                     0.0                  61.9                      0.0                     4.8                       0.0                    0.0                    4.8
    INT            ID                                             ROAD 1                                                                                ROAD 2                                                      ROAD 3                                      ROAD 4                                           COMMUNITY                                                               TMC DATE
          56                                   14TH STREET                                              SE                                   U STREET                                  SE                                                                                                                                                -                                                  8/2/2012
