                                                                               Turning                                      Movement                                                     Count                                Report                                   -      Cars                         &           Trucks
    INT            ID                                            ROAD 1                                                                                    ROAD 2                                                       ROAD 3                                     ROAD 4                                          COMMUNITY                                                             TMC DATE
            6                                11TH STREET                                             NW                                       Q        STREET                           NW                                                                                                                                                 -                                                 2/9/2011
                                   CARS
                                   NB                                                                                      EB                                                                                        SB                                                                                         WB
          Start                     Left           Thru              Right               Ped                NB              Left           Thru               Right               Ped                 EB               Left           Thru               Right               Ped                 SB               Left             Thru               Right                Ped                WB                Interval
        Time                                                                                             Total                                                                                     Total                                                                                      Total                                                                                        Total                     Total
   6:00             AM                  0             13                    0                 0              13                 0                5                  3                  0                 8                 1              11                   0                  1               12                  0                  0                  0                  0                  0                      33
   6:15             AM                  0             12                    0                 0              12                 2              14                   2                  1               18                  1              10                   0                  0               11                  0                  0                  0                  0                  0                      41
   6:30             AM                  0             12                    0                 3              12                 1              16                   1                  1               18                  2              13                   0                  0               15                  0                  0                  0                  0                  0                      45
   6:45             AM                  0             12                    0                 2              12                 2              19                   2                  0               23                  2              14                   0                  2               16                  0                  0                  0                  6                  0                      51
   7:00             AM                  0             26                    0                 0              26                 1              19                   4                  1               24                  2              16                   0                  6               18                  0                  0                  0                  0                  0                      68
   7:15             AM                  0             20                    0                 4              20                 2              22                   7                  0               31                  2              32                   0                  2               34                  0                  0                  0                  1                  0                      85
   7:30             AM                  0             30                    0                 4              30               10               31                  11                  0               52                  1              42                   0                  2               43                  0                  0                  0                  1                  0                    125
   7:45             AM                  0             25                    1                 3              26                 2              36                 12                   0               50                  4              49                   0                  0               53                  0                  0                  0                  2                  0                    129
   8:00             AM                  0              11                   0                 4               11                3              34                   8                  1               45                  5              47                   0                  1               52                  0                  0                  0                  5                  0                    108
   8:15             AM                  0             21                    1                 9              22                 1              35                 10                   0               46                  6              63                   0                  1               69                  0                  0                  0                  4                  0                    137
   8:30             AM                  0             26                    0                 0              26                 0              41                 17                   1               58                  9              64                   0                  3               73                  0                  0                  0                  2                  0                    157
   8:45             AM                  0             27                    1                 0              28                 2              26                 16                   2               44                  6              75                   0                  5               81                  0                  0                  0                  3                  0                    153
   9:00             AM                  0               0                   0                 0                0                0                0                  0                  0                 0                 0                0                  0                  0                 0                 0                  0                  0                  0                  0                        0
   9:15             AM                  0               0                   0                 0                0                0                0                  0                  0                 0                 0                0                  0                  0                 0                 0                  0                  0                  0                  0                        0
   9:30             AM                  0               0                   0                 0                0                0                0                  0                  0                 0                 0                0                  0                  0                 0                 0                  0                  0                  0                  0                        0
   9:45             AM                  0               0                   0                 0                0                0                0                  0                  0                 0                 0                0                  0                  0                 0                 0                  0                  0                  0                  0                        0
 10:00                AM                0               0                   0                 0                0                0                0                  0                  0                 0                 0                0                  0                  0                 0                 0                  0                  0                  0                  0                        0
 10:15                AM                0               0                   0                 0                0                0                0                  0                  0                 0                 0                0                  0                  0                 0                 0                  0                  0                  0                  0                        0
 10:30                AM                0               0                   0                 0                0                0                0                  0                  0                 0                 0                0                  0                  0                 0                 0                  0                  0                  0                  0                        0
 10:45                AM                0               0                   0                 0                0                0                0                  0                  0                 0                 0                0                  0                  0                 0                 0                  0                  0                  0                  0                        0
 11:00               AM                 0               0                   0                 0                0                0                0                  0                  0                 0                 0                0                  0                  0                 0                 0                  0                  0                  0                  0                        0
 11:15               AM                 0               0                   0                 0                0                0                0                  0                  0                 0                 0                0                  0                  0                 0                 0                  0                  0                  0                  0                        0
 11:30               AM                 0               0                   0                 0                0                0                0                  0                  0                 0                 0                0                  0                  0                 0                 0                  0                  0                  0                  0                        0
 11:45               AM                 0               0                   0                 0                0                0                0                  0                  0                 0                 0                0                  0                  0                 0                 0                  0                  0                  0                  0                        0
 12:00                 PM               0               0                   0                 0                0                0                0                  0                  0                 0                 0                0                  0                  0                 0                 0                  0                  0                  0                  0                        0
 12:15                 PM               0               0                   0                 0                0                0                0                  0                  0                 0                 0                0                  0                  0                 0                 0                  0                  0                  0                  0                        0
 12:30                 PM               0               0                   0                 0                0                0                0                  0                  0                 0                 0                0                  0                  0                 0                 0                  0                  0                  0                  0                        0
 12:45                 PM               0               0                   0                 0                0                0                0                  0                  0                 0                 0                0                  0                  0                 0                 0                  0                  0                  0                  0                        0
   1:00              PM                 0               0                   0                 0                0                0                0                  0                  0                 0                 0                0                  0                  0                 0                 0                  0                  0                  0                  0                        0
   1:15              PM                 0               0                   0                 0                0                0                0                  0                  0                 0                 0                0                  0                  0                 0                 0                  0                  0                  0                  0                        0
   1:30              PM                 0               0                   0                 0                0                0                0                  0                  0                 0                 0                0                  0                  0                 0                 0                  0                  0                  0                  0                        0
   1:45              PM                 0               0                   0                 0                0                0                0                  0                  0                 0                 0                0                  0                  0                 0                 0                  0                  0                  0                  0                        0
   2:00              PM                 0               0                   0                 0                0                0                0                  0                  0                 0                 0                0                  0                  0                 0                 0                  0                  0                  0                  0                        0
   2:15              PM                 0               0                   0                 0                0                0                0                  0                  0                 0                 0                0                  0                  0                 0                 0                  0                  0                  0                  0                        0
   2:30              PM                 0               0                   0                 0                0                0                0                  0                  0                 0                 0                0                  0                  0                 0                 0                  0                  0                  0                  0                        0
   2:45              PM                 0               0                   0                 0                0                0                0                  0                  0                 0                 0                0                  0                  0                 0                 0                  0                  0                  0                  0                        0
   3:00              PM                 0               0                   0                 0                0                0                0                  0                  0                 0                 0                0                  0                  0                 0                 0                  0                  0                  0                  0                        0
   3:15              PM                 0               0                   0                 0                0                0                0                  0                  0                 0                 0                0                  0                  0                 0                 0                  0                  0                  0                  0                        0
   3:30              PM                 0             43                    0                 4              43                 4              55                 14                   5               73                16               49                   0                  3               65                  0                  0                  0                  2                  0                    181
   3:45              PM                 1             23                    0                 2              24                 3              63                 12                   3               78                16               47                   0                  1               63                  0                  0                  0                  7                  0                    165
   4:00              PM                 0             36                    0                 0              36                 5              68                 12                   1               85                15               38                   0                  2               53                  0                  0                  0                  2                  0                    174
   4:15              PM                 0             39                    0                 1              39                 6              61                 13                   2               80                17               48                   0                  3               65                  0                  0                  0                  7                  0                    184
   4:30              PM                 0             46                    0                 1              46                 7              69                 17                   8               93                  9              41                   0                  1               50                  0                  0                  0                  1                  0                    189
   4:45              PM                 0             47                    0                 1              47                 6              79                 15                   4             100                   8              47                   0                  4               55                  0                  0                  0                  5                  0                    202
   5:00              PM                 0             56                    1                 1              57                 8              95                  11                  5             114                   9              58                   0                  6               67                  0                  0                  0                  6                  0                    238
   5:15              PM                 0             48                    1                 1              49               10               76                 12                   5               98                  9              49                   0                  3               58                  0                  0                  0                  4                  0                    205
   5:30              PM                 0             55                    0                 2              55               10               84                 15                   5             109                   5              50                   0                  0               55                  0                  0                  0                  3                  0                    219
   5:45              PM                 0             52                    0                 0              52               10               78                 14                   2             102                   5              39                   0                  5               44                  0                  0                  0                  3                  0                    198
   6:00              PM                 0             52                    0                 1              52                11              58                 18                   5               87                  4              31                   0                  5               35                  0                  0                  0                  7                  0                    174
   6:15              PM                 0             51                    0                 2              51                 5              60                 12                   4               77                11               43                   0                  5               54                  0                  0                  0                12                   0                    182
         Total                          1           783                     5               45             789               111           1144                 258                  56            1513                165             976                     0                61           1141                     0                  0                  0                83                   0                  3443
      App             %              0.1           99.2                 0.6               5.7                                 7.3           75.6               17.1                 3.7                              14.5              85.5                 0.0               5.3                                  0.0               0.0                 0.0                0.0
     Total              %            0.0           22.7                 0.1               1.3             22.9                3.2           33.2                  7.5               1.6            43.9                 4.8            28.3                 0.0               1.8             33.1                 0.0               0.0                 0.0                2.4               0.0
    INT            ID                                            ROAD 1                                                                                    ROAD 2                                                       ROAD 3                                     ROAD 4                                          COMMUNITY                                                             TMC DATE
            6                                11TH STREET                                             NW                                       Q        STREET                           NW                                                                                                                                                 -                                                 2/9/2011
                                             TRUCKS
                                             NB                                                                                                                EB                                                                                                                SB
               Start                            Left                Thru                   Right                    Ped                      NB                   Left                Thru                    Right                    Ped                     EB                    Left                 Thru                    Right                     Ped                      SB                      Interval
             Time                                                                                                                        Total                                                                                                              Total                                                                                                                 Total                          Total
        6:00             AM                         0                     0                       0                      0                      0                     0                    0                        0                       0                     0                      0                     0                         0                      0                       0                               0
        6:15             AM                         0                     0                       0                      0                      0                     0                    0                        0                       0                     0                      0                     0                         0                      0                       0                               0
        6:30             AM                         0                     0                       0                      0                      0                     0                    0                        1                       0                     1                      0                     0                         0                      0                       0                               1
        6:45             AM                         0                     0                       0                      0                      0                     0                    0                        1                       0                     1                      0                     1                         0                      0                       1                               2
        7:00             AM                         0                     0                       0                      0                      0                     0                    0                        0                       0                     0                      0                     1                         0                      0                       1                               1
        7:15             AM                         0                     0                       0                      0                      0                     0                    1                        0                       0                     1                      1                     6                         0                      0                       7                               8
        7:30             AM                         0                     0                       0                      0                      0                     0                    0                        0                       0                     0                      1                     4                         0                      0                       5                               5
        7:45             AM                         0                     0                       0                      0                      0                     0                    3                        1                       0                     4                      0                     4                         0                      0                       4                               8
        8:00             AM                         0                     0                       0                      0                      0                     0                    4                        3                       0                     7                      1                     6                         0                      0                       7                             14
        8:15             AM                         0                     2                       0                      0                      2                     0                    1                        1                       0                     2                      0                     3                         0                      0                       3                               7
        8:30             AM                         0                     0                       0                      0                      0                     0                    4                        0                       0                     4                      2                     6                         0                      0                       8                             12
        8:45             AM                         0                     0                       0                      0                      0                     0                    0                        1                       0                     1                      1                     9                         0                      0                     10                              11
        9:00             AM                         0                     0                       0                      0                      0                     0                    0                        0                       0                     0                      0                     0                         0                      0                       0                               0
        9:15             AM                         0                     0                       0                      0                      0                     0                    0                        0                       0                     0                      0                     0                         0                      0                       0                               0
        9:30             AM                         0                     0                       0                      0                      0                     0                    0                        0                       0                     0                      0                     0                         0                      0                       0                               0
        9:45             AM                         0                     0                       0                      0                      0                     0                    0                        0                       0                     0                      0                     0                         0                      0                       0                               0
      10:00                AM                       0                     0                       0                      0                      0                     0                    0                        0                       0                     0                      0                     0                         0                      0                       0                               0
      10:15                AM                       0                     0                       0                      0                      0                     0                    0                        0                       0                     0                      0                     0                         0                      0                       0                               0
      10:30                AM                       0                     0                       0                      0                      0                     0                    0                        0                       0                     0                      0                     0                         0                      0                       0                               0
      10:45                AM                       0                     0                       0                      0                      0                     0                    0                        0                       0                     0                      0                     0                         0                      0                       0                               0
      11:00               AM                        0                     0                       0                      0                      0                     0                    0                        0                       0                     0                      0                     0                         0                      0                       0                               0
      11:15               AM                        0                     0                       0                      0                      0                     0                    0                        0                       0                     0                      0                     0                         0                      0                       0                               0
      11:30               AM                        0                     0                       0                      0                      0                     0                    0                        0                       0                     0                      0                     0                         0                      0                       0                               0
      11:45               AM                        0                     0                       0                      0                      0                     0                    0                        0                       0                     0                      0                     0                         0                      0                       0                               0
      12:00                 PM                      0                     0                       0                      0                      0                     0                    0                        0                       0                     0                      0                     0                         0                      0                       0                               0
      12:15                 PM                      0                     0                       0                      0                      0                     0                    0                        0                       0                     0                      0                     0                         0                      0                       0                               0
      12:30                 PM                      0                     0                       0                      0                      0                     0                    0                        0                       0                     0                      0                     0                         0                      0                       0                               0
      12:45                 PM                      0                     0                       0                      0                      0                     0                    0                        0                       0                     0                      0                     0                         0                      0                       0                               0
        1:00              PM                        0                     0                       0                      0                      0                     0                    0                        0                       0                     0                      0                     0                         0                      0                       0                               0
        1:15              PM                        0                     0                       0                      0                      0                     0                    0                        0                       0                     0                      0                     0                         0                      0                       0                               0
        1:30              PM                        0                     0                       0                      0                      0                     0                    0                        0                       0                     0                      0                     0                         0                      0                       0                               0
        1:45              PM                        0                     0                       0                      0                      0                     0                    0                        0                       0                     0                      0                     0                         0                      0                       0                               0
        2:00              PM                        0                     0                       0                      0                      0                     0                    0                        0                       0                     0                      0                     0                         0                      0                       0                               0
        2:15              PM                        0                     0                       0                      0                      0                     0                    0                        0                       0                     0                      0                     0                         0                      0                       0                               0
        2:30              PM                        0                     0                       0                      0                      0                     0                    0                        0                       0                     0                      0                     0                         0                      0                       0                               0
        2:45              PM                        0                     0                       0                      0                      0                     0                    0                        0                       0                     0                      0                     0                         0                      0                       0                               0
        3:00              PM                        0                     0                       0                      0                      0                     0                    0                        0                       0                     0                      0                     0                         0                      0                       0                               0
        3:15              PM                        0                     0                       0                      0                      0                     0                    0                        0                       0                     0                      0                     0                         0                      0                       0                               0
        3:30              PM                        0                     2                       0                      0                      2                     0                    0                        0                       0                     0                      0                     1                         0                      0                       1                               3
        3:45              PM                        0                     2                       0                      0                      2                     1                    2                        1                       0                     4                      1                     2                         0                      0                       3                               9
        4:00              PM                        0                     1                       0                      0                      1                     0                    3                        0                       0                     3                      0                     1                         0                      0                       1                               5
        4:15              PM                        0                     5                       0                      0                      5                     0                    0                        1                       0                     1                      0                     2                         0                      0                       2                               8
        4:30              PM                        0                     1                       0                      0                      1                     0                    0                        1                       0                     1                      0                     1                         0                      0                       1                               3
        4:45              PM                        1                     2                       0                      0                      3                     0                    0                        0                       0                     0                      0                     0                         0                      0                       0                               3
        5:00              PM                        0                     3                       0                      0                      3                     0                    3                        0                       0                     3                      0                     1                         0                      0                       1                               7
        5:15              PM                        0                     5                       0                      0                      5                     2                    5                        0                       0                     7                      0                     0                         0                      0                       0                             12
        5:30              PM                        0                     5                       0                      0                      5                     0                    1                        2                       0                     3                      0                     2                         0                      0                       2                             10
        5:45              PM                        0                     9                       0                      0                      9                     0                    3                        0                       0                     3                      0                     1                         0                      0                       1                             13
        6:00              PM                        0                     5                       0                      0                      5                     0                    5                        1                       0                     6                      0                     0                         0                      0                       0                             11
        6:15              PM                        0                     9                       0                      0                      9                     0                    3                        1                       0                     4                      1                     1                         0                      0                       2                             15
              Total                                 1                   51                        0                      0                   52                       3                  38                       15                        0                   56                       8                   52                          0                      0                     60                           168
           App             %                     1.9                98.1                       0.0                    0.0                                          5.4                67.9                     26.8                     0.0                                         13.3                  86.7                        0.0                    0.0
          Total              %                   0.6                30.4                       0.0                    0.0                 31.0                     1.8                22.6                       8.9                    0.0                  33.3                     4.8                 31.0                        0.0                    0.0                  35.7
    INT            ID                                            ROAD 1                                                                                    ROAD 2                                                       ROAD 3                                     ROAD 4                                          COMMUNITY                                                             TMC DATE
            6                                11TH STREET                                             NW                                       Q        STREET                           NW                                                                                                                                                 -                                                 2/9/2011
