                                                                               Turning                                      Movement                                                     Count                                Report                                   -      Cars                         &           Trucks
   INT            ID                                      ROAD 1                                                                       ROAD 2                                                                      ROAD 3                                                        ROAD 4                                     COMMUNITY                                                       TMC DATE
         67                            46TH STREET                                              SE                          B STREET                                  SE                          BASS                     PLACE SE                                                                                                                 -                                        7/26/2012
                                   CARS
                                   NB                                                                                       EB                                                                                        SB                                                                                        WB
          Start                     Left            Thru              Right               Ped                NB               Left           Thru               Right               Ped                EB              Left           Thru               Right               Ped                 SB               Left             Thru               Right                Ped                WB                Interval
        Time                                                                                              Total                                                                                     Total                                                                                     Total                                                                                        Total                    Total
   7:00             AM                   1               0                   0                 1                1                 3               3                   1                  0                7                0                0                  4                  4                 4                 0                  7                  0                  2                  7                      19
   7:15             AM                   4               0                   0                 0                4                 0               1                   1                  1                2                1                0                  1                  0                 2                 0                  3                  0                  0                  3                      11
   7:30             AM                   3               1                   0                 0                4                 1               2                   3                  3                6                1                1                  3                  1                 5                 0                  1                  1                  2                  2                      17
   7:45             AM                   3               1                   0                 2                4                 4               3                   3                  1              10                 1                0                  4                  3                 5                 0                  6                  0                  1                  6                      25
   8:00             AM                   0               0                   0                 1                0                 1               3                   1                  1                5                0                0                  2                  2                 2                 0                  8                  1                  1                  9                      16
   8:15             AM                   3               0                   1                 2                4                 2               3                   0                  3                5                0                0                  1                  3                 1                 0                  8                  0                  1                  8                      18
   8:30             AM                   1               0                   0                 1                1                 0               4                   3                  4                7                1                1                  0                  4                 2                 1                  8                  0                  0                  9                      19
   8:45             AM                   1               2                   0                 2                3                 2               7                   1                  4              10                 0                1                  0                  3                 1                 0                  3                  0                  5                  3                      17
   9:00             AM                   0               0                   0                 0                0                 0               0                   0                  0                0                0                0                  0                  0                 0                 0                  0                  0                  0                  0                        0
   9:15             AM                   0               0                   0                 0                0                 0               0                   0                  0                0                0                0                  0                  0                 0                 0                  0                  0                  0                  0                        0
   9:30             AM                   0               0                   0                 0                0                 0               0                   0                  0                0                0                0                  0                  0                 0                 0                  0                  0                  0                  0                        0
   9:45             AM                   0               0                   0                 0                0                 0               0                   0                  0                0                0                0                  0                  0                 0                 0                  0                  0                  0                  0                        0
 10:00                AM                 0               0                   0                 0                0                 0               0                   0                  0                0                0                0                  0                  0                 0                 0                  0                  0                  0                  0                        0
 10:15                AM                 0               0                   0                 0                0                 0               0                   0                  0                0                0                0                  0                  0                 0                 0                  0                  0                  0                  0                        0
 10:30                AM                 0               0                   0                 0                0                 0               0                   0                  0                0                0                0                  0                  0                 0                 0                  0                  0                  0                  0                        0
 10:45                AM                 0               0                   0                 0                0                 0               0                   0                  0                0                0                0                  0                  0                 0                 0                  0                  0                  0                  0                        0
 11:00               AM                  0               0                   0                 0                0                 0               0                   0                  0                0                0                0                  0                  0                 0                 0                  0                  0                  0                  0                        0
 11:15               AM                  0               0                   0                 0                0                 0               0                   0                  0                0                0                0                  0                  0                 0                 0                  0                  0                  0                  0                        0
 11:30               AM                  0               0                   0                 0                0                 0               0                   0                  0                0                0                0                  0                  0                 0                 0                  0                  0                  0                  0                        0
 11:45               AM                  0               0                   0                 0                0                 0               0                   0                  0                0                0                0                  0                  0                 0                 0                  0                  0                  0                  0                        0
 12:00                 PM                0               0                   0                 0                0                 0               0                   0                  0                0                0                0                  0                  0                 0                 0                  0                  0                  0                  0                        0
 12:15                 PM                0               0                   0                 0                0                 0               0                   0                  0                0                0                0                  0                  0                 0                 0                  0                  0                  0                  0                        0
 12:30                 PM                0               0                   0                 0                0                 0               0                   0                  0                0                0                0                  0                  0                 0                 0                  0                  0                  0                  0                        0
 12:45                 PM                0               0                   0                 0                0                 0               0                   0                  0                0                0                0                  0                  0                 0                 0                  0                  0                  0                  0                        0
   1:00              PM                  0               0                   0                 0                0                 0               0                   0                  0                0                0                0                  0                  0                 0                 0                  0                  0                  0                  0                        0
   1:15              PM                  0               0                   0                 0                0                 0               0                   0                  0                0                0                0                  0                  0                 0                 0                  0                  0                  0                  0                        0
   1:30              PM                  0               0                   0                 0                0                 0               0                   0                  0                0                0                0                  0                  0                 0                 0                  0                  0                  0                  0                        0
   1:45              PM                  0               0                   0                 0                0                 0               0                   0                  0                0                0                0                  0                  0                 0                 0                  0                  0                  0                  0                        0
   2:00              PM                  0               0                   0                 0                0                 0               0                   0                  0                0                0                0                  0                  0                 0                 0                  0                  0                  0                  0                        0
   2:15              PM                  0               0                   0                 0                0                 0               0                   0                  0                0                0                0                  0                  0                 0                 0                  0                  0                  0                  0                        0
   2:30              PM                  0               0                   0                 0                0                 0               0                   0                  0                0                0                0                  0                  0                 0                 0                  0                  0                  0                  0                        0
   2:45              PM                  0               0                   0                 0                0                 0               0                   0                  0                0                0                0                  0                  0                 0                 0                  0                  0                  0                  0                        0
   3:00              PM                  0               0                   0                 0                0                 0               0                   0                  0                0                0                0                  0                  0                 0                 0                  0                  0                  0                  0                        0
   3:15              PM                  0               0                   0                 0                0                 0               0                   0                  0                0                0                0                  0                  0                 0                 0                  0                  0                  0                  0                        0
   3:30              PM                  0               0                   0                 0                0                 0               0                   0                  0                0                0                0                  0                  0                 0                 0                  0                  0                  0                  0                        0
   3:45              PM                  0               0                   0                 0                0                 0               0                   0                  0                0                0                0                  0                  0                 0                 0                  0                  0                  0                  0                        0
   4:00              PM                  0               0                   0                 0                0                 0               0                   0                  0                0                0                0                  0                  0                 0                 0                  0                  0                  0                  0                        0
   4:15              PM                  0               0                   0                 0                0                 0               0                   0                  0                0                0                0                  0                  0                 0                 0                  0                  0                  0                  0                        0
   4:30              PM                  3               3                   4                 1              10                  0               0                   1                  6                1                1                5                  0                  1                 6                 1                  0                  0                  1                  1                      18
   4:45              PM                  1               7                   3                 0              11                  1               1                   3                  6                5                0                7                  0                  3                 7                 1                  0                  1                  1                  2                      25
   5:00              PM                  4               7                   5                 0              16                  1               2                   2                  1                5                0                7                  1                  0                 8                 2                  1                  0                  1                  3                      32
   5:15              PM                  1              11                   3                 1              15                  1               2                   2                  0                5                0                5                  0                  0                 5                 1                  0                  0                  0                  1                      26
   5:30              PM                  1              11                   4                 0              16                  1               1                   3                  3                5                0                7                  3                  5               10                  4                  0                  1                  0                  5                      36
   5:45              PM                  3               8                   1                 0              12                  0               0                   2                  7                2                0                6                  0                  7                 6                 3                  1                  0                  7                  4                      24
   6:00              PM                  2             10                    3                 0              15                  2               0                   2                  6                4                0                9                  2                  5               11                  2                  0                  0                  3                  2                      32
   6:15              PM                  2               9                   6                 2              17                  0               3                   5                  1                8                0                6                  0                  1                 6                 5                  1                  0                  2                  6                      37
         Total                        33               70                 30                13              133                 19              35                  33                47                87                 5              55                 21                 42                81                20                 47                   4                27                71                      372
      App             %            24.8             52.6               22.6                9.8                              21.8             40.2                37.9              54.0                                 6.2            67.9               25.9              51.9                                 28.2              66.2                  5.6              38.0
     Total              %            8.9            18.8                 8.1               3.5             35.8               5.1               9.4                8.9             12.6              23.4               1.3            14.8                 5.6              11.3             21.8                 5.4             12.6                  1.1                7.3             19.1
   INT            ID                                      ROAD 1                                                                       ROAD 2                                                                      ROAD 3                                                        ROAD 4                                     COMMUNITY                                                       TMC DATE
         67                            46TH STREET                                              SE                          B STREET                                  SE                          BASS                     PLACE SE                                                                                                                 -                                        7/26/2012
                                   TRUCKS
                                   NB                                                                                        EB                                                                                        SB                                                                                      WB
          Start                     Left            Thru               Right               Ped                 NB              Left           Thru              Right               Ped                 EB              Left           Thru              Right               Ped                SB                 Left              Thru               Right               Ped                WB                Interval
        Time                                                                                               Total                                                                                    Total                                                                                    Total                                                                                           Total                   Total
   7:00             AM                  0                 0                   0                 0                0                 0                0                  0                 0                 0                0               0                   1                 0                1                   0                   0                  0                  0                 0                       1
   7:15             AM                  0                 0                   0                 0                0                 0                0                  0                 0                 0                0               0                   0                 0                0                   0                   0                  0                  0                 0                       0
   7:30             AM                  0                 0                   0                 0                0                 0                1                  0                 0                 1                0               0                   0                 0                0                   1                   0                  0                  0                 1                       2
   7:45             AM                  0                 0                   0                 0                0                 0                0                  0                 0                 0                0               0                   0                 0                0                   0                   0                  0                  0                 0                       0
   8:00             AM                  0                 0                   0                 0                0                 0                1                  0                 0                 1                0               0                   0                 0                0                   0                   0                  0                  0                 0                       1
   8:15             AM                  0                 0                   0                 0                0                 0                0                  0                 0                 0                0               0                   0                 0                0                   1                   0                  0                  0                 1                       1
   8:30             AM                  0                 0                   0                 0                0                 0                1                  0                 0                 1                0               0                   0                 0                0                   0                   0                  0                  0                 0                       1
   8:45             AM                  0                 2                   0                 0                2                 0                1                  0                 0                 1                0               0                   0                 0                0                   0                   0                  0                  0                 0                       3
   9:00             AM                  0                 0                   0                 0                0                 0                0                  0                 0                 0                0               0                   0                 0                0                   0                   0                  0                  0                 0                       0
   9:15             AM                  0                 0                   0                 0                0                 0                0                  0                 0                 0                0               0                   0                 0                0                   0                   0                  0                  0                 0                       0
   9:30             AM                  0                 0                   0                 0                0                 0                0                  0                 0                 0                0               0                   0                 0                0                   0                   0                  0                  0                 0                       0
   9:45             AM                  0                 0                   0                 0                0                 0                0                  0                 0                 0                0               0                   0                 0                0                   0                   0                  0                  0                 0                       0
 10:00                AM                0                 0                   0                 0                0                 0                0                  0                 0                 0                0               0                   0                 0                0                   0                   0                  0                  0                 0                       0
 10:15                AM                0                 0                   0                 0                0                 0                0                  0                 0                 0                0               0                   0                 0                0                   0                   0                  0                  0                 0                       0
 10:30                AM                0                 0                   0                 0                0                 0                0                  0                 0                 0                0               0                   0                 0                0                   0                   0                  0                  0                 0                       0
 10:45                AM                0                 0                   0                 0                0                 0                0                  0                 0                 0                0               0                   0                 0                0                   0                   0                  0                  0                 0                       0
 11:00               AM                 0                 0                   0                 0                0                 0                0                  0                 0                 0                0               0                   0                 0                0                   0                   0                  0                  0                 0                       0
 11:15               AM                 0                 0                   0                 0                0                 0                0                  0                 0                 0                0               0                   0                 0                0                   0                   0                  0                  0                 0                       0
 11:30               AM                 0                 0                   0                 0                0                 0                0                  0                 0                 0                0               0                   0                 0                0                   0                   0                  0                  0                 0                       0
 11:45               AM                 0                 0                   0                 0                0                 0                0                  0                 0                 0                0               0                   0                 0                0                   0                   0                  0                  0                 0                       0
 12:00                 PM               0                 0                   0                 0                0                 0                0                  0                 0                 0                0               0                   0                 0                0                   0                   0                  0                  0                 0                       0
 12:15                 PM               0                 0                   0                 0                0                 0                0                  0                 0                 0                0               0                   0                 0                0                   0                   0                  0                  0                 0                       0
 12:30                 PM               0                 0                   0                 0                0                 0                0                  0                 0                 0                0               0                   0                 0                0                   0                   0                  0                  0                 0                       0
 12:45                 PM               0                 0                   0                 0                0                 0                0                  0                 0                 0                0               0                   0                 0                0                   0                   0                  0                  0                 0                       0
   1:00              PM                 0                 0                   0                 0                0                 0                0                  0                 0                 0                0               0                   0                 0                0                   0                   0                  0                  0                 0                       0
   1:15              PM                 0                 0                   0                 0                0                 0                0                  0                 0                 0                0               0                   0                 0                0                   0                   0                  0                  0                 0                       0
   1:30              PM                 0                 0                   0                 0                0                 0                0                  0                 0                 0                0               0                   0                 0                0                   0                   0                  0                  0                 0                       0
   1:45              PM                 0                 0                   0                 0                0                 0                0                  0                 0                 0                0               0                   0                 0                0                   0                   0                  0                  0                 0                       0
   2:00              PM                 0                 0                   0                 0                0                 0                0                  0                 0                 0                0               0                   0                 0                0                   0                   0                  0                  0                 0                       0
   2:15              PM                 0                 0                   0                 0                0                 0                0                  0                 0                 0                0               0                   0                 0                0                   0                   0                  0                  0                 0                       0
   2:30              PM                 0                 0                   0                 0                0                 0                0                  0                 0                 0                0               0                   0                 0                0                   0                   0                  0                  0                 0                       0
   2:45              PM                 0                 0                   0                 0                0                 0                0                  0                 0                 0                0               0                   0                 0                0                   0                   0                  0                  0                 0                       0
   3:00              PM                 0                 0                   0                 0                0                 0                0                  0                 0                 0                0               0                   0                 0                0                   0                   0                  0                  0                 0                       0
   3:15              PM                 0                 0                   0                 0                0                 0                0                  0                 0                 0                0               0                   0                 0                0                   0                   0                  0                  0                 0                       0
   3:30              PM                 0                 0                   0                 0                0                 0                0                  0                 0                 0                0               0                   0                 0                0                   0                   0                  0                  0                 0                       0
   3:45              PM                 0                 0                   0                 0                0                 0                0                  0                 0                 0                0               0                   0                 0                0                   0                   0                  0                  0                 0                       0
   4:00              PM                 0                 0                   0                 0                0                 0                0                  0                 0                 0                0               0                   0                 0                0                   0                   0                  0                  0                 0                       0
   4:15              PM                 0                 0                   0                 0                0                 0                0                  0                 0                 0                0               0                   0                 0                0                   0                   0                  0                  0                 0                       0
   4:30              PM                 0                 0                   0                 0                0                 0                0                  0                 0                 0                0               0                   0                 0                0                   0                   0                  0                  0                 0                       0
   4:45              PM                 0                 0                   0                 0                0                 0                0                  0                 0                 0                0               0                   0                 0                0                   0                   0                  0                  0                 0                       0
   5:00              PM                 0                 0                   0                 0                0                 0                0                  0                 0                 0                0               0                   0                 0                0                   0                   0                  0                  0                 0                       0
   5:15              PM                 0                 1                   0                 0                1                 0                0                  0                 0                 0                0               0                   0                 0                0                   0                   0                  0                  0                 0                       1
   5:30              PM                 0                 0                   0                 0                0                 0                0                  0                 0                 0                0               0                   0                 0                0                   0                   0                  0                  0                 0                       0
   5:45              PM                 0                 0                   0                 0                0                 1                0                  0                 0                 1                0               0                   0                 0                0                   0                   0                  0                  0                 0                       1
   6:00              PM                 0                 0                   0                 0                0                 0                0                  0                 0                 0                0               0                   0                 0                0                   0                   0                  0                  0                 0                       0
   6:15              PM                 0                 0                   0                 0                0                 0                0                  0                 0                 0                0               0                   0                 0                0                   0                   0                  0                  0                 0                       0
         Total                          0                 3                   0                 0                3                 1                4                  0                 0                 5                0               0                   1                 0                1                   2                   0                  0                  0                 2                      11
      App             %              0.0          100.0                   0.0               0.0                               20.0             80.0                 0.0               0.0                                0.0              0.0           100.0                 0.0                               100.0                   0.0                0.0               0.0
     Total              %            0.0            27.3                  0.0               0.0             27.3                9.1            36.4                 0.0               0.0             45.5               0.0              0.0               9.1               0.0               9.1               18.2                  0.0                0.0               0.0             18.2
   INT            ID                                      ROAD 1                                                                       ROAD 2                                                                      ROAD 3                                                        ROAD 4                                     COMMUNITY                                                       TMC DATE
         67                            46TH STREET                                              SE                          B STREET                                  SE                          BASS                     PLACE SE                                                                                                                 -                                        7/26/2012
