                                                                               Turning                                      Movement                                                     Count                                Report                                   -      Cars                         &           Trucks
   INT            ID                                   ROAD 1                                                                                           ROAD 2                                                                       ROAD 3                                  ROAD 4                                      COMMUNITY                                                          TMC DATE
         74                            7TH STREET                                          NE                               FRANKLIN STREET                                                             NE                                                                                                                                       -                                           4/24/2015
                              CARS
                              NB                                                                                        EB                                                                                         SB                                                                                          WB
        Start                  Left           Thru               Right               Ped                  NB              Left           Thru               Right               Ped                 EB               Left            Thru              Right                Ped                 SB               Left             Thru               Right                Ped                WB                 Interval
      Time                                                                                            Total                                                                                      Total                                                                                       Total                                                                                        Total                     Total
 7:00             AM                1             55                    4                 1               60                  9                8                  4                  1               21                19             152                   12                  9              183                   4                  5                13                   2                22                     286
 7:15             AM                0             48                    3                 3               51                12               14                   8                  3               34                31             132                   28                  5              191                   5                  5                12                   0                22                     298
 7:30             AM                4             94                    3                 2             101                 17               16                   3                  0               36                37             139                   31                19               207                   3                  6                24                   0                33                     377
 7:45             AM                5             90                    8                 0             103                 28               25                   4                11                57                49             187                   52                30               288                   6                  7                15                   2                28                     476
 8:00             AM                0             59                    5                 0               64                38               24                   7                10                69                51             206                   24                  9              281                   2                  8                23                   0                33                     447
 8:15             AM                6             84                    1                 4               91                11               26                   2                  0               39                47             161                   23                12               231                   6                12                 27                   4                45                     406
 8:30             AM                0             74                    3                 0               77                22                 8                  2                  1               32                33             164                   24                24               221                   1                  7                16                   5                24                     354
 8:45             AM                0             38                    1                 0               39                11                 9                  4                  0               24                25             120                   15                18               160                   0                  3                36                   2                39                     262
 9:00             AM                0               7                   0                 0                 7               12               11                   3                  1               26                14             129                   13                  8              156                   0                17                 62                   1                79                     268
 9:15             AM                0               7                   0                 0                 7                 8                7                  1                  1               16                13             142                     8               12               163                   1                  8                50                   5                59                     245
 4:00             PM                2             87                    3                 0               92                13               18                   2                  5               33                  8              92                    4                 5              104                   3                14                 41                  11                58                     287
 4:15             PM                1             82                    0                 3               83                  7                7                  2                  5               16                  6              70                  16                  7                92                  6                13                 37                   6                56                     247
 4:30             PM                0             54                    0                 1               54                  5              11                   3                  3               19                17               62                  11                  1                90                  0                21                 41                   3                62                     225
 4:45             PM                5             82                    1                 0               88                  6              10                   2                  1               18                11               83                    8                11              102                   2                17                 34                   2                53                     261
 5:00             PM                5           102                     1                 0             108                 10               11                   2                  2               23                  6              93                  13                  8              112                   3                14                 41                   1                58                     301
 5:15             PM                1            117                    1                 1             119                   8                6                  6                  2               20                19               92                  12                  8              123                   1                23                 43                   8                67                     329
 5:30             PM                2             92                    1                 0               95                  2              15                   1                  3               18                18             112                     8               32               138                   2                19                 32                 10                 53                     304
 5:45             PM                5            111                    1                 0             117                   7                9                  6                  5               22                18             101                   21                15               140                   3                25                 39                   5                67                     346
 6:00             PM                2           108                     1                 1              111                  6              16                   0                  2               22                11               96                  14                14               121                   2                  8                23                   4                33                     287
 6:15             PM                5           103                     7                 2             115                   7                7                  2                  0               16                18             106                   17                17               141                   4                  7                38                  11                49                     321
       Total                     44           1494                   44                 18            1582                239              258                  64                 56              561               451            2439                 354                264              3244                  54               239                647                  82              940                     6327
    App             %            2.8           94.4                  2.8               1.1                               42.6             46.0               11.4              10.0                                13.9              75.2                10.9                 8.1                                 5.7             25.4                68.8                 8.7
   Total              %          0.7           23.6                  0.7               0.3             25.0                3.8              4.1                1.0               0.9               8.9               7.1             38.5                  5.6                4.2            51.3                 0.9               3.8               10.2                 1.3              14.9
   INT            ID                                   ROAD 1                                                                                           ROAD 2                                                                       ROAD 3                                  ROAD 4                                      COMMUNITY                                                          TMC DATE
         74                            7TH STREET                                          NE                               FRANKLIN STREET                                                             NE                                                                                                                                       -                                           4/24/2015
                              TRUCKS
                              NB                                                                                        EB                                                                                         SB                                                                                          WB
        Start                  Left           Thru               Right               Ped                  NB              Left           Thru               Right               Ped                 EB               Left            Thru              Right                Ped                 SB                Left             Thru               Right                Ped                WB                 Interval
      Time                                                                                            Total                                                                                      Total                                                                                       Total                                                                                         Total                     Total
 7:00             AM                0               0                   1                 0                 1                 0                2                  0                  0                 2                 1                2                   1                 0                  4                  2                  1                  2                  0                  5                      12
 7:15             AM                0               0                   0                 0                 0                 0                1                  0                  0                 1                 4                0                   1                 0                  5                  1                  0                  0                  0                  1                         7
 7:30             AM                0               1                   1                 0                 2                 0                1                  0                  0                 1                 0                2                   0                 0                  2                  0                  1                  1                  0                  2                         7
 7:45             AM                0               2                   0                 0                 2                 0                1                  0                  0                 1                 0                2                   1                 0                  3                  3                  1                  0                  0                  4                      10
 8:00             AM                0               2                   1                 0                 3                 0                2                  0                  0                 2                 0                5                   0                 0                  5                  0                  2                  1                  0                  3                      13
 8:15             AM                1               7                   3                 0               11                  2                3                  1                  0                 6                 5                5                   0                 0                10                   1                  0                  3                  0                  4                      31
 8:30             AM                0             14                    0                 0               14                  2                2                  0                  0                 4                 3                9                   1                 0                13                   2                  2                  1                  0                  5                      36
 8:45             AM                0               4                   0                 0                 4                 1                2                  0                  0                 3                 1                8                   3                 0                12                   1                  1                  2                  0                  4                      23
 9:00             AM                0               1                   0                 0                 1                 0                2                  1                  0                 3                 0                8                   2                 0                10                   2                  1                  5                  0                  8                      22
 9:15             AM                0               0                   0                 0                 0                 1                2                  0                  0                 3                 0                8                   1                 0                  9                  0                  1                  5                  0                  6                      18
 4:00             PM                0               4                   0                 0                 4                 0                0                  0                  0                 0                 0                5                   0                 0                  5                  1                  2                  0                  0                  3                      12
 4:15             PM                0               3                   0                 0                 3                 0                0                  0                  0                 0                 0                1                   0                 0                  1                  1                  1                  0                  0                  2                         6
 4:30             PM                0               1                   0                 0                 1                 0                3                  0                  0                 3                 0                1                   0                 0                  1                  0                  0                  1                  0                  1                         6
 4:45             PM                0               3                   1                 0                 4                 0                0                  0                  0                 0                 0                2                   0                 0                  2                  1                  3                  0                  0                  4                      10
 5:00             PM                0               6                   0                 0                 6                 0                1                  0                  0                 1                 0                4                   0                 0                  4                  1                  1                  0                  0                  2                      13
 5:15             PM                0               3                   1                 0                 4                 0                0                  0                  0                 0                 0                5                   0                 0                  5                  1                  0                  0                  0                  1                      10
 5:30             PM                1               9                   1                 0               11                  0                1                  0                  0                 1                 0                3                   1                 0                  4                  1                  1                  1                  0                  3                      19
 5:45             PM                0               3                   1                 0                 4                 0                1                  0                  0                 1                 0                1                   0                 0                  1                  0                  0                  0                  0                  0                         6
 6:00             PM                0               2                   0                 0                 2                 0                0                  0                  0                 0                 0                1                   1                 1                  2                  1                  3                  0                  0                  4                         8
 6:15             PM                0               4                   1                 0                 5                 0                3                  0                  0                 3                 0                4                   0                 0                  4                  1                  2                  0                  0                  3                      15
       Total                        2             69                  11                  0               82                  6              27                   2                  0               35                14               76                  12                  1              102                  20                 23                 22                   0               65                      284
    App             %            2.4           84.1                13.4                0.0                               17.1             77.1                 5.7               0.0                               13.7              74.5                11.8                1.0                                 30.8              35.4                33.8                 0.0
   Total              %          0.7           24.3                  3.9               0.0             28.9                2.1              9.5                0.7               0.0             12.3                4.9             26.8                  4.2               0.4             35.9                  7.0               8.1                 7.7                0.0              22.9
   INT            ID                                   ROAD 1                                                                                           ROAD 2                                                                       ROAD 3                                  ROAD 4                                      COMMUNITY                                                          TMC DATE
         74                            7TH STREET                                          NE                               FRANKLIN STREET                                                             NE                                                                                                                                       -                                           4/24/2015
