                                                                               Turning                                      Movement                                                     Count                                Report                                   -      Cars                         &           Trucks
    INT            ID                                             ROAD 1                                                                                    ROAD 2                                                      ROAD 3                                     ROAD 4                                          COMMUNITY                                                             TMC DATE
          76                                  14TH STREET                                              NW                                      K STREET                                  NW                                                                                                                                                -                                              4/23/2015
                              CARS
                              NB                                                                                        EB                                                                                          SB                                                                                          WB
       Start                  Left           Thru              Right                 Ped                 NB               Left           Thru              Right                 Ped                 EB              Left           Thru              Right                 Ped                  SB               Left            Thru               Right                Ped                  WB                Interval
      Time                                                                                            Total                                                                                      Total                                                                                       Total                                                                                          Total                    Total
7:00             AM                0           102                  11                 40               113                 38            151                     3                19              192                   0           103                     8                78                111                   1              80                    7                 29                 88                     504
7:15             AM                0           124                  14                 53               138                 40            122                     8                48              170                   0            113                  17               105                130                    2            109                   11                  38               122                      560
7:30             AM                0           102                  11                 70               113                 31              94                    7                52              132                   0            112                    7                96                119                   4             117                  13                  37               134                      498
7:45             AM                0           109                  15                119               124                 27            102                     3                82              132                   0            114                  21               164                135                    1            107                   14                  72               122                      513
8:00             AM                0           120                  34               105                154                 34             111                    4                66              149                   0           122                   25               185                147                    3            135                   22                  66               160                      610
8:15             AM                0            119                    7             185                126                 45            128                     5             100                178                   0           104                   21               198                125                    1            156                   14                  91               171                      600
8:30             AM                0           133                  32               177                165                 48            146                     4                62              198                   0            115                  21               273                136                    2            139                   21                144                162                      661
8:45             AM                0           144                  24               204                168                 40            164                   14                 62              218                   0           142                   21               247                163                    3            131                   18                112                152                      701
9:00             AM                0           103                  16               152                119                 17            150                     7                44              174                   0           121                   28               263                149                    4             117                  14                  97               135                      577
9:15             AM                0           125                  21               228                146                 10            126                     5             152                141                   0           142                   25               144                167                    2              92                  10                100                104                      558
4:00             PM                0           162                     8               79               170                 33            122                   30                 62              185                   0           170                   49                 79               219                    2            156                   13                  38               171                      745
4:15             PM                0           172                     2               77               174                 29            146                   12                 89              187                   0           156                   55               125                 211                   2            139                   22                  49               163                      735
4:30             PM                0           200                     2               59               202                 22            125                   23                 79              170                   0           159                   54               216                213                    4            184                   11                114                199                      784
4:45             PM                0           164                     4               56               168                 15            103                   25                 62              143                   0           134                   26               232                160                    4            149                     3                 70               156                      627
5:00             PM                0           150                     0             193                150                 11            166                   31                 60              208                   0           108                   24               268                132                    3            133                     7               126                143                      633
5:15             PM                0           162                     0             134                162                   0           173                   15                 52              188                   0           139                   46               148                185                    3            174                     8                 90               185                      720
5:30             PM                0           148                     0             219                148                   4           131                     3                64              138                   0           101                   30               157                131                    0            127                   36                127                163                      580
5:45             PM                0             92                    2             186                  94                16              93                  25                 80              134                   0             93                  33               168                126                    5            123                   21                  76               149                      503
6:00             PM                0           106                     1             241                107                 18            127                   24                 97              169                   0           144                   25               212                169                    6            171                   21                  77               198                      643
6:15             PM                0           128                     0              113               128                 10              99                    8                52               117                  0           165                   31               101                196                    2            133                   17                  91               152                      593
      Total                        0         2665                 204              2690               2869                488           2579                  256             1384               3323                    0         2557                 567               3459               3124                   54           2672                  303               1644               3029                  12345
    App            %            0.0           92.9                 7.1              93.8                                14.7              77.6                7.7               41.6                                  0.0           81.9               18.1              110.7                                     1.8            88.2                10.0               54.3
  Total              %          0.0           21.6                 1.7              21.8               23.2               4.0             20.9                2.1               11.2              26.9                0.0           20.7                 4.6               28.0                25.3                0.4            21.6                  2.5              13.3                24.5
    INT            ID                                             ROAD 1                                                                                    ROAD 2                                                      ROAD 3                                     ROAD 4                                          COMMUNITY                                                             TMC DATE
          76                                  14TH STREET                                              NW                                      K STREET                                  NW                                                                                                                                                -                                              4/23/2015
                               TRUCKS
                               NB                                                                                        EB                                                                                         SB                                                                                         WB
        Start                   Left           Thru               Right               Ped                 NB              Left            Thru               Right               Ped                 EB              Left            Thru              Right                Ped                 SB                Left             Thru               Right                Ped                WB                 Interval
       Time                                                                                            Total                                                                                     Total                                                                                       Total                                                                                         Total                     Total
 7:00             AM                0              18                   0                  0               18                 0                 9                  0                  0                 9                0              13                    6                 0                19                   2                10                   0                  0               12                        58
 7:15             AM                0              16                   0                  0               16                 2              10                    0                  0               12                 0                8                   6                 0                14                   1                  6                  0                  0                  7                      49
 7:30             AM                0              20                   0                  0               20                 1              11                    1                  0               13                 0              18                    6                 0                24                   0                  3                  1                  0                  4                      61
 7:45             AM                0              13                   1                  0               14                 0                 8                  1                  0                 9                0              11                    6                 0                17                   1                10                   0                  0                11                       51
 8:00             AM                0              13                   2                  0               15                 0              10                    1                  0               11                 0              16                    6                 0                22                   3                  6                  2                  0                11                       59
 8:15             AM                0              15                   4                  0               19                 1              12                    0                  0               13                 0              10                    3                 0                13                   1                  9                  0                  0               10                        55
 8:30             AM                0              17                   0                  0               17                 4                 7                  2                  0               13                 0              15                    7                 0                22                   1                  9                  1                  0                11                       63
 8:45             AM                0              13                   2                  0               15                 1              12                    3                  0               16                 0              19                    4                 0                23                   2                11                   1                  0               14                        68
 9:00             AM                0              17                   0                  0               17                 0              14                    1                  0               15                 0              17                    3                 0                20                   0                10                   0                  0               10                        62
 9:15             AM                0              14                   0                  0               14                 0              16                    3                  0               19                 0              16                  10                  0                26                   1                  7                  2                  0               10                        69
 4:00             PM                0                7                  0                  0                 7                0                 5                  0                  0                 5                0              19                    1                 0                20                   2                  3                  1                  0                  6                      38
 4:15             PM                0                8                  0                  0                 8                0                 5                  0                  0                 5                0              10                    1                 0                11                   1                  8                  0                  0                  9                      33
 4:30             PM                0                4                  0                  0                 4                0                 5                  2                  0                 7                0                7                   3                 0                10                   2                  8                  1                  0                11                       32
 4:45             PM                0                6                  0                  0                 6                1                 8                  2                  0               11                 0              29                    1                 0                30                   0                  9                  0                  0                  9                      56
 5:00             PM                0                0                  0                  0                 0                0                 3                  0                  0                 3                0              16                    0                 0                16                   1                  2                  0                  0                  3                      22
 5:15             PM                0                7                  0                  0                 7                2              10                    0                  0               12                 0              24                    0                 0                24                   2                  9                  0                  0                11                       54
 5:30             PM                0                6                  0                  0                 6                1                 5                  0                  0                 6                0              23                    1                 0                24                   1                  5                  0                  3                  6                      42
 5:45             PM                0                6                  0                  0                 6                0                 5                  0                  0                 5                0              12                    0                 0                12                   0                  7                  2                  0                  9                      32
 6:00             PM                0                3                  0                  0                 3                0                 3                  0                  0                 3                0              13                    1                 0                14                   1                  4                  0                  0                  5                      25
 6:15             PM                0                6                  0                  0                 6                1                 4                  1                  0                 6                0              16                    1                 0                17                   0                  3                  0                  0                  3                      32
       Total                        0            209                    9                  0             218                14             162                   17                   0            193                   0            312                   66                  0              378                  22              139                    11                  3             172                       961
     App            %            0.0            95.9                 4.1               0.0                                 7.3            83.9                  8.8               0.0                                 0.0            82.5                17.5                0.0                                 12.8              80.8                  6.4                1.7
   Total              %          0.0            21.7                 0.9               0.0             22.7                1.5            16.9                  1.8               0.0             20.1                0.0            32.5                  6.9               0.0             39.3                  2.3             14.5                  1.1                0.3              17.9
    INT            ID                                             ROAD 1                                                                                    ROAD 2                                                      ROAD 3                                     ROAD 4                                          COMMUNITY                                                             TMC DATE
          76                                  14TH STREET                                              NW                                      K STREET                                  NW                                                                                                                                                -                                              4/23/2015
