                                                                               Turning                                      Movement                                                     Count                                Report                                   -      Cars                         &           Trucks
   INT            ID                                        ROAD 1                                                                                            ROAD 2                                                                 ROAD 3                                  ROAD 4                                      COMMUNITY                                                          TMC DATE
         77                             14TH STREET                                              NW                                    IRVING STREET                                                  NW                                                                                                                                         -                                           4/16/2015
                              CARS
                              NB                                                                                          EB                                                                                           SB                                                                                         WB
       Start                  Left           Thru              Right                 Ped                   NB              Left           Thru              Right                 Ped                   EB              Left           Thru              Right                 Ped                 SB               Left            Thru              Right                Ped                  WB               Interval
      Time                                                                                             Total                                                                                        Total                                                                                      Total                                                                                         Total                   Total
7:00             AM                0            43                    5                 89                 48                  9             63                  17                  70                 89                12               82                   0                22                 94                  0                0                   0               50                    0                   231
7:15             AM                0            47                    7                 82                 54                  6             65                  11                111                  82                  7              92                   0                42                 99                  0                0                   0               60                    0                   235
7:30             AM                0            51                    4                 99                 55                10              81                    6               118                  97                  5            111                    0                47               116                   0                0                   0               86                    0                   268
7:45             AM                0            48                    8                 76                 56                  9             64                  12                125                  85                  8            107                    0                66               115                   0                0                   0               74                    0                   256
8:00             AM                0            51                    6                 96                 57                  8             47                  15                158                  70                  8            111                    0                38               119                   0                0                   0               85                    0                   246
8:15             AM                0            38                    8                 86                 46                11              52                  16                162                  79                  9              98                   0                75              107                    0                0                   0               88                    0                   232
8:30             AM                0            40                    6                 90                 46                  9             44                  10                155                  63                  5              83                   0                35                 88                  0                0                   0               90                    0                   197
8:45             AM                0            42                    6                 53                 48                12              55                  15                148                  82                  7              81                   0                46                 88                  0                0                   0               59                    0                   218
9:00             AM                0            44                    9                 59                 53                12              59                  21                155                  92                11               80                   0                50                 91                  0                0                   0               49                    0                   236
9:15             AM                0            63                    6                 46                 69                10              57                  12                143                  79                  5              86                   0                43                 91                  0                0                   0               46                    0                   239
4:00             PM                0            67                    4                 98                 71                17              77                  11                207                105                   8              44                   0                79                 52                  0                0                   0               27                    0                   228
4:15             PM                0            73                  10                  99                 83                21              70                  15                207                106                 15               52                   0                95                 67                  0                0                   0               91                    0                   256
4:30             PM                0            61                  11                145                  72                26              87                  31                260                144                   6              55                   0              109                  61                  0                0                   0             136                     0                   277
4:45             PM                0            60                  11                116                  71                16              85                  17                212                 118                15               57                   0              130                  72                  0                0                   0             136                     0                   261
5:00             PM                0            75                  10                152                  85                20              88                  21                234                129                 18               69                   0              106                  87                  0                0                   0              115                    0                   301
5:15             PM                0            80                  10                138                  90                19            105                   13                211                137                 16               47                   0                88                 63                  0                0                   0               89                    0                   290
5:30             PM                0            85                    9               123                  94                16              85                  23                232                124                 17               60                   0              121                  77                  0                0                   0             166                     0                   295
5:45             PM                0            89                  10                107                  99                21              72                  20                279                 113                11               68                   0              132                  79                  0                0                   0              112                    0                   291
6:00             PM                0            99                  10                127                109                 25              79                  18                202                122                 11               34                   0                99                 45                  0                0                   0             125                     0                   276
6:15             PM                0          107                   19                139                126                 17              86                  23                185                126                 16               57                   0              116                  73                  0                0                   0             134                     0                   325
      Total                        0        1263                  169               2020               1432               294            1421                 327               3574                2042                210           1474                      0            1539              1684                     0                0                   0           1818                      0                 5158
    App            %           0.0           88.2                11.8             141.1                                   14.4            69.6               16.0              175.0                                   12.5             87.5                 0.0              91.4                                   0.0               0.0               0.0                 0.0
  Total              %         0.0           24.5                 3.3               39.2                27.8                5.7           27.5                 6.3               69.3                39.6                4.1            28.6                 0.0              29.8               32.6                0.0               0.0               0.0               35.2                0.0
   INT            ID                                        ROAD 1                                                                                            ROAD 2                                                                 ROAD 3                                  ROAD 4                                      COMMUNITY                                                          TMC DATE
         77                             14TH STREET                                              NW                                    IRVING STREET                                                  NW                                                                                                                                         -                                           4/16/2015
                                        TRUCKS
                                        NB                                                                                                                 EB                                                                                                                   SB
            Start                          Left                Thru                    Right                    Ped                      NB                   Left                Thru                    Right                     Ped                       EB                   Left                 Thru                    Right                     Ped                       SB                       Interval
           Time                                                                                                                      Total                                                                                                                Total                                                                                                                 Total                            Total
     7:00             AM                       0                    4                         2                      0                      6                     0                     3                        2                       0                      5                      4                   10                          0                       0                    14                               25
     7:15             AM                       0                   11                         1                      0                   12                       1                     3                        1                       0                      5                      4                   14                          0                       0                    18                               35
     7:30             AM                       0                   11                         6                      0                   17                       0                     2                        1                       0                      3                      3                      9                        0                       0                    12                               32
     7:45             AM                       0                    9                         1                      0                   10                       1                     4                        2                       0                      7                      4                      7                        0                       0                     11                              28
     8:00             AM                       0                    7                         1                      0                      8                     0                     4                        1                       0                      5                      5                      6                        0                       0                     11                              24
     8:15             AM                       0                  17                          1                      0                   18                       1                     5                        2                       0                      8                      4                      5                        0                       0                      9                              35
     8:30             AM                       0                   11                         4                      0                   15                       2                     4                        1                       0                      7                      2                      8                        0                       0                    10                               32
     8:45             AM                       0                  18                          2                      0                   20                       2                     8                        2                       0                    12                       6                   13                          0                       0                    19                               51
     9:00             AM                       0                  16                          2                      0                   18                       1                     3                        2                       0                      6                      2                   12                          0                       0                    14                               38
     9:15             AM                       0                  20                          3                      0                   23                       1                     7                        1                       0                      9                      3                      8                        0                       0                     11                              43
     4:00             PM                       0                    8                         1                      0                      9                     0                     5                        1                       0                      6                      4                      3                        0                       0                      7                              22
     4:15             PM                       0                  10                          4                      0                   14                       0                     3                        2                       0                      5                      4                      5                        1                       0                    10                               29
     4:30             PM                       0                  10                          5                      0                   15                       0                     8                        1                       0                      9                      1                      6                        0                       0                      7                              31
     4:45             PM                       0                    6                         5                      0                    11                      0                     4                        1                       0                      5                      2                      3                        0                       0                      5                              21
     5:00             PM                       0                  14                          4                      0                   18                       0                     6                        2                       0                      8                      0                      7                        0                       0                      7                              33
     5:15             PM                       0                    6                         5                      0                    11                      2                     5                        2                       0                      9                      0                      2                        0                       0                      2                              22
     5:30             PM                       0                    9                         5                      0                   14                       1                     5                        1                       0                      7                      1                      4                        0                       0                      5                              26
     5:45             PM                       0                    5                         3                      0                      8                     0                     6                        1                       0                      7                      0                      9                        0                       0                      9                              24
     6:00             PM                       0                    8                         3                      0                    11                      1                     4                        2                       0                      7                      2                      6                        0                       0                      8                              26
     6:15             PM                       0                    3                         3                      0                      6                     0                     7                        1                       0                      8                      0                      2                        0                       0                      2                              16
           Total                               0                203                        61                        0                 264                      13                   96                        29                        0                  138                      51                  139                           1                       0                  191                              593
         App            %                   0.0                76.9                      23.1                     0.0                                          9.4                 69.6                     21.0                      0.0                                         26.7                   72.8                       0.5                     0.0
       Total              %                 0.0                34.2                      10.3                     0.0                  44.5                    2.2                 16.2                       4.9                     0.0                  23.3                     8.6                  23.4                       0.2                     0.0                  32.2
   INT            ID                                        ROAD 1                                                                                            ROAD 2                                                                 ROAD 3                                  ROAD 4                                      COMMUNITY                                                          TMC DATE
         77                             14TH STREET                                              NW                                    IRVING STREET                                                  NW                                                                                                                                         -                                           4/16/2015
