                                                                               Turning                                      Movement                                                     Count                                Report                                   -      Cars                         &           Trucks
   INT            ID                                      ROAD 1                                                                                               ROAD 2                                                                     ROAD 3                                  ROAD 4                                    COMMUNITY                                                       TMC DATE
         78                           14TH STREET                                              NW                                  COLUMBIA ROAD NW                                                                                                                                                                                                 -                                          4/8/2015
                              CARS
                              NB                                                                                        EB                                                                                          SB                                                                                        WB
        Start                   Left           Thru              Right               Ped                 NB              Left           Thru              Right                 Ped                  EB              Left           Thru               Right               Ped                 SB               Left              Thru              Right                 Ped                  WB                Interval
      Time                                                                                           Total                                                                                       Total                                                                                     Total                                                                                            Total                    Total
 7:00             AM                3              68                   0               11               71                  0               0                   0                37                    0                0             88                  12                 11             100                  16                 52                 10                   22                 78                     249
 7:15             AM                3              75                   0                 7              78                  0               0                   0                21                    0                0             44                  12                 22                56                  9                42                    2                 36                 53                     187
 7:30             AM              11               77                   0               19               88                  0               0                   0                47                    0                0            119                  20                 22             139                  13                 53                    3                 84                 69                     296
 7:45             AM                7              67                   0               37               74                  0               0                   0                52                    0                0           104                   20                 55             124                  13                 61                 15                106                   89                     287
 8:00             AM              11               56                   0               55               67                  0               0                   0                81                    0                0            113                  13                 51             126                  19                 42                  11               126                   72                     265
 8:15             AM              12               69                   0               33               81                  0               0                   0                67                    0                0           123                   15                 50             138                  21                 40                  11               112                   72                     291
 8:30             AM                5              63                   0               42               68                  0               0                   0                59                    0                0           135                   29                 50             164                  39                 55                 12                101                 106                      338
 8:45             AM                9              43                   0               21               52                  0               0                   0                46                    0                0           109                   13                 43             122                  26                 48                    7                 92                 81                     255
 9:00             AM                6              62                   0               20               68                  0               0                   0                39                    0                0             99                  17                 28             116                  26                 57                 14                   80                 97                     281
 9:15             AM                5              41                   0                 7              46                  0               0                   0                42                    0                0            112                  15                 23             127                  28                 52                 14                   61                 94                     267
 4:00             PM              16               86                   0               68             102                   0               0                   0              215                     0                0             76                  24                 74             100                  21                 79                 13                   83               113                      315
 4:15             PM              11               84                   0               64               95                  0               0                   0              139                     0                0             86                  17                 59             103                  20                 76                 17                   61               113                      311
 4:30             PM              15               96                   0               31              111                  0               0                   0              187                     0                0             74                  21                 56                95                21                 90                    6                 61               117                      323
 4:45             PM              13               83                   0               25               96                  0               0                   0              126                     0                0             69                  16                 50                85                24                 82                 16                   65               122                      303
 5:00             PM                9              80                   0               45               89                  0               0                   0              135                     0                0             82                  16                 43                98                29                 82                 10                   75               121                      308
 5:15             PM              12               73                   0               23               85                  0               0                   0              140                     0                0             70                  15                 37                85                20                 84                 18                   87               122                      292
 5:30             PM              14               64                   0               35               78                  0               0                   0              163                     0                0             82                  15                 45                97                23                 76                 26                   91               125                      300
 5:45             PM              20               91                   0               37              111                  0               0                   0              169                     0                0             96                  18                 46             114                  34                 68                    6                 79               108                      333
 6:00             PM              23             101                    0               18             124                   0               0                   0              120                     0                0             85                  10                 46                95                27                 89                 24                   98               140                      359
 6:15             PM              15             114                    0               24             129                   0               0                   0              133                     0                0           106                   23                 43             129                  25                 85                 15                   78               125                      383
       Total                    220           1493                      0             622            1713                    0               0                   0            2018                      0                0         1872                  341               854             2213                 454              1313                 250               1598                2017                     5943
    App             %          12.8             87.2                 0.0             36.3                                 0.0              0.0                0.0                0.0                                  0.0            84.6               15.4              38.6                                 22.5              65.1                 12.4               79.2
   Total              %          3.7            25.1                 0.0             10.5              28.8               0.0              0.0                0.0              34.0                 0.0               0.0            31.5                 5.7             14.4              37.2                  7.6            22.1                   4.2              26.9               33.9
   INT            ID                                      ROAD 1                                                                                               ROAD 2                                                                     ROAD 3                                  ROAD 4                                    COMMUNITY                                                       TMC DATE
         78                           14TH STREET                                              NW                                  COLUMBIA ROAD NW                                                                                                                                                                                                 -                                          4/8/2015
                                       TRUCKS
                                       NB                                                                                                                 SB                                                                                                                  WB
            Start                         Left                Thru                    Right                    Ped                     NB                   Left                Thru                     Right                     Ped                      SB                     Left                  Thru                    Right                     Ped                      WB                       Interval
          Time                                                                                                                      Total                                                                                                               Total                                                                                                                    Total                           Total
     7:00             AM                      0                     2                       0                       0                     2                      0                  16                         1                       1                     17                        0                      1                         0                      0                       1                             20
     7:15             AM                      0                     1                       0                       0                     1                      0                  14                         3                       0                     17                        0                      3                         3                      0                       6                             24
     7:30             AM                      0                     0                       0                       0                     0                      0                    9                        7                       0                     16                        1                      4                         4                      0                       9                             25
     7:45             AM                      0                     2                       1                       0                     3                      0                  18                         5                       0                     23                        5                    10                          7                      0                     22                              48
     8:00             AM                      1                     0                       0                       0                     1                      0                  18                         5                       0                     23                        2                      6                         4                      0                     12                              36
     8:15             AM                      0                     1                       0                       0                     1                      0                   11                        8                       0                     19                        5                    10                          4                      0                     19                              39
     8:30             AM                      0                     1                       0                       0                     1                      0                  17                         5                       0                     22                        2                      8                         7                      0                     17                              40
     8:45             AM                      0                     1                       0                       0                     1                      0                  19                         4                       0                     23                        5                      5                         8                      0                     18                              42
     9:00             AM                      0                     1                       0                       0                     1                      0                   11                        2                       0                     13                        2                    10                          6                      0                     18                              32
     9:15             AM                      0                     0                       0                       0                     0                      0                    6                        3                       0                       9                       2                      4                         4                      0                     10                              19
     4:00             PM                      0                     2                       0                       0                     2                      0                    1                        1                       0                       2                       0                      1                         4                      0                       5                               9
     4:15             PM                      0                     6                       0                       0                     6                      0                    2                        2                       0                       4                       1                      7                         5                      0                     13                              23
     4:30             PM                      0                     3                       0                       0                     3                      0                    5                        1                       0                       6                       0                      1                         5                      0                       6                             15
     4:45             PM                      0                     1                       0                       0                     1                      0                    6                        2                       0                       8                       1                      2                         6                      0                       9                             18
     5:00             PM                      0                     4                       0                       0                     4                      0                    6                        1                       0                       7                       0                      2                         7                      0                       9                             20
     5:15             PM                      0                     4                       0                       0                     4                      0                    5                        1                       0                       6                       1                      1                         5                      0                       7                             17
     5:30             PM                      0                     1                       0                       0                     1                      0                    0                        0                       0                       0                       0                      2                         5                      0                       7                               8
     5:45             PM                      0                     1                       0                       0                     1                      0                    2                        4                       0                       6                       0                      2                         5                      0                       7                             14
     6:00             PM                      0                     4                       0                       0                     4                      0                    3                        1                       0                       4                       0                      3                         5                      0                       8                             16
     6:15             PM                      0                     6                       0                       0                     6                      0                    5                        3                       0                       8                       0                      0                         4                      0                       4                             18
           Total                              1                  41                         1                       0                   43                       0                174                        59                        1                   233                       27                     82                       98                        0                   207                             483
        App             %                  2.3                95.3                       2.3                    0.0                                           0.0                74.7                     25.3                      0.4                                           13.0                   39.6                      47.3                     0.0
       Total              %                0.2                  8.5                      0.2                    0.0                    8.9                    0.0                36.0                     12.2                      0.2                  48.2                       5.6                  17.0                      20.3                     0.0                  42.9
   INT            ID                                      ROAD 1                                                                                               ROAD 2                                                                     ROAD 3                                  ROAD 4                                    COMMUNITY                                                       TMC DATE
         78                           14TH STREET                                              NW                                  COLUMBIA ROAD NW                                                                                                                                                                                                 -                                          4/8/2015
