                                                                               Turning                                      Movement                                                     Count                                Report                                   -      Cars                         &           Trucks
    INT            ID                                              ROAD 1                                                                                  ROAD 2                                                      ROAD 3                                      ROAD 4                                          COMMUNITY                                                             TMC DATE
          79                                   14TH STREET                                              NW                                     F STREET                                NW                                                                                                                                                  -                                              4/15/2015
                              CARS
                              NB                                                                                        EB                                                                                          SB                                                                                         WB
       Start                  Left           Thru              Right                Ped                  NB             Left           Thru              Right                 Ped                   EB              Left           Thru              Right                Ped                 SB                Left            Thru               Right                  Ped                  WB               Interval
      Time                                                                                           Total                                                                                       Total                                                                                      Total                                                                                            Total                    Total
7:00             AM                0          232                   21                38               253                   1            19                    7                 22                 27                  0           123                     6               24               129                    0              15                    8                  53                   23                    432
7:15             AM                0          210                   24                34               234                   4            27                  13                  38                 44                  0           140                     6               35               146                    1              14                    8                  57                   23                    447
7:30             AM                0          247                   17                48               264                   2            19                    7                 27                 28                  0           136                     6               35               142                    1              22                    6                  69                   29                    463
7:45             AM                0          263                   23                51               286                   1            24                    9                 47                 34                  0           128                     5               47               133                    0              23                    9                  88                   32                    485
8:00             AM                0          254                   25                99               279                   4            17                    2                 74                 23                  0           140                   12                67               152                    1              20                  13                   98                   34                    488
8:15             AM                0          224                   22                87               246                   1            26                  26                  53                 53                  0           154                     8               62               162                    0              15                  14                129                     29                    490
8:30             AM                0          134                   24              176                158                   7            18                    9                 40                 34                  0           144                     7               49               151                    1              12                    8               121                     21                    364
8:45             AM                0            51                    7               65                 58                  5            19                    6                 68                 30                  0             93                  12                32               105                    1              12                    8               125                     21                    214
9:00             AM                0          145                   23              100                168                   1            31                  14                  68                 46                  0             96                  15                31                111                   0              35                  12                   95                   47                    372
9:15             AM                0          223                   49                85               272                   3            27                    8                 42                 38                  0            117                  13                49               130                    1              20                  13                   96                   34                    474
4:00             PM                0            51                867                 80               918                   0              5                   7                 14                 12                  0             57                    4               49                 61                   0                5                   1                  24                     6                   997
4:15             PM                0          156                   30                58               186                   0            37                  11                  53                 48                  0           178                     7               70               185                    1              36                  10                134                     47                    466
4:30             PM                0          181                   30                94                211                  1            25                  10                  83                 36                  0           193                   19                86               212                    2              37                  18                142                     57                    516
4:45             PM                0          166                   37                98               203                   3            30                    8                 67                 41                  0           187                     8               97               195                    2              35                  16                163                     53                    492
5:00             PM                0          175                   32              121                207                   2            31                  22                  97                 55                  0           181                   10              120                191                    0              38                  13                234                     51                    504
5:15             PM                0          179                   29              148                208                   1            32                  11                114                  44                  0           207                   14               119               221                    0              53                  11                204                     64                    537
5:30             PM                0          138                   28              107                166                   1            27                  18                104                  46                  0           176                   19                91               195                    1              42                    1               198                     44                    451
5:45             PM                0            54                  11              133                  65                  4            43                  22                129                  69                  0           159                   26                93               185                    1              48                    2               159                     51                    370
6:00             PM                0          159                   16              128                175                   7            47                  25                109                  79                  0           193                   26              100                219                    0              45                  13                201                     58                    531
6:15             PM                0          138                   27              230                165                   6            37                  16                109                  59                  0           220                   31              102                251                    0              51                  23                189                     74                    549
      Total                        0        3380               1342               1980               4722                 54            541                 251               1358                 846                   0         3022                 254              1358               3276                   13             578                 207               2579                   798                    9642
    App            %           0.0           71.6               28.4                41.9                                 6.4           63.9               29.7              160.5                                     0.0           92.2                 7.8              41.5                                    1.6            72.4                25.9               323.2
  Total              %         0.0           35.1               13.9                20.5              49.0               0.6              5.6               2.6               14.1                   8.8              0.0           31.3                 2.6              14.1               34.0                 0.1               6.0                2.1                26.7                  8.3
    INT            ID                                              ROAD 1                                                                                  ROAD 2                                                      ROAD 3                                      ROAD 4                                          COMMUNITY                                                             TMC DATE
          79                                   14TH STREET                                              NW                                     F STREET                                NW                                                                                                                                                  -                                              4/15/2015
                               TRUCKS
                               NB                                                                                        EB                                                                                         SB                                                                                         WB
        Start                   Left           Thru               Right               Ped                 NB              Left            Thru               Right               Ped                 EB              Left            Thru              Right                Ped                 SB               Left             Thru               Right                Ped                WB                 Interval
       Time                                                                                            Total                                                                                     Total                                                                                       Total                                                                                        Total                     Total
 7:00             AM                0              18                   1                  0               19                 0                 0                  0                  0                 0                1                9                   1                 0                11                  0                  0                  0                  0                  0                       30
 7:15             AM                0              19                   1                  0               20                 0                 0                  2                  0                 2                0              14                    1                 0                15                  1                  0                  1                  0                  2                       39
 7:30             AM                0              18                   3                  0               21                 0                 0                  0                  0                 0                1              11                    0                 0                12                  0                  0                  0                  0                  0                       33
 7:45             AM                0              17                   6                  0               23                 0                 0                  0                  0                 0                2              15                    1                 0                18                  0                  1                  0                  0                  1                       42
 8:00             AM                0              13                   5                  0               18                 0                 0                  0                  0                 0                1              12                    0                 0                13                  0                  0                  0                  0                  0                       31
 8:15             AM                0              15                   5                  0               20                 0                 0                  0                  0                 0                0                7                   0                 0                  7                 0                  0                  0                  0                  0                       27
 8:30             AM                0              11                   5                  0               16                 0                 0                  0                  0                 0                2              10                    0                 0                12                  0                  0                  0                  0                  0                       28
 8:45             AM                0                8                  2                  0               10                 0                 0                  0                  0                 0                1                2                   2                 0                  5                 0                  0                  0                  0                  0                       15
 9:00             AM                0              13                   3                  0               16                 0                 0                  0                  0                 0                0              17                    0                 0                17                  0                  0                  0                  0                  0                       33
 9:15             AM                0              15                   4                  0               19                 0                 2                  0                  0                 2                1              17                    1                 0                19                  0                  1                  0                  0                  1                       41
 4:00             PM                0                8                  0                  0                 8                0                 0                  0                  0                 0                0                9                   0                 0                  9                 0                  0                  0                  0                  0                       17
 4:15             PM                0                1                  0                  0                 1                0                 0                  0                  0                 0                0                2                   0                 0                  2                 0                  1                  1                  0                  2                         5
 4:30             PM                0                2                  0                  0                 2                0                 0                  0                  0                 0                0                0                   0                 0                  0                 0                  0                  1                  0                  1                         3
 4:45             PM                0                0                  0                  0                 0                0                 2                  0                  0                 2                0                0                   0                 0                  0                 0                  2                  0                  0                  2                         4
 5:00             PM                0                6                  0                  0                 6                0                 0                  0                  0                 0                0                1                   0                 0                  1                 0                  3                  0                  0                  3                       10
 5:15             PM                0                1                  0                  0                 1                0                 0                  0                  0                 0                0                0                   0                 0                  0                 0                  2                  2                  0                  4                         5
 5:30             PM                0                6                  1                  0                 7                0                 3                  0                  0                 3                0                0                   0                 0                  0                 0                  2                  0                  0                  2                       12
 5:45             PM                0                2                  0                  0                 2                0                 3                  0                  0                 3                0                1                   0                 0                  1                 0                  0                  1                  0                  1                         7
 6:00             PM                0                2                  0                  0                 2                0                 2                  0                  0                 2                0                2                   0                 0                  2                 0                  2                  0                  0                  2                         8
 6:15             PM                0                6                  0                  0                 6                0                 3                  0                  0                 3                0                2                   0                 0                  2                 0                  2                  0                  0                  2                       13
       Total                        0            181                  36                   0             217                  0              15                    2                  0               17                 9            131                     6                 0              146                   1                16                   6                  0                23                     403
     App            %            0.0            83.4               16.6                0.0                                 0.0            88.2                11.8                0.0                                 6.2            89.7                  4.1               0.0                                  4.3             69.6                26.1                 0.0
   Total              %          0.0            44.9                 8.9               0.0             53.8                0.0              3.7                 0.5               0.0               4.2               2.2            32.5                  1.5               0.0             36.2                 0.2               4.0                 1.5                0.0                5.7
    INT            ID                                              ROAD 1                                                                                  ROAD 2                                                      ROAD 3                                      ROAD 4                                          COMMUNITY                                                             TMC DATE
          79                                   14TH STREET                                              NW                                     F STREET                                NW                                                                                                                                                  -                                              4/15/2015
