                                                                               Turning                                      Movement                                                     Count                                Report                                   -      Cars                         &           Trucks
  INT            ID                                  ROAD 1                                                                                                      ROAD 2                                                                                ROAD 3                               ROAD 4                                COMMUNITY                                                   TMC DATE
           8                      11TH STREET                                             NW                            RHODE ISLAND AVENUE NW                                                                                                                                                                                                            -                                     2/15/2011
                                   CARS
                                   NB                                                                                      EB                                                                                         SB                                                                                        WB
          Start                     Left           Thru              Right               Ped                NB                Left            Thru              Right               Ped                EB              Left           Thru               Right               Ped                 SB               Left             Thru               Right                Ped                WB                Interval
        Time                                                                                             Total                                                                                      Total                                                                                     Total                                                                                         Total                   Total
   6:00             AM                  1             17                    3                 1              21                 10               80                    1                 2              91                 0              12                   4                  0               16                  4                31                   0                  0                35                    163
   6:15             AM                  0               8                   4                 6              12                 10              114                    0                 0            124                  0              18                   3                  1               21                  0                25                   2                  0                27                    184
   6:30             AM                  0             22                    1                 5              23                 13             156                     1                 0            170                  0              16                   7                  4               23                  1                61                   0                  0                62                    278
   6:45             AM                  0             17                    2                 0              19                 26             202                     2                 1            230                  0              19                 12                   9               31                  8              127                    2                  0              137                     417
   7:00             AM                  1             18                    4                 4              23                 33             255                  23                   0            311                  1              19                 12                   7               32                13               137                  17                   0              167                     533
   7:15             AM                  0             38                    3                 0              41                 20             252                     2                 0            274                  0              24                  11                  4               35                  3              129                    1                  0              133                     483
   7:30             AM                  0             42                    6                 1              48                 60             334                     1                 1            395                  0              28                 15                   6               43                  2              186                    2                  0              190                     676
   7:45             AM                  0             72                    6                 5              78                 75             374                     2                 1            451                  0              26                 19                   5               45                  3              120                    5                  0              128                     702
   8:00             AM                  0             72                    3                 2              75               183              505                     0                 0            688                  0              26                   9                  7               35                  4              204                    2                  0              210                   1008
   8:15             AM                  0             95                    4                 2              99               212              433                     0              20              645                  1              19                 15                 21                35                  4              242                    8                  0              254                   1033
   8:30             AM                  1             80                    2                 2              83               129              332                     2                 6            463                  0              26                 15                 14                41                  1              191                    0                24               192                     779
   8:45             AM                  0             84                    1                 2              85               238              482                     0                 0            720                  0              26                 13                 15                39                  3              228                    3                44               234                   1078
   9:00             AM                  0               0                   0                 0                0                  0                0                   0                 0                0                0                0                  0                  0                 0                 0                  0                  0                  0                  0                        0
   9:15             AM                  0               0                   0                 0                0                  0                0                   0                 0                0                0                0                  0                  0                 0                 0                  0                  0                  0                  0                        0
   9:30             AM                  0               0                   0                 0                0                  0                0                   0                 0                0                0                0                  0                  0                 0                 0                  0                  0                  0                  0                        0
   9:45             AM                  0               0                   0                 0                0                  0                0                   0                 0                0                0                0                  0                  0                 0                 0                  0                  0                  0                  0                        0
 10:00                AM                0               0                   0                 0                0                  0                0                   0                 0                0                0                0                  0                  0                 0                 0                  0                  0                  0                  0                        0
 10:15                AM                0               0                   0                 0                0                  0                0                   0                 0                0                0                0                  0                  0                 0                 0                  0                  0                  0                  0                        0
 10:30                AM                0               0                   0                 0                0                  0                0                   0                 0                0                0                0                  0                  0                 0                 0                  0                  0                  0                  0                        0
 10:45                AM                0               0                   0                 0                0                  0                0                   0                 0                0                0                0                  0                  0                 0                 0                  0                  0                  0                  0                        0
 11:00               AM                 0               0                   0                 0                0                  0                0                   0                 0                0                0                0                  0                  0                 0                 0                  0                  0                  0                  0                        0
 11:15               AM                 0               0                   0                 0                0                  0                0                   0                 0                0                0                0                  0                  0                 0                 0                  0                  0                  0                  0                        0
 11:30               AM                 0               0                   0                 0                0                  0                0                   0                 0                0                0                0                  0                  0                 0                 0                  0                  0                  0                  0                        0
 11:45               AM                 0               0                   0                 0                0                  0                0                   0                 0                0                0                0                  0                  0                 0                 0                  0                  0                  0                  0                        0
 12:00                 PM               0               0                   0                 0                0                  0                0                   0                 0                0                0                0                  0                  0                 0                 0                  0                  0                  0                  0                        0
 12:15                 PM               0               0                   0                 0                0                  0                0                   0                 0                0                0                0                  0                  0                 0                 0                  0                  0                  0                  0                        0
 12:30                 PM               0               0                   0                 0                0                  0                0                   0                 0                0                0                0                  0                  0                 0                 0                  0                  0                  0                  0                        0
 12:45                 PM               0               0                   0                 0                0                  0                0                   0                 0                0                0                0                  0                  0                 0                 0                  0                  0                  0                  0                        0
   1:00              PM                 0               0                   0                 0                0                  0                0                   0                 0                0                0                0                  0                  0                 0                 0                  0                  0                  0                  0                        0
   1:15              PM                 0               0                   0                 0                0                  0                0                   0                 0                0                0                0                  0                  0                 0                 0                  0                  0                  0                  0                        0
   1:30              PM                 0               0                   0                 0                0                  0                0                   0                 0                0                0                0                  0                  0                 0                 0                  0                  0                  0                  0                        0
   1:45              PM                 0               0                   0                 0                0                  0                0                   0                 0                0                0                0                  0                  0                 0                 0                  0                  0                  0                  0                        0
   2:00              PM                 0               0                   0                 0                0                  0                0                   0                 0                0                0                0                  0                  0                 0                 0                  0                  0                  0                  0                        0
   2:15              PM                 0               0                   0                 0                0                  0                0                   0                 0                0                0                0                  0                  0                 0                 0                  0                  0                  0                  0                        0
   2:30              PM                 0               0                   0                 0                0                  0                0                   0                 0                0                0                0                  0                  0                 0                 0                  0                  0                  0                  0                        0
   2:45              PM                 0               0                   0                 0                0                  0                0                   0                 0                0                0                0                  0                  0                 0                 0                  0                  0                  0                  0                        0
   3:00              PM                 0               0                   0                 0                0                  0                0                   0                 0                0                0                0                  0                  0                 0                 0                  0                  0                  0                  0                        0
   3:15              PM                 0               0                   0                 0                0                  0                0                   0                 0                0                0                0                  0                  0                 0                 0                  0                  0                  0                  0                        0
   3:30              PM                 2             33                  24                  5              59                 29               95                    0              13              124                  2              42                   2                  5               46                17               103                    1                  9              121                     350
   3:45              PM                 1             41                  24                  2              66                   3            162                     1                 0            166                  1              42                   4                  3               47                19                 98                   1                  5              118                     397
   4:00              PM                 1             33                  19                  8              53                 26             191                     1                 7            218                  1              41                   3                  1               45                21               120                    1                  1              142                     458
   4:15              PM                 1             34                  17                  7              52                   0            169                     0                 4            169                  0              39                   3                  3               42                18               125                    0                  3              143                     406
   4:30              PM                 2             48                  26                  5              76                   3            214                     1                 7            218                  3              50                   3                  4               56                23               131                    2                  3              156                     506
   4:45              PM                 2             40                  22                  8              64                   5            219                     0                 3            224                  0              52                   5                  2               57                23               122                    1                  7              146                     491
   5:00              PM                 0             50                  23                  9              73                   7            240                     1                 8            248                  4              39                   5                  6               48                35               128                    3                  8              166                     535
   5:15              PM                 3             52                  27                11               82                   3            262                     0                 4            265                  2              42                   4                  8               48                16               123                    0                  5              139                     534
   5:30              PM                 1             50                  34                10               85                   9            263                     1                 7            273                  2              60                   8                  7               70                20                 93                   3                13               116                     544
   5:45              PM                 2             69                  19                15               90                   5            219                     1              14              225                  0              44                   0                  7               44                  6              110                    1                  8              117                     476
   6:00              PM                 1             46                  28                16               75                   4            223                     0                 7            227                  0              39                   2                  1               41                14                 89                   2                  2              105                     448
   6:15              PM                 0             37                  23                10               60                   0                0                   0                 0                0                0              40                   7                  2               47                17                 97                   2                  3              116                     223
         Total                        19          1098                  325               136            1442              11035776                                 40              105            6919                  17            789                 181                142               987               275              3020                   59               135             3354                   12702
      App             %              1.3           76.1               22.5                9.4                               15.9              83.5                 0.6               1.5                                1.7            79.9               18.3              14.4                                   8.2             90.0                   1.8               4.0
     Total              %            0.1              8.6               2.6               1.1             11.4                8.7             45.5                 0.3               0.8             54.5               0.1              6.2                1.4               1.1               7.8                2.2             23.8                   0.5               1.1             26.4
  INT            ID                                  ROAD 1                                                                                                      ROAD 2                                                                                ROAD 3                               ROAD 4                                COMMUNITY                                                   TMC DATE
           8                      11TH STREET                                             NW                            RHODE ISLAND AVENUE NW                                                                                                                                                                                                            -                                     2/15/2011
                                   TRUCKS
                                   NB                                                                                      EB                                                                                         SB                                                                                        WB
          Start                     Left           Thru              Right               Ped                NB               Left           Thru               Right               Ped                 EB              Left           Thru               Right               Ped                 SB               Left             Thru               Right                Ped                WB                Interval
        Time                                                                                             Total                                                                                      Total                                                                                     Total                                                                                        Total                    Total
   6:00             AM                  0               1                   0                 0                1                 0                1                  0                  0                 1                0                0                  0                  0                 0                 0                  0                  0                  0                  0                        2
   6:15             AM                  0               0                   0                 0                0                 0                2                  0                  0                 2                0                0                  0                  0                 0                 0                  0                  0                  0                  0                        2
   6:30             AM                  0               1                   0                 0                1                 2                1                  0                  0                 3                0                0                  0                  0                 0                 1                  0                  0                  0                  1                        5
   6:45             AM                  0               2                   0                 0                2                 0                0                  0                  0                 0                0                0                  0                  0                 0                 0                  0                  0                  0                  0                        2
   7:00             AM                  0               0                   0                 0                0                 0                0                  0                  0                 0                0                0                  0                  0                 0                 0                  0                  0                  0                  0                        0
   7:15             AM                  0               3                   0                 0                3                 0                0                  0                  0                 0                0                0                  0                  0                 0                 0                  0                  0                  0                  0                        3
   7:30             AM                  0               4                   0                 0                4                 0                0                  0                  0                 0                0                1                  0                  0                 1                 0                  0                  0                  0                  0                        5
   7:45             AM                  0               8                   0                 0                8                 0                0                  0                  0                 0                0                0                  0                  0                 0                 0                  0                  0                  0                  0                        8
   8:00             AM                  0               5                   0                 0                5                 0                0                  0                  0                 0                0                0                  0                  0                 0                 0                  0                  0                  0                  0                        5
   8:15             AM                  0               9                   0                 0                9                 0                0                  0                  0                 0                0                0                  0                  0                 0                 0                  0                  0                  0                  0                        9
   8:30             AM                  0             13                    0                 0              13                  1                0                  0                  0                 1                0                1                  0                  0                 1                 0                  0                  0                  0                  0                      15
   8:45             AM                  0             18                    0                 0              18                  0                0                  0                  0                 0                0                0                  0                  0                 0                 1                  0                  0                  0                  1                      19
   9:00             AM                  0               0                   0                 0                0                 0                0                  0                  0                 0                0                0                  0                  0                 0                 0                  0                  0                  0                  0                        0
   9:15             AM                  0               0                   0                 0                0                 0                0                  0                  0                 0                0                0                  0                  0                 0                 0                  0                  0                  0                  0                        0
   9:30             AM                  0               0                   0                 0                0                 0                0                  0                  0                 0                0                0                  0                  0                 0                 0                  0                  0                  0                  0                        0
   9:45             AM                  0               0                   0                 0                0                 0                0                  0                  0                 0                0                0                  0                  0                 0                 0                  0                  0                  0                  0                        0
 10:00                AM                0               0                   0                 0                0                 0                0                  0                  0                 0                0                0                  0                  0                 0                 0                  0                  0                  0                  0                        0
 10:15                AM                0               0                   0                 0                0                 0                0                  0                  0                 0                0                0                  0                  0                 0                 0                  0                  0                  0                  0                        0
 10:30                AM                0               0                   0                 0                0                 0                0                  0                  0                 0                0                0                  0                  0                 0                 0                  0                  0                  0                  0                        0
 10:45                AM                0               0                   0                 0                0                 0                0                  0                  0                 0                0                0                  0                  0                 0                 0                  0                  0                  0                  0                        0
 11:00               AM                 0               0                   0                 0                0                 0                0                  0                  0                 0                0                0                  0                  0                 0                 0                  0                  0                  0                  0                        0
 11:15               AM                 0               0                   0                 0                0                 0                0                  0                  0                 0                0                0                  0                  0                 0                 0                  0                  0                  0                  0                        0
 11:30               AM                 0               0                   0                 0                0                 0                0                  0                  0                 0                0                0                  0                  0                 0                 0                  0                  0                  0                  0                        0
 11:45               AM                 0               0                   0                 0                0                 0                0                  0                  0                 0                0                0                  0                  0                 0                 0                  0                  0                  0                  0                        0
 12:00                 PM               0               0                   0                 0                0                 0                0                  0                  0                 0                0                0                  0                  0                 0                 0                  0                  0                  0                  0                        0
 12:15                 PM               0               0                   0                 0                0                 0                0                  0                  0                 0                0                0                  0                  0                 0                 0                  0                  0                  0                  0                        0
 12:30                 PM               0               0                   0                 0                0                 0                0                  0                  0                 0                0                0                  0                  0                 0                 0                  0                  0                  0                  0                        0
 12:45                 PM               0               0                   0                 0                0                 0                0                  0                  0                 0                0                0                  0                  0                 0                 0                  0                  0                  0                  0                        0
   1:00              PM                 0               0                   0                 0                0                 0                0                  0                  0                 0                0                0                  0                  0                 0                 0                  0                  0                  0                  0                        0
   1:15              PM                 0               0                   0                 0                0                 0                0                  0                  0                 0                0                0                  0                  0                 0                 0                  0                  0                  0                  0                        0
   1:30              PM                 0               0                   0                 0                0                 0                0                  0                  0                 0                0                0                  0                  0                 0                 0                  0                  0                  0                  0                        0
   1:45              PM                 0               0                   0                 0                0                 0                0                  0                  0                 0                0                0                  0                  0                 0                 0                  0                  0                  0                  0                        0
   2:00              PM                 0               0                   0                 0                0                 0                0                  0                  0                 0                0                0                  0                  0                 0                 0                  0                  0                  0                  0                        0
   2:15              PM                 0               0                   0                 0                0                 0                0                  0                  0                 0                0                0                  0                  0                 0                 0                  0                  0                  0                  0                        0
   2:30              PM                 0               0                   0                 0                0                 0                0                  0                  0                 0                0                0                  0                  0                 0                 0                  0                  0                  0                  0                        0
   2:45              PM                 0               0                   0                 0                0                 0                0                  0                  0                 0                0                0                  0                  0                 0                 0                  0                  0                  0                  0                        0
   3:00              PM                 0               0                   0                 0                0                 0                0                  0                  0                 0                0                0                  0                  0                 0                 0                  0                  0                  0                  0                        0
   3:15              PM                 0               0                   0                 0                0                 0                0                  0                  0                 0                0                0                  0                  0                 0                 0                  0                  0                  0                  0                        0
   3:30              PM                 0               2                   2                 0                4                 0                0                  0                  0                 0                0                3                  0                  0                 3                 0                  0                  0                  0                  0                        7
   3:45              PM                 0               2                   1                 0                3                 0                2                  0                  0                 2                1                2                  0                  0                 3                 0                  2                  0                  0                  2                      10
   4:00              PM                 0               3                   1                 0                4                 1                1                  0                  0                 2                0                0                  0                  0                 0                 0                  1                  0                  0                  1                        7
   4:15              PM                 0               1                   0                 0                1                 0                2                  0                  0                 2                0                2                  0                  0                 2                 0                  1                  0                  0                  1                        6
   4:30              PM                 0               7                   0                 0                7                 0                4                  0                  0                 4                0                2                  0                  0                 2                 1                  2                  0                  0                  3                      16
   4:45              PM                 0               7                   0                 0                7                 0                4                  0                  0                 4                0                2                  0                  0                 2                 0                  2                  0                  0                  2                      15
   5:00              PM                 0               3                   1                 0                4                 0                2                  0                  0                 2                0                0                  0                  0                 0                 0                  1                  0                  0                  1                        7
   5:15              PM                 1              11                   0                 0              12                  0                5                  0                  0                 5                0                5                  0                  0                 5                 0                  0                  0                  0                  0                      22
   5:30              PM                 0               8                   0                 0                8                 0                8                  0                  0                 8                0                3                  0                  0                 3                 0                  2                  0                  0                  2                      21
   5:45              PM                 0               7                   0                 0                7                 0                6                  1                  0                 7                0                1                  0                  0                 1                 0                  1                  0                  0                  1                      16
   6:00              PM                 0              11                   0                 0               11                 1                6                  0                  0                 7                0                0                  0                  0                 0                 0                  0                  0                  0                  0                      18
   6:15              PM                 1               9                   0                 0              10                  0                0                  0                  0                 0                0                2                  0                  0                 2                 0                  0                  0                  0                  0                      12
         Total                          2           135                     5                 0            142                   5              44                   1                  0               50                 1              24                   0                  0               25                  3                12                   0                  0               15                      232
      App             %              1.4           95.1                 3.5               0.0                              10.0              88.0                 2.0               0.0                                 4.0            96.0                 0.0               0.0                                20.0              80.0                  0.0                0.0
     Total              %            0.9           58.2                 2.2               0.0             61.2                2.2            19.0                 0.4               0.0             21.6                0.4            10.3                 0.0               0.0             10.8                 1.3               5.2                 0.0                0.0               6.5
  INT            ID                                  ROAD 1                                                                                                      ROAD 2                                                                                ROAD 3                               ROAD 4                                COMMUNITY                                                   TMC DATE
           8                      11TH STREET                                             NW                            RHODE ISLAND AVENUE NW                                                                                                                                                                                                            -                                     2/15/2011
