                                                                               Turning                                      Movement                                                     Count                                Report                                   -      Cars                         &           Trucks
  INT            ID                                  ROAD 1                                                                                                       ROAD 2                                                                                ROAD 3                               ROAD 4                                COMMUNITY                                                   TMC DATE
        81                       14TH STREET                                              NW                            PENNSYLVANIA AVENUE NW                                                                                                                                                                                                             -                                    4/15/2015
                              CARS
                              NB                                                                                        EB                                                                                        SB                                                                                        WB
        Start                  Left           Thru              Right                Ped                  NB             Left           Thru               Right               Ped                  EB             Left           Thru               Right               Ped                  SB               Left             Thru               Right                 Ped                   WB                Interval
      Time                                                                                            Total                                                                                     Total                                                                                     Total                                                                                             Total                    Total
 7:00             AM                5           314                  28                 48              347                   0             49                    8               33                57                  0           124                     3               12              127                    0                44                 14                   55                  58                     589
 7:15             AM                6           297                  41                 44              344                   0             56                 14                 30                70                  0           138                     2               25              140                    0                50                 16                   59                  66                     620
 7:30             AM             13             300                  37                 66              350                   0             67                 13                 37                80                  0           141                     0               16              141                    0                47                 21                   74                  68                     639
 7:45             AM                5           207                  30                 48              242                   0             56                  11                45                67                  0           138                     1               27              139                    0                52                  11                  57                  63                     511
 8:00             AM                6             12                 11                 38                29                  0             52                    0               38                52               19               23                 41                 27                83                   0                30                 17                   89                  47                     211
 8:15             AM                2             51                 15                 43                68                  0             62                    4               35                66               22                 8                38                 28                68                   1                44                 34                   77                  79                     281
 8:30             AM                6            211                 21                 42              238                   1             44                 21                 34                66                  0           105                     3               22              108                    1                64                 45                   54                110                      522
 8:45             AM                8           298                     6               55              312                17                 5                17                 12                39                  0           103                     1               22              104                    0                40                 29                   49                  69                     524
 9:00             AM             10             227                  28                 52              265                   0             73                  11                17                84                  0           120                     5               15              125                    0                39                 19                   63                  58                     532
 9:15             AM                3           213                  30                 40              246                   0             71                    8               24                79                  0           133                     3               47              136                    0                42                 21                   57                  63                     524
 4:00             PM                1           150                  20                 65              171                   0             38                    6               43                44                  0           156                     1               38              157                    1                49                 15                   67                  65                     437
 4:15             PM                0           226                  34               149               260                   0             55                 18                 90                73                  0           222                     1               64              223                    0                66                 13                 171                   79                     635
 4:30             PM                0           226                  39                 99              265                   0             36                  11                63                47                  0           207                     0               42              207                    0                84                 25                 141                 109                      628
 4:45             PM                0            114                 47                 88              161                   0             54                 14                 55                68                  0           172                     2               30              174                    0                85                 10                 122                   95                     498
 5:00             PM                0           208                  68                 82              276                   0             41                 39                 46                80                  0           253                     1               51              254                    0                70                 26                 125                   96                     706
 5:15             PM                1           219                  57                 74              277                   0             52                 33                 45                85                  0           290                     4               36              294                    0                68                 20                   83                  88                     744
 5:30             PM                1           170                  35                 21              206                   0             32                 33                 31                65                  0           313                     3               28              316                    0                50                 17                   88                  67                     654
 5:45             PM             13             193                  48                 44              254                   0             40                 32                 51                72                  0           309                     7               32              316                    1                57                 17                   70                  75                     717
 6:00             PM                8           156                  25                 27              189                   0             48                 30                 35                78                  0           265                     6               34              271                    0                53                  11                  77                  64                     602
 6:15             PM                2           105                  11                 41               118                  0             40                  11                33                51                  0           260                     6               33              266                    0                51                  11                  64                  62                     497
       Total                     90           3897                 631              1166              4618                 18             971                334                797             1323                 41           3480                 128                629             3649                     4           1085                  392                1642                1481                   11071
    App             %            1.9           84.4               13.7               25.2                                  1.4           73.4                25.2              60.2                                  1.1           95.4                  3.5             17.2                                   0.3             73.3                26.5               110.9
   Total              %          0.8           35.2                 5.7              10.5              41.7                0.2             8.8                 3.0               7.2             12.0                0.4           31.4                  1.2               5.7             33.0                 0.0               9.8                 3.5               14.8                 13.4
  INT            ID                                  ROAD 1                                                                                                       ROAD 2                                                                                ROAD 3                               ROAD 4                                COMMUNITY                                                   TMC DATE
        81                       14TH STREET                                              NW                            PENNSYLVANIA AVENUE NW                                                                                                                                                                                                             -                                    4/15/2015
                               TRUCKS
                               NB                                                                                         EB                                                                                        SB                                                                                         WB
        Start                    Left           Thru               Right               Ped                 NB              Left           Thru               Right               Ped                 EB              Left            Thru              Right                Ped                 SB               Left             Thru               Right                Ped                WB                 Interval
       Time                                                                                            Total                                                                                     Total                                                                                       Total                                                                                        Total                     Total
 7:00             AM                 1             17                    7                  0               25                 0                3                  1                  0                 4                0              11                    0                 0                11                  0                  5                  1                  0                  6                       46
 7:15             AM                 0             14                    4                  0               18                 0                3                  1                  0                 4                0              14                    0                 0                14                  0                  4                  1                  0                  5                       41
 7:30             AM                 1                9                  5                  0               15                 0                4                  1                  0                 5                0              13                    0                 0                13                  0                  5                  0                  0                  5                       38
 7:45             AM                 0             14                    1                  0               15                 0                2                  1                  0                 3                0                9                   0                 0                  9                 0                  1                  0                  0                  1                       28
 8:00             AM                 0                4                  1                  0                 5                0                5                  0                  0                 5                0                1                   2                 0                  3                 0                  5                  2                  0                  7                       20
 8:15             AM                 0                7                  2                  0                 9                0                5                  0                  0                 5                6                0                   3                 0                  9                 0                  4                  2                  0                  6                       29
 8:30             AM                 4             12                    4                  0               20                 0                6                  2                  0                 8                0              18                    1                 0                19                  0                  8                  8                  0                16                        63
 8:45             AM                 2             12                    0                  0               14                 4                0                  0                  0                 4                0                9                   0                 0                  9                 0                11                   0                  0                11                        38
 9:00             AM                 5             21                    2                  0               28                 0             10                    4                  0               14                 0                9                   0                 0                  9                 0                  7                  1                  0                  8                       59
 9:15             AM                 0                7                  6                  0               13                 0                3                  1                  0                 4                0              11                    0                 0                11                  0                  6                  0                  0                  6                       34
 4:00             PM                 1                5                  1                  0                 7                0                3                  4                  0                 7                0                7                   0                 0                  7                 0                  2                  0                  0                  2                       23
 4:15             PM                 0             16                    1                  0               17                 0                3                  2                  0                 5                0                4                   0                 0                  4                 0                  6                  4                  0                10                        36
 4:30             PM                 1                8                  3                  0               12                 0                7                  3                  0               10                 0                6                   0                 0                  6                 0                  6                  2                  0                  8                       36
 4:45             PM                 0                8                  2                  0               10                 0                3                  5                  0                 8                0                6                   0                 0                  6                 0                  9                  0                  0                  9                       33
 5:00             PM                 0                5                  6                  0               11                 0                5                  3                  0                 8                0                5                   0                 0                  5                 0                  7                  0                  0                  7                       31
 5:15             PM                 4              11                   4                  0               19                 0                5                  3                  0                 8                0                6                   1                 0                  7                 0                  6                  0                  0                  6                       40
 5:30             PM                 0                5                  1                  0                 6                0                4                  3                  0                 7                0                6                   0                 0                  6                 1                  7                  0                  0                  8                       27
 5:45             PM                 0                6                  1                  0                 7                0                3                  5                  0                 8                0                9                   0                 0                  9                 0                  2                  2                  0                  4                       28
 6:00             PM                 1                0                  0                  0                 1                0                4                  4                  0                 8                0                3                   0                 0                  3                 0                  1                  2                  0                  3                       15
 6:15             PM                 6                1                  1                  0                 8                0                9                  0                  0                 9                0                5                   0                 0                  5                 0                  3                  0                  0                  3                       25
       Total                       26            182                   52                   0            260                   4             87                  43                   0            134                   6            152                     7                 0              165                   1              105                  25                   0             131                       690
     App            %          10.0              70.0               20.0                0.0                                 3.0            64.9               32.1                0.0                                 3.6            92.1                  4.2               0.0                                  0.8             80.2                19.1                 0.0
   Total              %          3.8             26.4                 7.5               0.0             37.7                0.6            12.6                 6.2               0.0             19.4                0.9            22.0                  1.0               0.0             23.9                 0.1             15.2                  3.6                0.0              19.0
  INT            ID                                  ROAD 1                                                                                                       ROAD 2                                                                                ROAD 3                               ROAD 4                                COMMUNITY                                                   TMC DATE
        81                       14TH STREET                                              NW                            PENNSYLVANIA AVENUE NW                                                                                                                                                                                                             -                                    4/15/2015
