                                                                               Turning                                      Movement                                                     Count                                Report                                   -      Cars                         &           Trucks
    INT            ID                                             ROAD 1                                                                                    ROAD 2                                                      ROAD 3                                     ROAD 4                                          COMMUNITY                                                             TMC DATE
          82                                  17TH STREET                                              NW                                      K STREET                                  NW                                                                                                                                                -                                              4/22/2015
                              CARS
                              NB                                                                                          EB                                                                                         SB                                                                                           WB
       Start                  Left           Thru              Right                 Ped                   NB              Left          Thru             Right                  Ped                  EB              Left           Thru              Right                 Ped                   SB               Left            Thru              Right                Ped                  WB               Interval
      Time                                                                                             Total                                                                                       Total                                                                                       Total                                                                                         Total                   Total
7:00             AM                0               0                  0                 45                   0                 0          124                    9                 30                133                  0              66                 21                  62                  87                  0              84                    0               37                  84                    304
7:15             AM                0               0                  0                 41                   0                 0          124                  13                  53                137                14               46                 21                  89                  81                  0            132                     0               33                132                     350
7:30             AM                0               0                  0                 81                   0                 0          138                    8                 80                146                  8              40                 23                151                   71                  0            129                     0               58                129                     346
7:45             AM                0               0                  0                 83                   0                 0          107                  13                  80                120                 11              56                 29                178                   96                  0            124                     0               83                124                     340
8:00             AM                0               0                  0                 58                   0                 0          161                  18                143                 179                10               53                 25                142                   88                  0            176                     0             108                 176                     443
8:15             AM                0               0                  0               135                    0                 0          118                  11                169                 129                18               78                 33                308                129                    0            131                     0             146                 131                     389
8:30             AM                0               0                  0               143                    0                 0          154                    9               170                 163                15               86                 39                300                140                    0            172                     0             176                 172                     475
8:45             AM                0               0                  0               170                    0                 0          160                  12                270                 172                17               83                 38                355                138                    0             115                    0             264                 115                     425
9:00             AM                0               0                  0               145                    0                 0          133                  21                229                 154                14               97                 38                280                149                    0            144                     0              211                144                     447
9:15             AM                0               0                  0                 80                   0                 0          149                    4               162                 153                18               72                 35                255                125                    0            136                     0             160                 136                     414
4:00             PM                0             19                   1                 23                 20                  0            39                   8                 36                  47                 4              29                 17                  77                  50                  0              47                    6               27                  53                    170
4:15             PM                8             33                 11                  97                 52                  0          160                    9               107                 169                  7              53                 27                208                   87                  0            172                   20                84                192                     500
4:30             PM                3             34                   8               142                  45                  0          138                    4               185                 142                 11              64                 22                220                   97                  0            180                   18                71                198                     482
4:45             PM                5             34                   9               109                  48                  0          170                    5               153                 175                  8              48                 30                215                   86                  0            145                   21                82                166                     475
5:00             PM                3             29                   4               147                  36                  0          135                    9               233                 144                12               60                 21                329                   93                  0            141                   24               111                165                     438
5:15             PM                2             39                   8               159                  49                  0          134                  11                190                 145                21               63                 19                298                103                    0            136                   13               112                149                     446
5:30             PM                5             29                   6               136                  40                  0          137                    6               261                 143                10               64                 27                378                101                    0            157                   16              128                 173                     457
5:45             PM                5             31                   5               186                  41                  0          131                    6               211                 137                18               72                 28                304                 118                   0            151                   22              108                 173                     469
6:00             PM                7             31                   4               115                  42                  0          154                  10                184                 164                18               65                 18                275                101                    0            150                     8              110                158                     465
6:15             PM                6             42                   7               122                  55                  0          155                    3                 91                158                21               66                 23                224                 110                   0            169                   19              103                 188                     511
      Total                     44             321                  63              2217                 428                   0        2721                 189               3037               2910                255           1261                  534               4648               2050                     0          2791                  167             2212                2958                    8346
    App            %          10.375.0                          14.7              518.0                                    0.0           93.5                 6.5             104.4                                  12.4             61.5              26.0              226.7                                      0.0            94.4                 5.6               74.8
  Total              %          0.5             3.8               0.8               26.6                   5.1             0.0           32.6                 2.3               36.4                34.9               3.1            15.1                 6.4               55.7                24.6                0.0            33.4                 2.0               26.5              35.4
    INT            ID                                             ROAD 1                                                                                    ROAD 2                                                      ROAD 3                                     ROAD 4                                          COMMUNITY                                                             TMC DATE
          82                                  17TH STREET                                              NW                                      K STREET                                  NW                                                                                                                                                -                                              4/22/2015
                              TRUCKS
                              NB                                                                                        EB                                                                                        SB                                                                                         WB
        Start                  Left           Thru               Right               Ped                 NB              Left           Thru              Right                Ped                 EB              Left            Thru               Right               Ped                 SB               Left              Thru                Right                Ped                WB                 Interval
      Time                                                                                           Total                                                                                     Total                                                                                       Total                                                                                           Total                     Total
 7:00             AM                0               0                   1                 0                 1                0               0                   0                  0                 0                 0                0                  1                  0                 1                 0                   0                    0                 0                  0                         2
 7:15             AM                0               0                   0                 0                 0                0               0                   0                  0                 0                 1                3                  0                  0                 4                 0                   0                    0                 0                  0                         4
 7:30             AM                0               0                   0                 0                 0                0               0                   0                  0                 0                 0                0                  1                  0                 1                 0                   0                    0                 0                  0                         1
 7:45             AM                0               0                   0                 0                 0                0               0                   0                  0                 0                 0                0                  0                  0                 0                 0                   2                    0                 0                  2                         2
 8:00             AM                0               0                   0                 0                 0                0               0                   0                  0                 0                 2                0                  0                  0                 2                 0                   2                    0                 0                  2                         4
 8:15             AM                0               0                   0                 0                 0                0               1                   0                  0                 1                 1                2                  1                  0                 4                 0                   1                    0                 0                  1                         6
 8:30             AM                0               0                   0                 0                 0                0               0                   0                  0                 0                 0                1                  2                  0                 3                 0                   3                    0                 0                  3                         6
 8:45             AM                0               0                   0                 0                 0                0               1                   0                  0                 1                 1                0                  0                  0                 1                 0                   1                    0                 0                  1                         3
 9:00             AM                0               0                   0                 0                 0                0               0                   0                  0                 0                 2                1                  0                  0                 3                 0                   1                    0                 0                  1                         4
 9:15             AM                0               0                   0                 0                 0                0               0                   0                  0                 0                 1                0                  2                  0                 3                 0                   2                    0                 0                  2                         5
 4:00             PM                0               1                   0                 0                 1                0               0                   0                  0                 0                 0                0                  0                  0                 0                 0                   0                    0                 0                  0                         1
 4:15             PM                0               0                   0                 0                 0                0               0                   1                  0                 1                 0                0                  0                  0                 0                 0                   1                    0                 0                  1                         2
 4:30             PM                0               0                   0                 0                 0                0               1                   0                  0                 1                 0                0                  0                  0                 0                 0                   3                    0                 0                  3                         4
 4:45             PM                0               0                   1                 0                 1                0               3                   0                  0                 3                 0                2                  0                  0                 2                 0                   2                    0                 0                  2                         8
 5:00             PM                0               0                   0                 0                 0                0               2                   0                  0                 2                 0                1                  0                  0                 1                 0                   1                    0                 0                  1                         4
 5:15             PM                0               0                   0                 0                 0                0               2                   0                  0                 2                 0                1                  1                  0                 2                 0                   2                    0                 0                  2                         6
 5:30             PM                0               0                   0                 0                 0                0               2                   0                  0                 2                 0                0                  0                  0                 0                 0                   2                    0                 0                  2                         4
 5:45             PM                0               0                   0                 0                 0                0               3                   0                  0                 3                 0                0                  0                  0                 0                 0                   3                    0                 0                  3                         6
 6:00             PM                0               0                   0                 0                 0                0               0                   0                  0                 0                 0                0                  0                  0                 0                 0                   1                    0                 0                  1                         1
 6:15             PM                0               0                   0                 0                 0                0               5                   0                  0                 5                 1                0                  0                  0                 1                 0                   2                    0                 0                  2                         8
       Total                        0               1                   2                 0                 3                0             20                    1                  0              21                   9              11                   8                  0               28                  0                29                      0                 0                29                        81
    App             %            0.0           33.3                66.7                0.0                                0.0           95.2                  4.8               0.0                               32.1             39.3                28.6                0.0                                  0.0            100.0                     0.0               0.0
   Total              %          0.0             1.2                 2.5               0.0               3.7              0.0           24.7                  1.2               0.0             25.9               11.1            13.6                  9.9               0.0             34.6                 0.0               35.8                   0.0               0.0              35.8
    INT            ID                                             ROAD 1                                                                                    ROAD 2                                                      ROAD 3                                     ROAD 4                                          COMMUNITY                                                             TMC DATE
          82                                  17TH STREET                                              NW                                      K STREET                                  NW                                                                                                                                                -                                              4/22/2015
