                                                                               Turning                                      Movement                                                     Count                                Report                                   -      Cars                         &           Trucks
  INT            ID                                   ROAD 1                                                                                                      ROAD 2                                                                                ROAD 3                               ROAD 4                                COMMUNITY                                                   TMC DATE
        85                        17TH STREET                                              NW                            RHODE ISLAND AVENUE NW                                                                                                                                                                                                            -                                    4/22/2015
                              CARS
                              NB                                                                                        EB                                                                                           SB                                                                                            WB
       Start                  Left           Thru              Right                 Ped                 NB              Left           Thru              Right                  Ped                  EB               Left           Thru              Right                 Ped                   SB               Left            Thru               Right               Ped                WB                Interval
      Time                                                                                            Total                                                                                        Total                                                                                        Total                                                                                       Total                    Total
7:00             AM             32             154                     0               16               186                  0                0                  0                 11                    0                 0             12                    3                 23                 15                   7              41                  13                17                61                     262
7:15             AM             26             169                     0               31               195                  0                0                  0                 16                    0                 0             19                    1                 23                 20                   3              52                  17                24                72                     287
7:30             AM             25             210                     0               70               235                  0                0                  0                 30                    0                 0             20                  22                  42                 42                   4              50                  28                11                82                     359
7:45             AM             48             203                     0               81               251                  0                0                  0                 40                    0                 0             15                  10                  72                 25                   3              74                  23                22              100                      376
8:00             AM             53             243                     0             109                296                  0                0                  0                 51                    0                 0             25                    8                 77                 33                   2              61                  28                23                91                     420
8:15             AM             36             234                     0               96               270                  0                0                  0                 96                    0                 0             25                  17                  90                 42                   8             114                  37                35              159                      471
8:30             AM             50             268                     0             163                318                  0                0                  0                 86                    0                 0             26                  15                149                  41                   4             111                  34                59              149                      508
8:45             AM             29             250                     0             191                279                  0                0                  0                 62                    0                 0             17                    4                 91                 21                   6            126                   32                53              164                      464
9:00             AM             58             231                     0             165                289                  0                0                  0                 64                    0                 0             23                    5                 96                 28                   6             115                  36                51              157                      474
9:15             AM             58             207                     0               92               265                  0                0                  0                 97                    0                 0             18                    4                 70                 22                   7              81                  37                16              125                      412
4:00             PM             16               88                 33                 70               137                  6              26                 32                  22                  64                33                7                   0                   1                40                 59               28                  37                   3            124                      365
4:15             PM             23             141                  21                 49               185                  6              30                 45                  33                  81                41                4                   0                   1                45                 44               27                  47                13              118                      429
4:30             PM                9            116                 40                 53               165                  6              21                 53                  31                  80                49                3                   0                   0                52                 47               33                  53                20              133                      430
4:45             PM              11            101                  35                 43               147                  8              33                 38                  20                  79                23                6                   0                   0                29                 64               36                  75                10              175                      430
5:00             PM                9            117                 61                 75               187                  7              26                 79                  40                112                 40                5                   0                   3                45                 52               35                  87                10              174                      518
5:15             PM             24             126                  64               100                214                  6              32                 70                  40                108                 27                7                   0                   0                34                 47               23                  85                10              155                      511
5:30             PM             20              110                 98               104                228                12               38                 58                  93                108                 46                3                   0                   5                49                 53               34                148                 11              235                      620
5:45             PM             15             134                  93               171                242                 11              27                 68                  92                106                 34                4                   0                   0                38                 72               51                113                    6            236                      622
6:00             PM              11            127                  92                 96               230                16               27                 75                  49                118                 40                7                   0                   0                47                 44               38                  88                   6            170                      565
6:15             PM             15              117                 72                 93               204                 11              33                 66                  42                110                 23                3                   0                   1                26                 65               41                  92                   7            198                      538
      Total                   568            3346                 609              1868               4523                 89             293                584               1015                  966               356             249                   89                744                694                597             1171               1110                407             2878                    9061
    App            %          12.6            74.0               13.5               41.3                                  9.2            30.3               60.5              105.1                                  51.3             35.9               12.8              107.2                                   20.7              40.7                38.6              14.1
  Total              %          6.3           36.9                 6.7              20.6               49.9               1.0              3.2                6.4               11.2                10.7               3.9               2.7               1.0                 8.2                  7.7               6.6            12.9                12.3                4.5             31.8
  INT            ID                                   ROAD 1                                                                                                      ROAD 2                                                                                ROAD 3                               ROAD 4                                COMMUNITY                                                   TMC DATE
        85                        17TH STREET                                              NW                            RHODE ISLAND AVENUE NW                                                                                                                                                                                                            -                                    4/22/2015
                               TRUCKS
                               NB                                                                                        EB                                                                                        SB                                                                                          WB
        Start                   Left           Thru               Right               Ped                 NB              Left           Thru               Right               Ped                 EB               Left            Thru              Right                Ped                 SB                Left             Thru               Right                Ped                WB                 Interval
       Time                                                                                            Total                                                                                     Total                                                                                       Total                                                                                         Total                     Total
 7:00             AM                1                8                  0                  0                 9                0                0                  0                  0                 0                 0                0                   0                 0                  0                  1                  1                  0                  0                  2                      11
 7:15             AM                0                6                  0                  0                 6                0                0                  0                  0                 0                 0                0                   0                 0                  0                  2                  1                  0                  0                  3                         9
 7:30             AM                1                6                  0                  0                 7                0                0                  0                  0                 0                 0                0                   0                 0                  0                  2                  3                  0                  1                  5                      12
 7:45             AM                0                6                  0                  0                 6                0                0                  0                  0                 0                 2                0                   0                 0                  2                  1                  6                  0                  1                  7                      15
 8:00             AM                0                5                  0                  0                 5                0                0                  0                  0                 0                 0                0                   0                 0                  0                  6                  4                  0                  0               10                        15
 8:15             AM                2                7                  0                  0                 9                0                0                  0                  0                 0                 0                0                   0                 0                  0                  6                  1                  0                  0                  7                      16
 8:30             AM                0                8                  0                  0                 8                0                0                  0                  0                 0                 0                0                   0                 0                  0                  1                  2                  0                  1                  3                      11
 8:45             AM                0                8                  0                  0                 8                0                0                  0                  0                 0                 2                0                   0                 0                  2                  3                  3                  0                  0                  6                      16
 9:00             AM                1              10                   0                  0               11                 0                0                  0                  0                 0                 0                0                   0                 0                  0                  1                  2                  0                  0                  3                      14
 9:15             AM                0                0                  0                  0                 0                0                0                  0                  0                 0                 0                0                   0                 0                  0                  4                  0                  0                  0                  4                         4
 4:00             PM                1                5                  0                  0                 6                0                0                  0                  0                 0                 0                1                   0                 0                  1                  1                  2                  0                  0                  3                      10
 4:15             PM                0                5                  0                  0                 5                1                1                  1                  0                 3                 1                1                   0                 0                  2                  0                  1                  1                  0                  2                      12
 4:30             PM                2                0                  0                  0                 2                0                0                  0                  0                 0                 0                0                   0                 0                  0                  0                  2                  3                  0                  5                         7
 4:45             PM                0                3                  0                  0                 3                0                0                  0                  0                 0                 0                1                   3                 0                  4                  0                  2                  0                  0                  2                         9
 5:00             PM                0                2                  1                  0                 3                0                1                  1                  0                 2                 0                0                   0                 0                  0                  0                  1                  0                  0                  1                         6
 5:15             PM                0                1                  0                  0                 1                0                0                  0                  0                 0                 0                0                   0                 0                  0                  0                  3                  2                  0                  5                         6
 5:30             PM                0                2                  0                  0                 2                0                2                  3                  0                 5                 0                1                   0                 0                  1                  0                  1                  0                  0                  1                         9
 5:45             PM                0                3                  0                  0                 3                0                0                  0                  0                 0                 0                0                   1                 0                  1                  1                  2                  1                  0                  4                         8
 6:00             PM                0                1                  0                  0                 1                0                0                  1                  0                 1                 0                0                   0                 0                  0                  0                  2                  2                  0                  4                         6
 6:15             PM                1                1                  0                  0                 2                0                0                  1                  0                 1                 0                0                   0                 0                  0                  0                  0                  0                  0                  0                         3
       Total                        9              87                   1                  0               97                 1                4                  7                  0               12                  5                4                   4                 0                13                 29                 39                   9                  3               77                      199
     App            %            9.3            89.7                 1.0               0.0                                 8.3            33.3               58.3                0.0                               38.5              30.8                30.8                0.0                                 37.7              50.6                11.7                 3.9
   Total              %          4.5            43.7                 0.5               0.0             48.7                0.5              2.0                3.5               0.0               6.0               2.5               2.0                 2.0               0.0               6.5               14.6              19.6                  4.5                1.5              38.7
  INT            ID                                   ROAD 1                                                                                                      ROAD 2                                                                                ROAD 3                               ROAD 4                                COMMUNITY                                                   TMC DATE
        85                        17TH STREET                                              NW                            RHODE ISLAND AVENUE NW                                                                                                                                                                                                            -                                    4/22/2015
