                                                                               Turning                                      Movement                                                     Count                                Report                                   -      Cars                         &           Trucks
    INT            ID                                             ROAD 1                                                                                    ROAD 2                                                      ROAD 3                                     ROAD 4                                          COMMUNITY                                                             TMC DATE
          86                                  14TH STREET                                              NW                                      G STREET                                  NW                                                                                                                                                -                                              4/15/2015
                              CARS
                              NB                                                                                          EB                                                                                        SB                                                                                           WB
       Start                  Left           Thru              Right                 Ped                   NB              Left          Thru              Right                 Ped                 EB              Left           Thru              Right                 Ped                   SB               Left            Thru               Right                Ped                 WB                Interval
      Time                                                                                             Total                                                                                     Total                                                                                        Total                                                                                          Total                   Total
7:00             AM                1              7                   5                 37                 13                  0          209                   36                 21              245                   0               6                   3                 28                   9                  6            107                   10                 58                123                     390
7:15             AM                1            18                  13                  59                 32                  0          269                   25                 74              294                   0             14                    5                 51                 19                 17             141                     3                82                161                     506
7:30             AM                1            13                  17                  94                 31                  0          284                   32                 84              316                   1             17                    3                 78                 21                 14             146                   12               103                 172                     540
7:45             AM                0            25                  17                128                  42                  0          240                   26              133                266                   0             19                    2                 75                 21                 17             162                     6               117                185                     514
8:00             AM                0            26                  13                167                  39                  0            60                  14              105                  74                  0             24                    3                 65                 27                 25             155                   10               148                 190                     330
8:15             AM                0            19                  17                146                  36                  0            87                  15               118               102                   2             14                    5                 55                 21                 23             127                   10               151                 160                     319
8:30             AM                1            19                  21                  97                 41                  0          197                   31                 98              228                   1               7                   3                 63                  11                15              111                   11              151                 137                     417
8:45             AM                1            24                  15                109                  40                  0          252                   43                 99              295                   0             18                    3                 56                 21                 13             132                     6              108                 151                     507
9:00             AM                3            26                  11                  90                 40                  0          235                   21                 95              256                   1               8                   2                 59                  11                22             122                     8                96                152                     459
9:15             AM                4            10                  11                  85                 25                  0           211                  27                 50              238                   1               9                   6                 53                 16                 12             134                     4                80                150                     429
4:00             PM             21              32                  12                  69                 65                  0          168                   18              104                186                   0             17                  12                  47                 29                 11             151                   16                 98                178                     458
4:15             PM                6            24                  10                  86                 40                  1          165                   12               114               178                   1             12                    6                 75                 19                 11             183                   14                 83                208                     445
4:30             PM                6            29                  19                  84                 54                  0          171                   29              178                200                   2              11                 11                  86                 24                 15             192                     6              102                 213                     491
4:45             PM                4            27                  14                132                  45                  0          162                   20              171                182                   0             14                  10                104                  24                 10             198                   10                113                218                     469
5:00             PM                5            37                  18                177                  60                  1          242                   19              188                262                   1             13                    7               133                  21                   9            177                     6               119                192                     535
5:15             PM                2            33                  28                  92                 63                  1          152                   18              157                171                   1               8                 12                131                  21                 13             181                   13               106                 207                     462
5:30             PM                0            20                  18                165                  38                  0            62                    9             173                  71                  4             18                  16                131                  38                   5            190                     5              132                 200                     347
5:45             PM                1            40                  12                130                  53                  0          160                   11              169                171                   2               8                 15                  96                 25                 11             187                     9              104                 207                     456
6:00             PM                0            26                  24                  96                 50                  0          200                   23              205                223                   3             12                  22                  98                 37                 19             233                     9               113                261                     571
6:15             PM                5            44                  15                111                  64                  1          224                   26              177                251                   1             17                  29                  95                 47                 11             218                     7               113                236                     598
      Total                     62            499                 310               2154                 871                   4        3750                  455             2513               4209                  21            266                175               1579                  462                279            3247                  175              2177               3701                    9243
    App            %           7.1           57.3               35.6              247.3                                    0.1            89.1              10.8                59.7                                  4.5           57.6               37.9              341.8                                      7.5             87.7                 4.7              58.8
  Total              %         0.7              5.4               3.4               23.3                   9.4             0.0            40.6                4.9               27.2              45.5                0.2             2.9                1.9               17.1                  5.0                3.0             35.1                 1.9              23.6               40.0
    INT            ID                                             ROAD 1                                                                                    ROAD 2                                                      ROAD 3                                     ROAD 4                                          COMMUNITY                                                             TMC DATE
          86                                  14TH STREET                                              NW                                      G STREET                                  NW                                                                                                                                                -                                              4/15/2015
                               TRUCKS
                               NB                                                                                         EB                                                                                        SB                                                                                         WB
        Start                    Left           Thru               Right               Ped                 NB              Left           Thru               Right               Ped                 EB              Left            Thru              Right                Ped                 SB               Left             Thru               Right                Ped                WB                 Interval
       Time                                                                                            Total                                                                                     Total                                                                                       Total                                                                                        Total                     Total
 7:00             AM                 0                1                  0                  0                 1                0             12                    0                  0               12                 0                0                   0                 0                  0                 0                11                   0                  0                11                        24
 7:15             AM                 0                1                  0                  0                 1                0             21                    2                  0               23                 0                0                   0                 0                  0                 2                15                   1                  0                18                        42
 7:30             AM                 0                0                  0                  0                 0                0             12                    0                  0               12                 0                0                   0                 0                  0                 0                  9                  0                  0                  9                       21
 7:45             AM                 0                0                  0                  0                 0                0             16                    2                  0               18                 0                0                   0                 0                  0                 0                13                   1                  0                14                        32
 8:00             AM                 0                4                  0                  0                 4                0                5                  0                  0                 5                0                0                   1                 0                  1                 1                  8                  0                  0                  9                       19
 8:15             AM                 0                1                  1                  0                 2                0             12                    0                  0               12                 0                0                   0                 0                  0                 0                11                   0                  0                11                        25
 8:30             AM                 1                2                  1                  0                 4                1             15                    0                  0               16                 0                1                   1                 0                  2                 2                20                   0                  0                22                        44
 8:45             AM                 0                3                  2                  0                 5                0              11                   1                  0               12                 0                0                   1                 0                  1                 2                16                   1                  0                19                        37
 9:00             AM                 0                3                  1                  0                 4                0             17                    3                  0               20                 0                1                   0                 0                  1                 0                12                   2                  0                14                        39
 9:15             AM                 1                1                  0                  0                 2                0                8                  1                  0                 9                0                0                   0                 0                  0                 0                10                   0                  0                10                        21
 4:00             PM                 2                4                  1                  0                 7                0             18                    0                  0               18                 0                0                   0                 0                  0                 0                12                   0                  0                12                        37
 4:15             PM                 0                4                  1                  0                 5                0             18                    2                  0               20                 0                0                   0                 0                  0                 0                  4                  0                  0                  4                       29
 4:30             PM                 2                2                  0                  0                 4                0             12                    0                  0               12                 0                0                   0                 0                  0                 0                  8                  2                  0                10                        26
 4:45             PM                 3                2                  0                  0                 5                0                6                  2                  0                 8                0                0                   0                 0                  0                 0                  5                  0                  0                  5                       18
 5:00             PM                 0                2                  1                  0                 3                0             14                    0                  0               14                 0                0                   0                 0                  0                 0                  5                  1                  0                  6                       23
 5:15             PM                 1                1                  0                  0                 2                0             12                    0                  0               12                 0                1                   0                 0                  1                 0                  6                  0                  0                  6                       21
 5:30             PM                 2                2                  0                  0                 4                0                3                  2                  0                 5                0                1                   1                 0                  2                 0                  6                  0                  0                  6                       17
 5:45             PM                 0                0                  0                  1                 0                0                6                  0                  0                 6                0                0                   0                 0                  0                 0                  7                  0                  0                  7                       13
 6:00             PM                 1                0                  0                  0                 1                0                6                  0                  0                 6                0                0                   1                 0                  1                 0                  5                  0                  0                  5                       13
 6:15             PM                 0                1                  0                  0                 1                0                6                  0                  0                 6                0                5                   0                 0                  5                 0                  5                  0                  0                  5                       17
       Total                       13              34                    8                  1               55                 1           230                   15                   0            246                   0                9                   5                 0                14                  7              188                    8                  0             203                       518
     App            %          23.6              61.8               14.5                1.8                                 0.4            93.5                 6.1               0.0                                 0.0            64.3                35.7                0.0                                  3.4             92.6                  3.9                0.0
   Total              %          2.5               6.6                1.5               0.2             10.6                0.2            44.4                 2.9               0.0             47.5                0.0              1.7                 1.0               0.0               2.7                1.4             36.3                  1.5                0.0              39.2
    INT            ID                                             ROAD 1                                                                                    ROAD 2                                                      ROAD 3                                     ROAD 4                                          COMMUNITY                                                             TMC DATE
          86                                  14TH STREET                                              NW                                      G STREET                                  NW                                                                                                                                                -                                              4/15/2015
