                                                                               Turning                                      Movement                                                     Count                                Report                                   -      Cars                         &           Trucks
 INT            ID                                                                 ROAD 1                                                                                                               ROAD 2                                                      ROAD 3                            ROAD 4                             COMMUNITY                                               TMC DATE
       87                      MARTIN LUTHER KING AVENUE SE                                                                                                                      STANTON ROAD SE                                                                                                                                                                 -                                  4/8/2015
                              CARS
                              NB                                                                                       EB                                                                                            SB                                                                                         WB
        Start                  Left           Thru              Right                Ped                NB               Left           Thru              Right                  Ped                  EB               Left           Thru               Right               Ped                 SB               Left              Thru              Right                Ped                 WB                Interval
      Time                                                                                          Total                                                                                          Total                                                                                      Total                                                                                         Total                    Total
 7:00             AM             14             210                     7                 1            231                   0               1                   1                 34                    2               11               85                 15                 40              111                 14                 12                  18                19                 44                     388
 7:15             AM             27             129                     6              13              162                   0               0                   0                 47                    0                 9              50                 18                 62                77                21                 20                    8               13                 49                     288
 7:30             AM             19             233                  12                   8            264                   0               0                   1                 23                    1               11               77                 10                 30                98                26                   6                 20                12                 52                     415
 7:45             AM             14             204                  11                   0            229                   0               0                   0                 17                    0               13               61                   8                20                82                13                   0                 15                21                 28                     339
 8:00             AM                7           207                     4                 1            218                   0               0                   1                 12                    1                 7              69                   5                11                81                10                   4                 10                  9                24                     324
 8:15             AM             13             166                     4                 0            183                   0               2                   0                   2                   2                 9              73                  11                  6               93                 11                  4                 10                  9                25                     303
 8:30             AM             15             125                     7                 0            147                   0               0                   0                   7                   0               14               50                   9                  4               73                   9                 5                   9                 3                23                     243
 8:45             AM             10               94                    2                 1            106                   0               0                   0                   5                   0                 7              50                   5                  2               62                14                   0                 15                10                 29                     197
 9:00             AM                6             86                    7                 1              99                  0               0                   0                   2                   0                 7              55                   6                  8               68                   6                 2                 10                  6                18                     185
 9:15             AM                5             68                    6                 3              79                  0               1                   2                   5                   3                 9              76                   7                  3               92                   8                 3                 14                  4                25                     199
 4:00             PM                6             83                    6                 7              95                  0               0                   2                 12                    2               18             110                  12                 18              140                 31                 32                  10                  9                73                     310
 4:15             PM                7            119                 16                13              142                   3               0                   0                 10                    3               18             113                    7                16              138                  11                10                  16                18                 37                     320
 4:30             PM             12               92                 15                   3            119                   1               0                   0                   4                   1               22               99                   5                  0             126                 27                 13                  22                18                 62                     308
 4:45             PM             10               91                 14                   2            115                   0               0                   0                   0                   0               54            179                    11                  6             244                 16                   5                 22                  7                43                     402
 5:00             PM                9            113                 10                   9            132                   0               0                   1                   3                   1               41            128                   20                   8             189                 24                   9                 20                13                 53                     375
 5:15             PM                8            110                    7                 9            125                   1               0                   0                   2                   1               36            104                   16                   1             156                 18                   9                 18                14                 45                     327
 5:30             PM                8             76                    9              20                93                  0               0                   0                   0                   0               14               86                   8                  4             108                 21                   9                 17                17                 47                     248
 5:45             PM              11              75                 14                   8            100                   1               0                   0                   5                   1               21               81                  11                  2             113                 13                   7                 14                  5                34                     248
 6:00             PM                8             81                 19                   2            108                   2               0                   1                   2                   3               14               98                 13                   6             125                 12                 11                  15                  6                38                     274
 6:15             PM                3             68                    6                 3              77                  0               0                   0                   2                   0               12               66                   5                  0               83                   8                 4                 13                10                 25                     185
       Total                   212            2430                 182               104            2824                     8               4                   9               194                   21              347           1710                  202                247            2259                 313                165                296                223                774                    5878
    App             %            7.5           86.0                 6.4               3.7                              38.1             19.0               42.9               923.8                                  15.4              75.7                 8.9             10.9                                  40.4              21.3                38.2              28.8
   Total              %          3.6           41.3                 3.1               1.8             48.0               0.1               0.1               0.2                  3.3                 0.4               5.9            29.1                 3.4               4.2             38.4                  5.3               2.8                 5.0                3.8            13.2
 INT            ID                                                                 ROAD 1                                                                                                               ROAD 2                                                      ROAD 3                            ROAD 4                             COMMUNITY                                               TMC DATE
       87                      MARTIN LUTHER KING AVENUE SE                                                                                                                      STANTON ROAD SE                                                                                                                                                                 -                                  4/8/2015
                               TRUCKS
                               NB                                                                                        EB                                                                                         SB                                                                                         WB
        Start                   Left           Thru               Right               Ped                 NB               Left           Thru               Right               Ped                 EB              Left            Thru              Right                Ped                 SB               Left             Thru               Right                Ped                WB                 Interval
       Time                                                                                            Total                                                                                     Total                                                                                       Total                                                                                        Total                     Total
 7:00             AM                0                0                  0                  0                 0                 0                0                  0                  0                 0                0              10                    0                 0                10                  0                  0                  0                  0                  0                       10
 7:15             AM                0              11                   1                  0               12                  0                0                  0                  0                 0                0                6                   0                 0                  6                 0                  0                  0                  0                  0                       18
 7:30             AM                0              11                   0                  0               11                  2                0                  0                  0                 2                0                9                   0                 0                  9                 0                  0                  1                  0                  1                       23
 7:45             AM                0                8                  0                  0                 8                 0                0                  1                  0                 1                1                8                   0                 0                  9                 0                  0                  0                  0                  0                       18
 8:00             AM                0              14                   0                  0               14                  0                0                  0                  0                 0                0                6                   0                 0                  6                 0                  0                  0                  0                  0                       20
 8:15             AM                0              11                   0                  0               11                  2                0                  0                  0                 2                0              11                    1                 0                12                  0                  0                  0                  0                  0                       25
 8:30             AM                0              10                   0                  0               10                  0                0                  0                  0                 0                0                4                   0                 0                  4                 0                  0                  0                  0                  0                       14
 8:45             AM                0                9                  0                  0                 9                 0                0                  0                  0                 0                1                5                   0                 0                  6                 0                  0                  0                  0                  0                       15
 9:00             AM                1                6                  0                  0                 7                 1                0                  1                  0                 2                1                6                   0                 0                  7                 0                  0                  0                  0                  0                       16
 9:15             AM                0                8                  0                  0                 8                 0                0                  0                  0                 0                0                6                   2                 0                  8                 0                  0                  0                  0                  0                       16
 4:00             PM                1                6                  0                  0                 7                 1                0                  0                  0                 1                0              10                    0                 0                10                  0                  0                  0                  0                  0                       18
 4:15             PM                0                5                  1                  0                 6                 0                0                  3                  0                 3                0              10                    0                 0                10                  0                  0                  0                  0                  0                       19
 4:30             PM                0                7                  0                  0                 7                 0                0                  0                  0                 0                0              10                    0                 0                10                  0                  0                  0                  0                  0                       17
 4:45             PM                1                1                  0                  0                 2                 1                0                  0                  0                 1                0              12                    0                 0                12                  0                  0                  0                  0                  0                       15
 5:00             PM                1              12                   0                  0               13                  0                0                  0                  0                 0                0                8                   0                 0                  8                 0                  0                  0                  0                  0                       21
 5:15             PM                0                7                  0                  0                 7                 0                0                  0                  0                 0                0              15                    0                 0                15                  0                  0                  0                  0                  0                       22
 5:30             PM                0                6                  0                  0                 6                 0                0                  2                  0                 2                0                3                   0                 0                  3                 0                  0                  0                  0                  0                       11
 5:45             PM                0                3                  0                  0                 3                 0                0                  0                  0                 0                0                4                   0                 0                  4                 0                  0                  0                  0                  0                         7
 6:00             PM                0                6                  0                  0                 6                 0                0                  0                  0                 0                0              12                    0                 0                12                  0                  0                  0                  0                  0                       18
 6:15             PM                0                6                  0                  0                 6                 0                0                  0                  0                 0                0                6                   0                 0                  6                 0                  0                  0                  0                  0                       12
       Total                        4            147                    2                  0             153                   7                0                  7                  0               14                 3            161                     3                 0              167                   0                  0                  1                  0                  1                    335
     App            %            2.6            96.1                 1.3               0.0                               50.0                0.0              50.0                0.0                                 1.8            96.4                  1.8               0.0                                  0.0               0.0             100.0                  0.0
   Total              %          1.2            43.9                 0.6               0.0             45.7                2.1               0.0                2.1               0.0               4.2               0.9            48.1                  0.9               0.0             49.9                 0.0               0.0                 0.3                0.0                0.3
 INT            ID                                                                 ROAD 1                                                                                                               ROAD 2                                                      ROAD 3                            ROAD 4                             COMMUNITY                                               TMC DATE
       87                      MARTIN LUTHER KING AVENUE SE                                                                                                                      STANTON ROAD SE                                                                                                                                                                 -                                  4/8/2015
