                                                                               Turning                                      Movement                                                     Count                                Report                                   -      Cars                         &           Trucks
   INT            ID                                                       ROAD 1                                                                                            ROAD 2                                                  ROAD 3                                  ROAD 4                                      COMMUNITY                                                          TMC DATE
         91                                 BRENTWOOD ROAD NE                                                                                                    W          STREET                            NE                                                                                                                                 -                                             4/8/2015
                              CARS
                              NB                                                                                         EB                                                                                         SB                                                                                         WB
        Start                   Left           Thru               Right               Ped                 NB               Left           Thru               Right               Ped                 EB              Left            Thru              Right                Ped                 SB               Left              Thru              Right                Ped                WB                 Interval
      Time                                                                                             Total                                                                                     Total                                                                                       Total                                                                                         Total                    Total
 7:00             AM              24               72                   9                  0             105                   1                0                10                   0               11                 1            123                     6                 1              130                    5                 0                   0                 0                  5                     251
 7:15             AM              48             147                    6                  1             201                   9                0                29                   0               38                 0            156                   13                  0              169                    0                 0                   0                 0                  0                     408
 7:30             AM              35             160                    6                  1             201                   5                1                36                   0               42                 0            194                   20                  0              214                    1                 0                   2                 0                  3                     460
 7:45             AM              62             161                    4                  4             227                   6                0                32                   0               38                 6            232                   22                  1              260                    0                 0                   2                 0                  2                     527
 8:00             AM              68             151                    6                  2             225                   6                1                40                   0               47                 3            237                   14                  2              254                    2                 0                   1                 1                  3                     529
 8:15             AM              51             164                    2                  6             217                   6                1                40                   0               47                 4            223                     7                 0              234                    4                 4                   3                 0                11                      509
 8:30             AM              49             147                    2                  0             198                 10                 3                50                   0               63                 7            211                   10                  0              228                    5                 0                   1                 0                  6                     495
 8:45             AM              42             188                  12                   2             242                   5                1                40                   0               46                 8            213                   10                  0              231                    2                 0                   4                 1                  6                     525
 9:00             AM              48             166                  15                   6             229                 16                 1                34                   2               51                 5            172                   16                  1              193                    4                 0                   3                 0                  7                     480
 9:15             AM              45             113                    8                  1             166                 11                 1                31                   1               43                 7            165                   17                  0              189                    3                 0                   2                 3                  5                     403
 4:00             PM              50             197                    2                  1             249                 11                 1                61                   1               73                 6            168                   19                  1              193                    4                 0                   6                 0                10                      525
 4:15             PM              53             191                    3                  4             247                 27                 1                54                   1               82                 0            157                   16                  0              173                    6                 0                   4                 2                10                      512
 4:30             PM              66             200                    1                  3             267                 18                 1                77                   6               96                 1            177                   12                  3              190                    6                 0                   2                 0                  8                     561
 4:45             PM              32             163                    5                  0             200                 16                 1                41                   1               58                 1            179                   26                  0              206                    2                 0                   6                 1                  8                     472
 5:00             PM              60             236                    2                  2             298                 19                 2                59                   0               80                 5            178                   21                  0              204                    6                 0                 10                  2                16                      598
 5:15             PM              70             246                    4                  3             320                 27                 1                52                   1               80                 4            181                   24                  1              209                    5                 0                   8                 1                13                      622
 5:30             PM              51             240                    1                  2             292                 14                 1                54                   1               69                 3            167                   17                  0              187                 10                   0                   7                 1                17                      565
 5:45             PM              51             215                    4                  1             270                 24                 1                59                   0               84                 1            157                   23                  0              181                    5                 0                 13                  1                18                      553
 6:00             PM              40             144                    1                  2             185                 16                 0                42                   0               58                 4            137                     9                 0              150                    6                 0                   7                 2                13                      406
 6:15             PM              47             181                    0                  3             228                 28                 1                42                   0               71                 0            123                   22                  0              145                 10                   0                   1                 1                11                      455
       Total                    992           3482                    93                 44            4567                275               19                883                  14           1177                  66           3550                 324                  10            3940                   86                   4                 82                16               172                    9856
    App             %          21.7             76.2                 2.0               1.0                               23.4                1.6              75.0                1.2                                 1.7            90.1                  8.2               0.3                                 50.0                2.3               47.7                9.3
   Total              %        10.1             35.3                 0.9               0.4             46.3                2.8               0.2                9.0               0.1              11.9               0.7            36.0                  3.3               0.1             40.0                  0.9               0.0                 0.8               0.2                1.7
   INT            ID                                                       ROAD 1                                                                                            ROAD 2                                                  ROAD 3                                  ROAD 4                                      COMMUNITY                                                          TMC DATE
         91                                 BRENTWOOD ROAD NE                                                                                                    W          STREET                            NE                                                                                                                                 -                                             4/8/2015
                               TRUCKS
                               NB                                                                                        EB                                                                                        SB                                                                                          WB
        Start                   Left           Thru               Right               Ped                 NB              Left           Thru               Right               Ped                 EB               Left            Thru              Right                Ped                 SB                Left             Thru               Right                Ped                WB                 Interval
       Time                                                                                            Total                                                                                     Total                                                                                       Total                                                                                         Total                     Total
 7:00             AM                0              12                   9                  0               21                 0                0                  0                  0                 0                 5              16                    0                 0                21                 10                   0                 11                  0               21                        63
 7:15             AM                0              10                   8                  0               18                 0                0                  0                  0                 0                 5              10                    0                 0                15                   7                  0                10                   0               17                        50
 7:30             AM                0                6                  6                  0               12                 0                0                  0                  0                 0                 4                6                   1                 0                11                   8                  0                  5                  0               13                        36
 7:45             AM                0                4                  9                  0               13                 0                0                  0                  0                 0                 6              14                    0                 0                20                   9                  0                  5                  0               14                        47
 8:00             AM                0                8                  6                  0               14                 0                0                  0                  0                 0                 9              12                    0                 0                21                 15                   0                  9                  0               24                        59
 8:15             AM                0                8                  9                  0               17                 0                0                  0                  0                 0                 2              10                    0                 0                12                   4                  0                  7                  0                11                       40
 8:30             AM                0                8                  4                  0               12                 0                0                  1                  0                 1                 6                9                   0                 0                15                 12                   0                  8                  0               20                        48
 8:45             AM                2                7                  4                  0               13                 0                0                  0                  0                 0                 6                8                   0                 0                14                 10                   0                  2                  0               12                        39
 9:00             AM                0                5                  5                  0               10                 0                0                  0                  0                 0                 6                4                   0                 0                10                   5                  0                  6                  0                11                       31
 9:15             AM                0                7                  9                  0               16                 0                0                  0                  0                 0                 4                5                   0                 0                  9                12                   0                  6                  0               18                        43
 4:00             PM                0                6                  0                  0                 6                0                0                  0                  0                 0                 3                9                   0                 0                12                   3                  0                  5                  0                  8                      26
 4:15             PM                0                6                  1                  0                 7                0                0                  0                  0                 0                 1              16                    0                 0                17                   1                  0                  1                  0                  2                      26
 4:30             PM                0                6                  0                  0                 6                0                0                  0                  0                 0                 5                8                   0                 0                13                   2                  0                  2                  0                  4                      23
 4:45             PM                4                1                  2                  0                 7                0                0                  1                  0                 1                 1              13                    0                 0                14                   5                  0                  6                  0                11                       33
 5:00             PM                0                5                  0                  0                 5                0                0                  0                  0                 0                 0                1                   0                 0                  1                  0                  0                  0                  0                  0                         6
 5:15             PM                0                7                  0                  0                 7                0                0                  1                  0                 1                 0                4                   0                 0                  4                  0                  0                  1                  0                  1                      13
 5:30             PM                0                5                  0                  0                 5                0                1                  1                  0                 2                 0                5                   0                 0                  5                  1                  0                  1                  0                  2                      14
 5:45             PM                0                8                  0                  0                 8                0                0                  0                  0                 0                 0                5                   0                 0                  5                  1                  0                  0                  0                  1                      14
 6:00             PM                0                1                  1                  0                 2                0                0                  0                  0                 0                 1                2                   0                 0                  3                  0                  0                  0                  0                  0                         5
 6:15             PM                0                4                  0                  0                 4                0                0                  1                  0                 1                 0                5                   0                 0                  5                  0                  0                  0                  0                  0                      10
       Total                        6            124                  73                   0             203                  0                1                  5                  0                 6               64             162                     1                 0              227                105                    0                85                   0             190                       626
     App            %            3.0            61.1               36.0                0.0                                 0.0            16.7               83.3                0.0                               28.2              71.4                  0.4               0.0                                 55.3                0.0               44.7                 0.0
   Total              %          1.0            19.8               11.7                0.0             32.4                0.0              0.2                0.8               0.0               1.0             10.2              25.9                  0.2               0.0             36.3                16.8                0.0               13.6                 0.0              30.4
   INT            ID                                                       ROAD 1                                                                                            ROAD 2                                                  ROAD 3                                  ROAD 4                                      COMMUNITY                                                          TMC DATE
         91                                 BRENTWOOD ROAD NE                                                                                                    W          STREET                            NE                                                                                                                                 -                                             4/8/2015
