                                                                               Turning                                      Movement                                                     Count                                Report                                   -      Cars                         &           Trucks
  INT            ID                              ROAD 1                                                                                                      ROAD 2                                                                                     ROAD 3                               ROAD 4                                COMMUNITY                                                   TMC DATE
        94                       9TH STREET                                          SE                         NORTH CAROLINA AVENUE SE                                                                                                                                                                                                                   -                                      5/5/2015
                              CARS
                              NB                                                                                           EB                                                                                         SB                                                                                        WB
        Start                  Left           Thru              Right                  Ped                  NB               Left           Thru               Right               Ped                 EB              Left           Thru               Right               Ped                 SB               Left             Thru               Right                Ped                WB                Interval
      Time                                                                                               Total                                                                                      Total                                                                                     Total                                                                                        Total                     Total
 7:00             AM                0               8                   0                 19                   8                 4              20                   1                  9               25                 0                6                  4                12                10                  3                86                   0                  2                89                     132
 7:15             AM                0              11                   0                 17                  11                 4              14                   0                  3               18                 0                8                  7                  4               15                  2                87                   0                  1                89                     133
 7:30             AM                2              11                   1                 28                 14                  3              14                   1                14                18                 0              11                   9                14                20                  3                83                   0                  7                86                     138
 7:45             AM                1             14                    0                 24                 15                  5              19                   0                15                24                 0              12                   5                16                17                  1                90                   0                  9                91                     147
 8:00             AM                0             18                    1                 37                 19                  5              10                   0                17                15                 0              19                 19                 14                38                  5              103                    2                  3             110                       182
 8:15             AM                0             31                    0                 62                 31                  8              23                   0                  7               31                 1                7                  8                11                16                  1                91                   0                10                 92                     170
 8:30             AM                0             23                    0                 51                 23                  8              10                   1                18                19                 0              14                   7                  8               21                  4                89                   0                  8                93                     156
 8:45             AM                0             19                    0                 36                 19                  3              14                   1                23                18                 2              13                 13                 10                28                  4                84                   0                  2                88                     153
 4:00             PM                0               8                   0                 18                   8                 9              31                   1                  5               41                 3              21                   4                  9               28                  0                15                   0                  3                15                       92
 4:15             PM                0              11                   1                 33                 12                  4              39                   1                  8               44                 1              11                   8                  5               20                  1                23                   0                  0                24                     100
 4:30             PM                0               7                   2                 14                   9                 4              43                   0                  8               47                 0              15                   5                  6               20                  1                30                   0                  4                31                     107
 4:45             PM                0             15                    2                 25                 17                  5              40                   0                  1               45                 2              33                   8                  7               43                  5                32                   0                  3                37                     142
 5:00             PM                0             12                    0                 31                 12                  5              46                   0                10                51                 3              30                 14                 16                47                  2                29                   2                19                 33                     143
 5:15             PM                2             12                    3                 34                 17                  8              55                   0                11                63                 2              29                   4                16                35                  0                40                   0                13                 40                     155
 5:30             PM                3             10                    3                 30                 16                  6              56                   1                10                63                 3              30                   5                23                38                  3                36                   0                  7                39                     156
 5:45             PM                0             26                    2                 32                 28                10               58                   0                  6               68                 2              34                   5                  9               41                  4                37                   0                  7                41                     178
       Total                        8           236                  15                491                 259                 91            492                     7              165               590                19            293                 125                180               437                 39               955                    4                98              998                     2284
    App             %            3.1           91.1                 5.8             189.6                                  15.4              83.4                 1.2             28.0                                  4.3            67.0               28.6              41.2                                   3.9             95.7                  0.4                9.8
   Total              %          0.4           10.3                 0.7               21.5                11.3                4.0            21.5                 0.3               7.2             25.8                0.8            12.8                 5.5               7.9             19.1                 1.7             41.8                  0.2                4.3             43.7
  INT            ID                              ROAD 1                                                                                                      ROAD 2                                                                                     ROAD 3                               ROAD 4                                COMMUNITY                                                   TMC DATE
        94                       9TH STREET                                          SE                         NORTH CAROLINA AVENUE SE                                                                                                                                                                                                                   -                                      5/5/2015
                              TRUCKS
                              NB                                                                                        EB                                                                                         SB                                                                                         WB
        Start                   Left           Thru              Right               Ped                 NB              Left            Thru               Right               Ped                 EB               Left           Thru               Right               Ped                 SB               Left              Thru                Right                Ped                WB                Interval
      Time                                                                                           Total                                                                                       Total                                                                                     Total                                                                                            Total                    Total
 7:00             AM                0                0                  0                 0                 0                0                 0                   0                 0                 0                 0                0                  0                  0                 0                 0                   3                    0                 0                  3                        3
 7:15             AM                0                0                  0                 0                 0                0                 4                   0                 0                 4                 0                0                  0                  0                 0                 0                   1                    0                 0                  1                        5
 7:30             AM                0                1                  1                 0                 2                0                 0                   0                 0                 0                 0                0                  0                  0                 0                 0                   3                    0                 0                  3                        5
 7:45             AM                0                0                  0                 0                 0                0                 3                   0                 0                 3                 1                0                  0                  0                 1                 0                   2                    0                 0                  2                        6
 8:00             AM                0                0                  0                 0                 0                0                 1                   0                 0                 1                 0                1                  0                  0                 1                 0                   1                    0                 0                  1                        3
 8:15             AM                0                1                  0                 0                 1                0                 2                   0                 0                 2                 0                0                  0                  0                 0                 0                   3                    0                 0                  3                        6
 8:30             AM                1                1                  0                 0                 2                0                 3                   0                 0                 3                 0                0                  0                  0                 0                 0                   2                    0                 0                  2                        7
 8:45             AM                0                0                  0                 0                 0                0                 2                   0                 0                 2                 0                0                  0                  0                 0                 0                   1                    0                 0                  1                        3
 4:00             PM                0                0                  0                 0                 0                0                 0                   0                 0                 0                 0                0                  1                  0                 1                 0                   3                    0                 0                  3                        4
 4:15             PM                0                0                  0                 0                 0                0                 0                   0                 0                 0                 0                0                  0                  0                 0                 0                   3                    0                 0                  3                        3
 4:30             PM                0                0                  0                 0                 0                0                 1                   0                 0                 1                 0                0                  0                  0                 0                 0                   4                    0                 0                  4                        5
 4:45             PM                0                0                  0                 0                 0                0                 0                   0                 0                 0                 0                0                  0                  0                 0                 0                   2                    0                 0                  2                        2
 5:00             PM                0                0                  0                 0                 0                0                 0                   0                 0                 0                 0                0                  1                  0                 1                 0                   1                    0                 0                  1                        2
 5:15             PM                0                0                  0                 0                 0                0                 1                   0                 0                 1                 0                0                  0                  0                 0                 0                   1                    0                 0                  1                        2
 5:30             PM                0                0                  0                 0                 0                0                 0                   0                 0                 0                 0                0                  0                  0                 0                 0                   0                    0                 0                  0                        0
 5:45             PM                0                0                  0                 0                 0                0                 2                   0                 0                 2                 0                0                  0                  0                 0                 0                   1                    0                 0                  1                        3
       Total                        1                3                  1                 0                 5                0               19                    0                 0               19                  1                1                  2                  0                 4                 0                31                      0                 0                31                       59
    App             %          20.0             60.0               20.0                0.0                                0.0          100.0                   0.0               0.0                               25.0              25.0               50.0                0.0                                  0.0            100.0                     0.0               0.0
   Total              %          1.7              5.1                1.7               0.0               8.5              0.0            32.2                  0.0               0.0             32.2                1.7               1.7                3.4               0.0               6.8                0.0               52.5                   0.0               0.0             52.5
  INT            ID                              ROAD 1                                                                                                      ROAD 2                                                                                     ROAD 3                               ROAD 4                                COMMUNITY                                                   TMC DATE
        94                       9TH STREET                                          SE                         NORTH CAROLINA AVENUE SE                                                                                                                                                                                                                   -                                      5/5/2015
