                                                                               Turning                                      Movement                                                     Count                                Report                                   -      Cars                         &           Trucks
  INT            ID                                      ROAD 1                                                                                                 ROAD 2                                                                      ROAD 3                                ROAD 4                                  COMMUNITY                                                         TMC DATE
        97                           FIRST                    STREET                            NW                                RANDOLPH PLACE NW                                                                                                                                                                                                -                                      12/15/2015
                                   CARS
                                   NB                                                                                      EB                                                                                        SB                                                                                      WB
          Start                     Left           Thru              Right               Ped                NB               Left           Thru              Right               Ped                 EB              Left           Thru              Right               Ped                SB                Left            Thru               Right                  Ped                  WB                Interval
        Time                                                                                             Total                                                                                    Total                                                                                    Total                                                                                             Total                   Total
   7:00             AM                  0             36                    1                 2              37                  2                1                  0                 7                3                 0             13                    2                 1              15                   0                 0                  3                    5                    3                     58
   7:15             AM                  0             36                    0                 3              36                13                 3                  0               10               16                  1              11                   1                 1              13                   1                 3                  1                    4                    5                     70
   7:30             AM                  0             24                    0                 5              24                  4                4                  1                 5                9                 1             15                    4                 3              20                   1                 2                  2                  23                     5                     58
   7:45             AM                  1             53                    4                 9              58                13                 6                  3               10               22                  3             27                    4                 6              34                   0                 2                  3                   11                    5                    119
   8:00             AM                  0             31                    1                 3              32                12                 2                  0               19               14                  2             18                    0               10               20                   1                 2                  1                    9                    4                     70
   8:15             AM                  2             49                    3                 4              54                14                 3                  2               10               19                  1             29                    7                 6              37                   2                 2                  2                    9                    6                    116
   8:30             AM                  0             58                    1                 3              59                12                 1                  1               14               14                  1             33                    2                 2              36                   0                 2                  0                  12                     2                    111
   8:45             AM                  1             33                    1                 3              35                  8                8                  1                 8              17                  5             20                    1                 4              26                   1                 3                  6                    8                  10                      88
   9:00             AM                  0             37                    3                 1              40                  8                4                  0                 5              12                  2             19                    3                 2              24                   0                 3                  0                    8                    3                     79
   9:15             AM                  1             48                    0                 1              49                  7                2                  0                 4                9                 1             18                    0                 3              19                   0                 1                  2                    7                    3                     80
   9:30             AM                  0             33                    0                 1              33                11                 3                  3                 3              17                  1             19                    1                 1              21                   0                 1                  4                    5                    5                     76
   9:45             AM                  1             28                    1                 0              30                  8                1                  1                 2              10                  1             16                    1                 2              18                   2                 2                  3                    4                    7                     65
 11:00               AM                 0               0                   0                 0                0                 0                0                  0                 0                0                 0               0                   0                 0                0                  0                 0                  0                    0                    0                       0
 11:15               AM                 0               0                   0                 0                0                 0                0                  0                 0                0                 0               0                   0                 0                0                  0                 0                  0                    0                    0                       0
 11:30               AM                 0               0                   0                 0                0                 0                0                  0                 0                0                 0               0                   0                 0                0                  0                 0                  0                    0                    0                       0
 11:45               AM                 0               0                   0                 0                0                 0                0                  0                 0                0                 0               0                   0                 0                0                  0                 0                  0                    0                    0                       0
 12:00                 PM               0               0                   0                 0                0                 0                0                  0                 0                0                 0               0                   0                 0                0                  0                 0                  0                    0                    0                       0
 12:15                 PM               0               0                   0                 0                0                 0                0                  0                 0                0                 0               0                   0                 0                0                  0                 0                  0                    0                    0                       0
 12:30                 PM               0               0                   0                 0                0                 0                0                  0                 0                0                 0               0                   0                 0                0                  0                 0                  0                    0                    0                       0
 12:45                 PM               0               0                   0                 0                0                 0                0                  0                 0                0                 0               0                   0                 0                0                  0                 0                  0                    0                    0                       0
   4:00              PM                 2             49                    2                 0              53                14                 1                  2                 4              17                  1             19                    4                 2              24                   0                 1                  2                    7                    3                     97
   4:15              PM                 1             43                    2                 0              46                11                 4                  0                 6              15                  3             42                    5                 0              50                   1                 2                  4                    9                    7                    118
   4:30              PM                 3             24                    1                 1              28                  8                2                  0                 2              10                  2             13                    2                 1              17                   2                 3                  2                   11                    7                     62
   4:45              PM                 2             40                    1                 3              43                12                 4                  2                 8              18                  5             21                    6                 3              32                   0                 1                  1                    8                    2                     95
   5:00              PM                 1             32                    0                 3              33                15                 5                  0               10               20                  3             37                    9                 0              49                   1                 1                  2                   11                    4                   106
   5:15              PM                 1             34                    2                 2              37                16                 2                  3                 9              21                  3             37                    5                 3              45                   0                 2                  2                    9                    4                   107
   5:30              PM                 0             28                    2                 2              30                12                 4                  3                 8              19                  2             35                    7                 0              44                   1                 6                  4                    9                  11                    104
   5:45              PM                 0             21                    0                 5              21                10                 2                  0                 7              12                  1             40                  10                  2              51                   1                 0                  0                    8                    1                     85
   6:00              PM                 1             30                    1                 2              32                  7                2                  0               10                 9                 6             30                    7                 2              43                   0                 3                  1                    8                    4                     88
   6:15              PM                 2             27                    0                 2              29                  4                5                  2                 8               11                 4             31                    3                 3              38                   1                 3                  1                  22                     5                     83
   6:30              PM                 3             25                    2                 1              30                11                 3                  1                 6              15                  1             38                    3                 2              42                   0                 4                  3                    7                    7                     94
   6:45              PM                 1             21                    1                 1              23                  5                4                  1                 5              10                  2             28                    3                 2              33                   0                 6                  0                    2                    6                     72
         Total                        23            840                   29                57             892               237                76                 26              180              339                 52            609                   90                61             751                  15                55                 49                 216                  119                   2101
      App             %              2.6           94.2                 3.3               6.4                              69.9              22.4                 7.7            53.1                                  6.9           81.1               12.0                8.1                               12.6              46.2                41.2               181.5
     Total              %            1.1           40.0                 1.4               2.7             42.5              11.3               3.6                1.2               8.6            16.1                2.5           29.0                 4.3               2.9             35.7                0.7               2.6                 2.3                10.3                  5.7
  INT            ID                                      ROAD 1                                                                                                 ROAD 2                                                                      ROAD 3                                ROAD 4                                  COMMUNITY                                                         TMC DATE
        97                           FIRST                    STREET                            NW                                RANDOLPH PLACE NW                                                                                                                                                                                                -                                      12/15/2015
                        TRUCKS
                        NB                                                                                       EB                                                                                               SB                                                                                        WB
    Start                Left          Thru             Right                 Ped                  NB             Left           Thru             Right                    Ped                     EB              Left           Thru             Right                 Ped                 SB              Left            Thru             Right                      Ped                       WB              Interval
   Time                                                                                        Total                                                                                            Total                                                                                     Total                                                                                                 Total                 Total
    7:00                     0               1                 0                  2                   1               0                0                 0                      7                     0                0               0                 0                   1                  0                0                 0                 0                        5                       0                      1
      AM
    7:15                     0               2                 0                  3                   2               0                0                 0                    10                      0                0               2                 0                   1                  2                0                 0                 0                        4                       0                      4
      AM
    7:30                     0               1                 0                  5                   1               0                0                 0                      5                     0                0               0                 0                   3                  0                0                 0                 0                      23                        0                      1
      AM
    7:45                     0               0                 0                  9                   0               0                0                 0                    10                      0                0               1                 0                   6                  1                0                 0                 0                      11                        0                      1
      AM
    8:00                     0               0                 0                  3                   0               0                1                 0                    19                      1                0               0                 0                 10                   0                0                 0                 0                        9                       0                      1
      AM
    8:15                     0               1                 0                  4                   1               0                0                 0                    10                      0                0               1                 0                   6                  1                0                 0                 0                        9                       0                      2
      AM
    8:30                     0               0                 0                  3                   0               1                0                 0                    14                      1                0               0                 0                   2                  0                0                 0                 0                      12                        0                      1
      AM
    8:45                     0               0                 0                  3                   0               0                0                 0                      8                     0                0               2                 0                   4                  2                0                 0                 1                        8                       1                      3
      AM
    9:00                     0               1                 0                  1                   1               0                0                 0                      5                     0                1               0                 1                   2                  2                0                 0                 1                        8                       1                      4
      AM
    9:15                     0               2                 0                  1                   2               0                0                 0                      4                     0                0               0                 0                   3                  0                0                 0                 0                        7                       0                      2
      AM
    9:30                     0               2                 0                  1                   2               0                0                 0                      3                     0                0               0                 0                   1                  0                0                 0                 0                        5                       0                      2
      AM
    9:45                     0               1                 0                  0                   1               0                0                 0                      2                     0                0               1                 0                   2                  1                0                 0                 0                        4                       0                      2
      AM
  11:00                      0               0                 0                  0                   0               0                0                 0                      0                     0                0               0                 0                   0                  0                0                 0                 0                        0                       0                      0
      AM
  11:15                      0               0                 0                  0                   0               0                0                 0                      0                     0                0               0                 0                   0                  0                0                 0                 0                        0                       0                      0
      AM
  11:30                      0               0                 0                  0                   0               0                0                 0                      0                     0                0               0                 0                   0                  0                0                 0                 0                        0                       0                      0
      AM
  11:45                      0               0                 0                  0                   0               0                0                 0                      0                     0                0               0                 0                   0                  0                0                 0                 0                        0                       0                      0
      AM
  12:00                      0               0                 0                  0                   0               0                0                 0                      0                     0                0               0                 0                   0                  0                0                 0                 0                        0                       0                      0
      PM
  12:15                      0               0                 0                  0                   0               0                0                 0                      0                     0                0               0                 0                   0                  0                0                 0                 0                        0                       0                      0
      PM
  12:30                      0               0                 0                  0                   0               0                0                 0                      0                     0                0               0                 0                   0                  0                0                 0                 0                        0                       0                      0
      PM
  12:45                      0               0                 0                  0                   0               0                0                 0                      0                     0                0               0                 0                   0                  0                0                 0                 0                        0                       0                      0
      PM
    4:00                     0               1                 0                  0                   1               0                0                 0                      4                     0                0               0                 0                   2                  0                0                 0                 0                        7                       0                      1
      PM
    4:15                     0               1                 0                  0                   1               0                0                 0                      6                     0                0               0                 0                   0                  0                0                 0                 0                        9                       0                      1
      PM
    4:30                     0               3                 0                  1                   3               0                1                 0                      2                     1                0               0                 0                   1                  0                0                 0                 0                      11                        0                      4
      PM
    4:45                     1               1                 0                  3                   2               0                0                 0                      8                     0                0               0                 0                   3                  0                0                 0                 0                        8                       0                      2
      PM
    5:00                     0               0                 0                  3                   0               1                0                 0                    10                      1                1               0                 0                   0                  1                0                 0                 0                      11                        0                      2
      PM
    5:15                     0               0                 0                  2                   0               0                0                 0                      9                     0                0               0                 0                   3                  0                0                 0                 0                        9                       0                      0
      PM
    5:30                     0               0                 0                  2                   0               0                0                 0                      8                     0                0               0                 0                   0                  0                0                 0                 0                        9                       0                      0
      PM
    5:45                     0               1                 0                  5                   1               0                0                 0                      7                     0                0               0                 0                   2                  0                0                 0                 0                        8                       0                      1
      PM
    6:00                     0               0                 0                  2                   0               0                0                 0                    10                      0                0               0                 0                   2                  0                0                 0                 0                        8                       0                      0
      PM
    6:15                     0               0                 0                  2                   0               0                0                 0                      8                     0                0               0                 0                   3                  0                0                 0                 0                      22                        0                      0
      PM
    6:30                     0               1                 0                  1                   1               0                0                 0                      6                     0                0               0                 1                   2                  1                0                 0                 0                        7                       0                      2
      PM
    6:45                     0               0                 0                  1                   0               0                0                 0                      5                     0                0               0                 0                   2                  0                0                 0                 0                        2                       0                     0
      PM
   Total                     1             19                  0                57                  20                2                2                 0                  180                       4                2               7                 2                 61                 11                 0                 0                 2                   216                          2                   37
 App             %       5.0           95.0                 0.0            285.0                                 50.050.0                             0.0            4,500.0                                      18.263.6                          18.2              554.5                                    0.0             0.0           100.010,800.0
   Total                 2.7           51.4                 0.0            154.1                54.1               5.4             5.4                0.0               486.5                   10.8                5.4           18.9                5.4             164.9               29.7                 0.0             0.0                5.4                 583.8                        5.4
         %
  INT            ID                                      ROAD 1                                                                                                 ROAD 2                                                                      ROAD 3                                ROAD 4                                  COMMUNITY                                                         TMC DATE
        97                           FIRST                    STREET                            NW                                RANDOLPH PLACE NW                                                                                                                                                                                                -                                      12/15/2015
